index	displacement
1	0.627
2	0.681
3	0.475
4	0.324
5	0.162
6	0.077
7	0.044
8	0.011
9	0.006
10	0.022
11	0.052
12	0.073
13	0.181
14	0.199
15	0.15
16	0.237
17	0.186
18	0.239
19	0.115
20	0.088
21	0.081
22	0.018
23	0.016
24	0.013
25	0.03
26	0.139
27	0.233
28	0.139
29	0.18
30	0.122
31	0.167
32	0.076
33	0.083
34	0.048
35	0.047
36	0.161
37	0.204
38	0.243
39	0.19
40	0.257
41	0.188
42	0.309
43	0.402
44	0.336
45	0.491
46	0.427
47	0.713
48	0.683
49	0.671
50	0.575
51	0.368
52	0.461
53	0.485
54	0.418
55	0.391
56	0.302
57	0.316
58	0.276
59	0.401
60	0.278
61	0.264
62	0.399
63	0.315
64	0.159
65	0.07
66	0.159
67	0.187
68	0.148
69	0.174
70	0.143
71	0.176
72	0.184
73	0.248
74	0.255
75	0.158
76	0.356
77	0.601
78	0.465
79	0.346
80	0.146
81	0.058
82	0.04
83	0.056
84	0.059
85	0.123
86	0.099
87	0.165
88	0.168
89	0.366
90	0.427
91	0.409
92	0.317
93	0.271
94	0.299
95	0.252
96	0.162
97	0.081
98	0.095
99	0.235
100	0.306
101	0.342
102	0.409
103	0.361
104	0.289
105	0.314
106	0.3
107	0.308
108	0.213
109	0.192
110	0.136
111	0.117
112	0.098
113	0.094
114	0.028
115	0.016
116	0.014
117	0.056
118	0.119
119	0.272
120	0.279
121	0.478
122	0.369
123	0.152
124	0.091
125	0.194
126	0.142
127	0.092
128	0.169
129	0.124
130	0.094
131	0.114
132	0.112
133	0.138
134	0.232
135	0.197
136	0.121
137	0.088
138	0.047
139	0.08
140	0.104
141	0.13
142	0.137
143	0.22
144	0.257
145	0.227
146	0.25
147	0.23
148	0.403
149	0.601
150	0.648
151	0.693
152	0.479
153	0.283
154	0.146
155	0.04
156	0.057
157	0.052
158	0.032
159	0.049
160	0.054
161	0.039
162	0.093
163	0.107
164	0.106
165	0.204
166	0.214
167	0.336
168	0.243
169	0.285
170	0.232
171	0.146
172	0.115
173	0.075
174	0.103
175	0.246
176	0.311
177	0.159
178	0.144
179	0.07
180	0.068
181	0.02
182	0.026
183	0.01
184	0.031
185	0.061
186	0.046
187	0.065
188	0.045
189	0.098
190	0.086
191	0.208
192	0.323
193	0.34
194	0.546
195	0.556
196	0.904
197	0.955
198	0.967
199	0.909
200	0.62
201	0.689
202	0.561
203	0.447
204	0.332
205	0.242
206	0.204
207	0.172
208	0.243
209	0.154
210	0.163
211	0.271
212	0.214
213	0.113
214	0.056
215	0.138
216	0.152
217	0.11
218	0.104
219	0.062
220	0.061
221	0.072
222	0.076
223	0.138
224	0.144
225	0.328
226	0.447
227	0.37
228	0.23
229	0.098
230	0.027
231	0.01
232	0.029
233	0.034
234	0.087
235	0.055
236	0.108
237	0.116
238	0.265
239	0.303
240	0.285
241	0.224
242	0.186
243	0.259
244	0.216
245	0.179
246	0.115
247	0.064
248	0.105
249	0.077
250	0.102
251	0.191
252	0.206
253	0.225
254	0.273
255	0.279
256	0.266
257	0.196
258	0.166
259	0.123
260	0.129
261	0.131
262	0.124
263	0.067
264	0.052
265	0.034
266	0.067
267	0.124
268	0.296
269	0.32
270	0.535
271	0.476
272	0.222
273	0.123
274	0.177
275	0.11
276	0.068
277	0.183
278	0.165
279	0.138
280	0.15
281	0.151
282	0.173
283	0.172
284	0.164
285	0.096
286	0.085
287	0.085
288	0.118
289	0.152
290	0.152
291	0.166
292	0.261
293	0.298
294	0.217
295	0.193
296	0.141
297	0.287
298	0.495
299	0.305
300	0.307
301	0.198
302	0.133
303	0.068
304	0.034
305	0.016
306	0.003
307	0.004
308	0.025
309	0.051
310	0.062
311	0.135
312	0.13
313	0.087
314	0.115
315	0.076
316	0.084
317	0.03
318	0.022
319	0.005
320	0.009
321	0.03
322	0.015
323	0.012
324	0.064
325	0.101
326	0.061
327	0.092
328	0.074
329	0.11
330	0.059
331	0.081
332	0.052
333	0.064
334	0.161
335	0.188
336	0.194
337	0.141
338	0.164
339	0.116
340	0.177
341	0.198
342	0.154
343	0.217
344	0.206
345	0.361
346	0.355
347	0.329
348	0.245
349	0.143
350	0.164
351	0.192
352	0.177
353	0.191
354	0.159
355	0.201
356	0.184
357	0.274
358	0.204
359	0.2
360	0.29
361	0.22
362	0.116
363	0.044
364	0.096
365	0.105
366	0.08
367	0.088
368	0.069
369	0.09
370	0.106
371	0.144
372	0.19
373	0.145
374	0.259
375	0.366
376	0.284
377	0.208
378	0.096
379	0.042
380	0.026
381	0.021
382	0.022
383	0.051
384	0.046
385	0.092
386	0.107
387	0.237
388	0.278
389	0.242
390	0.171
391	0.129
392	0.114
393	0.093
394	0.047
395	0.015
396	0.033
397	0.093
398	0.128
399	0.169
400	0.202
401	0.175
402	0.145
403	0.161
404	0.16
405	0.171
406	0.125
407	0.122
408	0.096
409	0.081
410	0.067
411	0.064
412	0.021
413	0.009
414	0.005
415	0.023
416	0.052
417	0.122
418	0.137
419	0.25
420	0.214
421	0.094
422	0.051
423	0.109
424	0.078
425	0.049
426	0.086
427	0.066
428	0.056
429	0.074
430	0.078
431	0.103
432	0.288
433	0.249
434	0.148
435	0.09
436	0.048
437	0.064
438	0.081
439	0.09
440	0.085
441	0.12
442	0.129
443	0.11
444	0.123
445	0.126
446	0.209
447	0.217
448	0.102
449	0.049
450	0.328
451	0.339
452	0.228
453	0.126
454	0.067
455	0.014
456	0.031
457	0.039
458	0.029
459	0.047
460	0.049
461	0.032
462	0.061
463	0.056
464	0.05
465	0.092
466	0.098
467	0.16
468	0.124
469	0.156
470	0.12
471	0.102
472	0.085
473	0.05
474	0.058
475	0.135
476	0.149
477	0.069
478	0.058
479	0.026
480	0.028
481	0.013
482	0.025
483	0.013
484	0.036
485	0.056
486	0.039
487	0.039
488	0.016
489	0.034
490	0.025
491	0.07
492	0.137
493	0.147
494	0.257
495	0.279
496	0.461
497	0.498
498	0.501
499	0.49
500	0.324
501	0.333
502	0.269
503	0.214
504	0.158
505	0.121
506	0.11
507	0.101
508	0.153
509	0.107
510	0.122
511	0.181
512	0.137
513	0.076
514	0.037
515	0.079
516	0.08
517	0.055
518	0.05
519	0.021
520	0.02
521	0.033
522	0.04
523	0.088
524	0.114
525	0.25
526	0.294
527	0.232
528	0.137
529	0.062
530	0.017
531	0.006
532	0.006
533	0.008
534	0.033
535	0.024
536	0.058
537	0.069
538	0.141
539	0.155
540	0.131
541	0.101
542	0.073
543	0.107
544	0.08
545	0.068
546	0.047
547	0.018
548	0.022
549	0.013
550	0.035
551	0.08
552	0.092
553	0.114
554	0.142
555	0.141
556	0.136
557	0.11
558	0.096
559	0.084
560	0.093
561	0.092
562	0.087
563	0.052
564	0.037
565	0.022
566	0.035
567	0.059
568	0.143
569	0.16
570	0.284
571	0.264
572	0.128
573	0.068
574	0.096
575	0.057
576	0.039
577	0.11
578	0.106
579	0.094
580	0.105
581	0.111
582	0.129
583	0.229
584	0.228
585	0.132
586	0.091
587	0.092
588	0.098
589	0.121
590	0.108
591	0.109
592	0.16
593	0.175
594	0.121
595	0.103
596	0.074
597	0.155
598	0.27
