index	displacement
1	0.384
2	0.363
3	0.255
4	0.185
5	0.1
6	0.065
7	0.028
8	0.01
9	0.009
10	0.011
11	0.027
12	0.06
13	0.106
14	0.147
15	0.163
16	0.24
17	0.273
18	0.367
19	0.37
20	0.444
21	0.406
22	0.428
23	0.38
24	0.295
25	0.273
26	0.345
27	0.327
28	0.224
29	0.191
30	0.126
31	0.112
32	0.059
33	0.04
34	0.012
35	0.014
36	0.043
37	0.043
38	0.068
39	0.057
40	0.107
41	0.108
42	0.163
43	0.251
44	0.273
45	0.394
46	0.44
47	0.564
48	0.642
49	0.663
50	0.692
51	0.545
52	0.535
53	0.457
54	0.374
55	0.31
56	0.235
57	0.212
58	0.163
59	0.181
60	0.122
61	0.102
62	0.131
63	0.121
64	0.072
65	0.067
66	0.051
67	0.046
68	0.046
69	0.057
70	0.079
71	0.088
72	0.107
73	0.155
74	0.243
75	0.346
76	0.438
77	0.406
78	0.333
79	0.218
80	0.198
81	0.156
82	0.19
83	0.167
84	0.138
85	0.14
86	0.113
87	0.116
88	0.116
89	0.141
90	0.202
91	0.216
92	0.192
93	0.2
94	0.237
95	0.215
96	0.257
97	0.276
98	0.246
99	0.177
100	0.146
101	0.105
102	0.05
103	0.029
104	0.012
105	0.013
106	0.01
107	0.022
108	0.021
109	0.033
110	0.016
111	0.009
112	0.012
113	0.015
114	0.015
115	0.026
116	0.051
117	0.079
118	0.13
119	0.225
120	0.294
121	0.405
122	0.453
123	0.335
124	0.236
125	0.219
126	0.138
127	0.078
128	0.036
129	0.019
130	0.012
131	0.004
132	0.002
133	0.003
134	0.054
135	0.071
136	0.05
137	0.028
138	0.008
139	0.006
140	0.006
141	0.005
142	0.012
143	0.01
144	0.018
145	0.045
146	0.046
147	0.111
148	0.171
149	0.177
150	0.374
151	0.357
152	0.249
153	0.184
154	0.1
155	0.069
156	0.03
157	0.011
158	0.011
159	0.013
160	0.031
161	0.064
162	0.112
163	0.152
164	0.167
165	0.243
166	0.269
167	0.359
168	0.36
169	0.438
170	0.422
171	0.426
172	0.37
173	0.285
174	0.264
175	0.335
176	0.323
177	0.224
178	0.193
179	0.132
180	0.119
181	0.065
182	0.046
183	0.015
184	0.015
185	0.047
186	0.049
187	0.078
188	0.067
189	0.117
190	0.115
191	0.175
192	0.257
193	0.274
194	0.391
195	0.437
196	0.561
197	0.636
198	0.659
199	0.675
200	0.533
201	0.525
202	0.443
203	0.366
204	0.309
205	0.235
206	0.217
207	0.165
208	0.183
209	0.124
210	0.104
211	0.132
212	0.123
213	0.073
214	0.066
215	0.05
216	0.044
217	0.045
218	0.053
219	0.075
220	0.081
221	0.098
222	0.148
223	0.223
224	0.32
225	0.435
226	0.39
227	0.319
228	0.207
229	0.193
230	0.148
231	0.182
232	0.159
233	0.131
234	0.133
235	0.108
236	0.111
237	0.112
238	0.135
239	0.194
240	0.208
241	0.185
242	0.195
243	0.226
244	0.205
245	0.247
246	0.265
247	0.236
248	0.164
249	0.141
250	0.098
251	0.045
252	0.026
253	0.01
254	0.012
255	0.009
256	0.021
257	0.021
258	0.034
259	0.016
260	0.01
261	0.013
262	0.016
263	0.017
264	0.028
265	0.052
266	0.079
267	0.13
268	0.223
269	0.288
270	0.394
271	0.44
272	0.324
273	0.228
274	0.211
275	0.132
276	0.076
277	0.035
278	0.02
279	0.013
280	0.005
281	0.003
282	0.004
283	0.056
284	0.072
285	0.048
286	0.027
287	0.007
288	0.005
289	0.007
290	0.005
291	0.011
292	0.01
293	0.018
294	0.045
295	0.043
296	0.106
297	0.168
298	0.175
299	0.353
300	0.338
301	0.235
302	0.175
303	0.094
304	0.067
305	0.029
306	0.011
307	0.011
308	0.012
309	0.031
310	0.064
311	0.11
312	0.149
313	0.163
314	0.236
315	0.263
316	0.347
317	0.344
318	0.414
319	0.395
320	0.407
321	0.354
322	0.272
323	0.257
324	0.325
325	0.309
326	0.215
327	0.19
328	0.129
329	0.115
330	0.064
331	0.046
332	0.016
333	0.016
334	0.047
335	0.05
336	0.076
337	0.063
338	0.111
339	0.109
340	0.168
341	0.249
342	0.261
343	0.371
344	0.415
345	0.533
346	0.604
347	0.625
348	0.647
349	0.509
350	0.506
351	0.436
352	0.361
353	0.302
354	0.229
355	0.211
356	0.163
357	0.182
358	0.123
359	0.104
360	0.133
361	0.123
362	0.074
363	0.069
364	0.053
365	0.047
366	0.047
367	0.056
368	0.075
369	0.081
370	0.094
371	0.136
372	0.204
373	0.297
374	0.401
375	0.35
376	0.292
377	0.188
378	0.179
379	0.141
380	0.176
381	0.156
382	0.131
383	0.133
384	0.109
385	0.113
386	0.115
387	0.139
388	0.198
389	0.208
390	0.185
391	0.193
392	0.224
393	0.2
394	0.238
395	0.256
396	0.23
397	0.159
398	0.139
399	0.094
400	0.044
401	0.027
402	0.011
403	0.014
404	0.012
405	0.024
406	0.023
407	0.035
408	0.018
409	0.011
410	0.014
411	0.017
412	0.019
413	0.029
414	0.053
415	0.079
416	0.124
417	0.21
418	0.275
419	0.375
420	0.42
421	0.31
422	0.218
423	0.198
424	0.125
425	0.076
426	0.036
427	0.021
428	0.014
429	0.006
430	0.004
431	0.005
432	0.049
433	0.069
434	0.046
435	0.025
436	0.006
437	0.005
438	0.008
439	0.005
440	0.012
441	0.01
442	0.018
443	0.044
444	0.044
445	0.099
446	0.148
447	0.139
448	0.146
449	0.145
450	0.39
451	0.375
452	0.264
453	0.193
454	0.106
455	0.073
456	0.032
457	0.012
458	0.011
459	0.012
460	0.029
461	0.063
462	0.112
463	0.154
464	0.169
465	0.248
466	0.273
467	0.363
468	0.364
469	0.439
470	0.42
471	0.434
472	0.372
473	0.287
474	0.269
475	0.348
476	0.331
477	0.229
478	0.198
479	0.132
480	0.121
481	0.066
482	0.046
483	0.015
484	0.015
485	0.048
486	0.05
487	0.08
488	0.069
489	0.121
490	0.118
491	0.177
492	0.266
493	0.282
494	0.403
495	0.447
496	0.579
497	0.651
498	0.671
499	0.697
500	0.546
501	0.532
502	0.454
503	0.375
504	0.316
505	0.239
506	0.219
507	0.167
508	0.188
509	0.126
510	0.106
511	0.135
512	0.127
513	0.076
514	0.066
515	0.049
516	0.041
517	0.041
518	0.048
519	0.069
520	0.078
521	0.099
522	0.149
523	0.229
524	0.331
525	0.45
526	0.398
527	0.329
528	0.213
529	0.196
530	0.15
531	0.181
532	0.159
533	0.13
534	0.13
535	0.106
536	0.11
537	0.114
538	0.142
539	0.206
540	0.216
541	0.185
542	0.196
543	0.226
544	0.2
545	0.243
546	0.263
547	0.229
548	0.149
549	0.133
550	0.094
551	0.043
552	0.022
553	0.007
554	0.009
555	0.007
556	0.019
557	0.02
558	0.033
559	0.016
560	0.009
561	0.012
562	0.014
563	0.017
564	0.028
565	0.054
566	0.082
567	0.134
568	0.23
569	0.296
570	0.408
571	0.451
572	0.33
573	0.233
574	0.217
575	0.135
576	0.077
577	0.036
578	0.019
579	0.013
580	0.004
581	0.002
582	0.004
583	0.057
584	0.067
585	0.05
586	0.029
587	0.008
588	0.004
589	0.008
590	0.006
591	0.012
592	0.012
593	0.02
594	0.048
595	0.044
596	0.108
597	0.176
598	0.186
