index	displacement
1	0.387
2	0.349
3	0.254
4	0.116
5	0.121
6	0.103
7	0.136
8	0.14
9	0.156
10	0.169
11	0.128
12	0.088
13	0.112
14	0.055
15	0.007
16	0.004
17	0.044
18	0.142
19	0.241
20	0.42
21	0.474
22	0.598
23	0.49
24	0.292
25	0.19
26	0.214
27	0.132
28	0.053
29	0.026
30	0.032
31	0.085
32	0.133
33	0.192
34	0.229
35	0.195
36	0.264
37	0.34
38	0.285
39	0.259
40	0.173
41	0.141
42	0.16
43	0.077
44	0.155
45	0.211
46	0.319
47	0.557
48	0.631
49	0.526
50	0.55
51	0.377
52	0.314
53	0.135
54	0.092
55	0.041
56	0.052
57	0.101
58	0.129
59	0.218
60	0.214
61	0.237
62	0.264
63	0.192
64	0.114
65	0.064
66	0.068
67	0.039
68	0.015
69	0.036
70	0.068
71	0.115
72	0.131
73	0.239
74	0.376
75	0.525
76	0.736
77	0.643
78	0.469
79	0.28
80	0.203
81	0.139
82	0.198
83	0.152
84	0.084
85	0.087
86	0.044
87	0.09
88	0.117
89	0.226
90	0.272
91	0.225
92	0.172
93	0.11
94	0.168
95	0.194
96	0.192
97	0.275
98	0.344
99	0.307
100	0.342
101	0.237
102	0.109
103	0.05
104	0.008
105	0.027
106	0.04
107	0.016
108	0.017
109	0.014
110	0.028
111	0.033
112	0.061
113	0.06
114	0.09
115	0.083
116	0.046
117	0.058
118	0.074
119	0.17
120	0.221
121	0.368
122	0.426
123	0.283
124	0.166
125	0.184
126	0.091
127	0.016
128	0.029
129	0.052
130	0.054
131	0.045
132	0.046
133	0.047
134	0.172
135	0.212
136	0.144
137	0.173
138	0.119
139	0.054
140	0.057
141	0.03
142	0.039
143	0.051
144	0.057
145	0.022
146	0.007
147	0.101
148	0.201
149	0.235
150	0.389
151	0.356
152	0.256
153	0.184
154	0.147
155	0.154
156	0.123
157	0.091
158	0.123
159	0.135
160	0.125
161	0.134
162	0.239
163	0.19
164	0.082
165	0.072
166	0.011
167	0.008
168	0.063
169	0.163
170	0.331
171	0.455
172	0.367
173	0.197
174	0.076
175	0.047
176	0.023
177	0.022
178	0.077
179	0.11
180	0.224
181	0.212
182	0.267
183	0.269
184	0.186
185	0.361
186	0.519
187	0.505
188	0.449
189	0.38
190	0.277
191	0.305
192	0.185
193	0.144
194	0.124
195	0.14
196	0.312
197	0.263
198	0.13
199	0.065
200	0.028
201	0.032
202	0.038
203	0.086
204	0.163
205	0.165
206	0.283
207	0.281
208	0.437
209	0.38
210	0.371
211	0.45
212	0.345
213	0.187
214	0.09
215	0.106
216	0.092
217	0.075
218	0.136
219	0.183
220	0.282
221	0.294
222	0.468
223	0.58
224	0.567
225	0.783
226	0.82
227	0.596
228	0.458
229	0.271
230	0.177
231	0.232
232	0.191
233	0.123
234	0.15
235	0.123
236	0.18
237	0.202
238	0.376
239	0.474
240	0.442
241	0.348
242	0.286
243	0.258
244	0.283
245	0.196
246	0.214
247	0.395
248	0.503
249	0.642
250	0.585
251	0.43
252	0.267
253	0.101
254	0.083
255	0.067
256	0.069
257	0.038
258	0.048
259	0.038
260	0.015
261	0.022
262	0.022
263	0.041
264	0.038
265	0.023
266	0.047
267	0.073
268	0.152
269	0.161
270	0.287
271	0.268
272	0.169
273	0.109
274	0.207
275	0.133
276	0.047
277	0.015
278	0.002
279	0.003
280	0.003
281	0.004
282	0.008
283	0.175
284	0.201
285	0.136
286	0.166
287	0.094
288	0.022
289	0.009
290	0.006
291	0.007
292	0.004
293	0.01
294	0.053
295	0.093
296	0.239
297	0.38
298	0.472
299	0.234
300	0.199
301	0.143
302	0.073
303	0.086
304	0.092
305	0.111
306	0.106
307	0.127
308	0.137
309	0.109
310	0.088
311	0.128
312	0.082
313	0.025
314	0.015
315	0.015
316	0.058
317	0.136
318	0.264
319	0.382
320	0.474
321	0.366
322	0.205
323	0.111
324	0.096
325	0.038
326	0.01
327	0.013
328	0.038
329	0.098
330	0.126
331	0.173
332	0.202
333	0.149
334	0.222
335	0.311
336	0.269
337	0.243
338	0.174
339	0.131
340	0.122
341	0.041
342	0.064
343	0.074
344	0.14
345	0.275
346	0.296
347	0.217
348	0.237
349	0.163
350	0.146
351	0.058
352	0.064
353	0.069
354	0.078
355	0.139
356	0.157
357	0.25
358	0.234
359	0.245
360	0.281
361	0.21
362	0.122
363	0.071
364	0.07
365	0.046
366	0.032
367	0.06
368	0.087
369	0.134
370	0.139
371	0.245
372	0.335
373	0.409
374	0.553
375	0.51
376	0.369
377	0.239
378	0.163
379	0.112
380	0.164
381	0.136
382	0.086
383	0.098
384	0.075
385	0.116
386	0.141
387	0.249
388	0.313
389	0.276
390	0.216
391	0.165
392	0.173
393	0.186
394	0.163
395	0.209
396	0.306
397	0.305
398	0.356
399	0.278
400	0.161
401	0.093
402	0.023
403	0.026
404	0.027
405	0.014
406	0.011
407	0.012
408	0.017
409	0.016
410	0.037
411	0.036
412	0.061
413	0.056
414	0.031
415	0.034
416	0.037
417	0.091
418	0.114
419	0.209
420	0.242
421	0.164
422	0.094
423	0.124
424	0.063
425	0.01
426	0.008
427	0.02
428	0.028
429	0.022
430	0.027
431	0.026
432	0.167
433	0.223
434	0.151
435	0.195
436	0.148
437	0.061
438	0.043
439	0.015
440	0.018
441	0.013
442	0.012
443	0.01
444	0.016
445	0.097
446	0.166
447	0.157
448	0.155
449	0.176
450	0.272
451	0.24
452	0.171
453	0.094
454	0.091
455	0.092
456	0.098
457	0.086
458	0.111
459	0.125
460	0.105
461	0.091
462	0.142
463	0.093
464	0.026
465	0.012
466	0.008
467	0.044
468	0.121
469	0.247
470	0.363
471	0.472
472	0.372
473	0.209
474	0.113
475	0.103
476	0.049
477	0.02
478	0.028
479	0.048
480	0.119
481	0.139
482	0.201
483	0.229
484	0.192
485	0.303
486	0.402
487	0.344
488	0.301
489	0.221
490	0.161
491	0.174
492	0.079
493	0.1
494	0.104
495	0.164
496	0.319
497	0.332
498	0.231
499	0.222
500	0.143
501	0.107
502	0.03
503	0.037
504	0.052
505	0.067
506	0.141
507	0.154
508	0.244
509	0.23
510	0.239
511	0.276
512	0.202
513	0.114
514	0.057
515	0.06
516	0.043
517	0.028
518	0.063
519	0.093
520	0.153
521	0.166
522	0.288
523	0.382
524	0.447
525	0.598
526	0.566
527	0.416
528	0.287
529	0.193
530	0.133
531	0.182
532	0.142
533	0.084
534	0.09
535	0.062
536	0.103
537	0.121
538	0.221
539	0.272
540	0.25
541	0.195
542	0.14
543	0.152
544	0.174
545	0.144
546	0.2
547	0.307
548	0.314
549	0.386
550	0.322
551	0.185
552	0.106
553	0.028
554	0.027
555	0.026
556	0.018
557	0.012
558	0.018
559	0.027
560	0.014
561	0.026
562	0.027
563	0.048
564	0.043
565	0.021
566	0.032
567	0.052
568	0.113
569	0.14
570	0.24
571	0.265
572	0.181
573	0.111
574	0.152
575	0.088
576	0.022
577	0.004
578	0.007
579	0.01
580	0.009
581	0.008
582	0.012
583	0.285
584	0.269
585	0.191
586	0.198
587	0.095
588	0.028
589	0.013
590	0.004
591	0.005
592	0.005
593	0.004
594	0.013
595	0.028
596	0.132
597	0.216
598	0.249
