index	displacement
1	0.281
2	0.273
3	0.167
4	0.134
5	0.099
6	0.11
7	0.105
8	0.113
9	0.105
10	0.136
11	0.129
12	0.111
13	0.166
14	0.138
15	0.101
16	0.167
17	0.165
18	0.237
19	0.239
20	0.307
21	0.279
22	0.364
23	0.344
24	0.246
25	0.203
26	0.262
27	0.26
28	0.169
29	0.181
30	0.144
31	0.168
32	0.149
33	0.191
34	0.176
35	0.245
36	0.284
37	0.289
38	0.259
39	0.243
40	0.23
41	0.236
42	0.299
43	0.3
44	0.282
45	0.37
46	0.387
47	0.525
48	0.62
49	0.626
50	0.564
51	0.372
52	0.3
53	0.263
54	0.155
55	0.148
56	0.088
57	0.141
58	0.128
59	0.174
60	0.191
61	0.201
62	0.191
63	0.133
64	0.097
65	0.04
66	0.028
67	0.005
68	0.008
69	0.025
70	0.065
71	0.113
72	0.142
73	0.233
74	0.336
75	0.414
76	0.585
77	0.513
78	0.364
79	0.241
80	0.186
81	0.137
82	0.181
83	0.122
84	0.067
85	0.029
86	0.016
87	0.008
88	0.036
89	0.065
90	0.064
91	0.032
92	0.008
93	0.027
94	0.045
95	0.065
96	0.121
97	0.184
98	0.215
99	0.162
100	0.215
101	0.208
102	0.16
103	0.108
104	0.059
105	0.028
106	0.006
107	0.009
108	0.018
109	0.036
110	0.069
111	0.076
112	0.075
113	0.07
114	0.09
115	0.077
116	0.048
117	0.059
118	0.07
119	0.139
120	0.233
121	0.337
122	0.411
123	0.286
124	0.179
125	0.165
126	0.078
127	0.045
128	0.026
129	0.03
130	0.058
131	0.065
132	0.088
133	0.105
134	0.163
135	0.166
136	0.142
137	0.167
138	0.139
139	0.126
140	0.098
141	0.077
142	0.042
143	0.013
144	0.017
145	0.021
146	0.038
147	0.083
148	0.129
149	0.101
150	0.293
151	0.291
152	0.182
153	0.143
154	0.105
155	0.113
156	0.111
157	0.118
158	0.11
159	0.142
160	0.134
161	0.112
162	0.162
163	0.133
164	0.1
165	0.165
166	0.166
167	0.241
168	0.248
169	0.336
170	0.325
171	0.409
172	0.372
173	0.259
174	0.209
175	0.272
176	0.27
177	0.176
178	0.185
179	0.148
180	0.172
181	0.155
182	0.203
183	0.192
184	0.27
185	0.303
186	0.307
187	0.272
188	0.259
189	0.241
190	0.25
191	0.318
192	0.31
193	0.299
194	0.386
195	0.412
196	0.568
197	0.67
198	0.669
199	0.585
200	0.394
201	0.314
202	0.264
203	0.151
204	0.139
205	0.077
206	0.128
207	0.118
208	0.166
209	0.185
210	0.197
211	0.187
212	0.127
213	0.093
214	0.036
215	0.026
216	0.004
217	0.007
218	0.028
219	0.07
220	0.119
221	0.144
222	0.234
223	0.346
224	0.423
225	0.604
226	0.517
227	0.366
228	0.243
229	0.193
230	0.14
231	0.189
232	0.128
233	0.069
234	0.03
235	0.013
236	0.006
237	0.031
238	0.061
239	0.058
240	0.022
241	0.004
242	0.02
243	0.045
244	0.07
245	0.124
246	0.193
247	0.226
248	0.181
249	0.24
250	0.223
251	0.166
252	0.113
253	0.06
254	0.03
255	0.007
256	0.009
257	0.017
258	0.035
259	0.069
260	0.076
261	0.075
262	0.07
263	0.092
264	0.079
265	0.05
266	0.063
267	0.076
268	0.147
269	0.244
270	0.351
271	0.43
272	0.297
273	0.184
274	0.168
275	0.079
276	0.047
277	0.027
278	0.031
279	0.059
280	0.066
281	0.088
282	0.107
283	0.149
284	0.155
285	0.131
286	0.157
287	0.131
288	0.121
289	0.099
290	0.078
291	0.043
292	0.014
293	0.016
294	0.023
295	0.039
296	0.086
297	0.134
298	0.109
299	0.261
300	0.266
301	0.172
302	0.135
303	0.106
304	0.115
305	0.116
306	0.122
307	0.113
308	0.139
309	0.132
310	0.11
311	0.154
312	0.127
313	0.098
314	0.162
315	0.169
316	0.243
317	0.25
318	0.334
319	0.33
320	0.411
321	0.361
322	0.251
323	0.208
324	0.268
325	0.262
326	0.175
327	0.184
328	0.146
329	0.167
330	0.15
331	0.192
332	0.185
333	0.258
334	0.285
335	0.289
336	0.253
337	0.247
338	0.231
339	0.247
340	0.313
341	0.3
342	0.295
343	0.369
344	0.392
345	0.538
346	0.641
347	0.65
348	0.577
349	0.39
350	0.322
351	0.269
352	0.156
353	0.137
354	0.076
355	0.121
356	0.109
357	0.151
358	0.172
359	0.182
360	0.169
361	0.115
362	0.088
363	0.037
364	0.026
365	0.003
366	0.006
367	0.024
368	0.064
369	0.109
370	0.127
371	0.207
372	0.31
373	0.387
374	0.531
375	0.447
376	0.315
377	0.204
378	0.169
379	0.128
380	0.179
381	0.126
382	0.069
383	0.031
384	0.015
385	0.005
386	0.029
387	0.053
388	0.049
389	0.02
390	0.004
391	0.024
392	0.052
393	0.076
394	0.129
395	0.196
396	0.229
397	0.179
398	0.232
399	0.206
400	0.146
401	0.099
402	0.05
403	0.021
404	0.002
405	0.005
406	0.017
407	0.035
408	0.071
409	0.079
410	0.078
411	0.071
412	0.094
413	0.082
414	0.055
415	0.065
416	0.074
417	0.135
418	0.227
419	0.322
420	0.4
421	0.278
422	0.172
423	0.148
424	0.07
425	0.042
426	0.025
427	0.033
428	0.063
429	0.07
430	0.093
431	0.109
432	0.168
433	0.174
434	0.147
435	0.167
436	0.134
437	0.125
438	0.102
439	0.081
440	0.045
441	0.014
442	0.01
443	0.016
444	0.027
445	0.069
446	0.102
447	0.06
448	0.032
449	0.006
450	0.278
451	0.28
452	0.179
453	0.143
454	0.108
455	0.114
456	0.116
457	0.12
458	0.108
459	0.135
460	0.124
461	0.103
462	0.148
463	0.123
464	0.096
465	0.166
466	0.169
467	0.243
468	0.25
469	0.33
470	0.326
471	0.407
472	0.358
473	0.254
474	0.212
475	0.271
476	0.265
477	0.174
478	0.182
479	0.138
480	0.158
481	0.143
482	0.183
483	0.175
484	0.245
485	0.264
486	0.271
487	0.241
488	0.235
489	0.22
490	0.232
491	0.304
492	0.301
493	0.288
494	0.374
495	0.394
496	0.539
497	0.634
498	0.637
499	0.579
500	0.391
501	0.317
502	0.269
503	0.158
504	0.142
505	0.079
506	0.122
507	0.105
508	0.142
509	0.163
510	0.172
511	0.157
512	0.106
513	0.08
514	0.036
515	0.023
516	0.003
517	0.009
518	0.025
519	0.066
520	0.112
521	0.134
522	0.218
523	0.323
524	0.399
525	0.547
526	0.471
527	0.337
528	0.222
529	0.182
530	0.137
531	0.185
532	0.131
533	0.074
534	0.034
535	0.017
536	0.005
537	0.026
538	0.044
539	0.038
540	0.015
541	0.004
542	0.028
543	0.054
544	0.077
545	0.133
546	0.198
547	0.223
548	0.179
549	0.233
550	0.212
551	0.15
552	0.102
553	0.051
554	0.021
555	0.002
556	0.004
557	0.017
558	0.034
559	0.069
560	0.077
561	0.074
562	0.069
563	0.092
564	0.081
565	0.053
566	0.066
567	0.077
568	0.143
569	0.234
570	0.333
571	0.404
572	0.285
573	0.179
574	0.159
575	0.076
576	0.047
577	0.028
578	0.032
579	0.062
580	0.068
581	0.09
582	0.105
583	0.169
584	0.18
585	0.15
586	0.172
587	0.14
588	0.127
589	0.103
590	0.081
591	0.046
592	0.013
593	0.013
594	0.02
595	0.032
596	0.076
597	0.118
598	0.097
