index	displacement
1	0.274
2	0.248
3	0.205
4	0.133
5	0.15
6	0.159
7	0.185
8	0.188
9	0.203
10	0.218
11	0.166
12	0.124
13	0.153
14	0.097
15	0.037
16	0.023
17	0.008
18	0.034
19	0.096
20	0.201
21	0.294
22	0.394
23	0.314
24	0.183
25	0.087
26	0.072
27	0.027
28	0.013
29	0.029
30	0.058
31	0.121
32	0.165
33	0.218
34	0.253
35	0.203
36	0.254
37	0.325
38	0.287
39	0.263
40	0.195
41	0.148
42	0.14
43	0.064
44	0.071
45	0.066
46	0.111
47	0.215
48	0.204
49	0.133
50	0.147
51	0.104
52	0.097
53	0.043
54	0.057
55	0.073
56	0.084
57	0.147
58	0.171
59	0.273
60	0.267
61	0.298
62	0.325
63	0.229
64	0.148
65	0.084
66	0.096
67	0.051
68	0.032
69	0.058
70	0.096
71	0.162
72	0.183
73	0.309
74	0.421
75	0.451
76	0.635
77	0.642
78	0.453
79	0.323
80	0.199
81	0.123
82	0.173
83	0.13
84	0.071
85	0.089
86	0.075
87	0.11
88	0.148
89	0.253
90	0.308
91	0.269
92	0.201
93	0.165
94	0.172
95	0.183
96	0.147
97	0.195
98	0.294
99	0.305
100	0.38
101	0.355
102	0.26
103	0.176
104	0.07
105	0.04
106	0.015
107	0.033
108	0.058
109	0.104
110	0.146
111	0.133
112	0.125
113	0.096
114	0.134
115	0.117
116	0.066
117	0.078
118	0.075
119	0.126
120	0.132
121	0.22
122	0.222
123	0.154
124	0.096
125	0.156
126	0.093
127	0.036
128	0.032
129	0.044
130	0.103
131	0.112
132	0.161
133	0.189
134	0.23
135	0.264
136	0.196
137	0.248
138	0.219
139	0.14
140	0.199
141	0.143
142	0.084
143	0.036
144	0.028
145	0.058
146	0.059
147	0.136
148	0.242
149	0.297
150	0.29
151	0.261
152	0.214
153	0.138
154	0.153
155	0.157
156	0.185
157	0.189
158	0.203
159	0.218
160	0.165
161	0.121
162	0.148
163	0.092
164	0.034
165	0.02
166	0.01
167	0.038
168	0.106
169	0.213
170	0.325
171	0.417
172	0.332
173	0.193
174	0.093
175	0.079
176	0.032
177	0.014
178	0.028
179	0.056
180	0.119
181	0.164
182	0.218
183	0.252
184	0.201
185	0.255
186	0.328
187	0.285
188	0.263
189	0.19
190	0.148
191	0.139
192	0.062
193	0.075
194	0.07
195	0.123
196	0.232
197	0.223
198	0.151
199	0.168
200	0.113
201	0.1
202	0.042
203	0.056
204	0.07
205	0.08
206	0.141
207	0.164
208	0.263
209	0.256
210	0.285
211	0.315
212	0.224
213	0.144
214	0.08
215	0.092
216	0.047
217	0.03
218	0.058
219	0.098
220	0.166
221	0.186
222	0.315
223	0.434
224	0.466
225	0.636
226	0.646
227	0.462
228	0.331
229	0.207
230	0.128
231	0.177
232	0.132
233	0.071
234	0.087
235	0.072
236	0.105
237	0.142
238	0.244
239	0.303
240	0.262
241	0.198
242	0.166
243	0.17
244	0.186
245	0.148
246	0.186
247	0.292
248	0.311
249	0.388
250	0.361
251	0.264
252	0.176
253	0.07
254	0.04
255	0.014
256	0.03
257	0.054
258	0.099
259	0.141
260	0.131
261	0.121
262	0.092
263	0.132
264	0.116
265	0.066
266	0.081
267	0.081
268	0.136
269	0.139
270	0.231
271	0.235
272	0.163
273	0.103
274	0.163
275	0.098
276	0.038
277	0.036
278	0.044
279	0.101
280	0.11
281	0.161
282	0.189
283	0.238
284	0.269
285	0.198
286	0.256
287	0.224
288	0.152
289	0.198
290	0.143
291	0.086
292	0.039
293	0.032
294	0.065
295	0.061
296	0.143
297	0.251
298	0.311
299	0.281
300	0.258
301	0.21
302	0.132
303	0.149
304	0.154
305	0.184
306	0.185
307	0.2
308	0.214
309	0.165
310	0.122
311	0.145
312	0.09
313	0.033
314	0.019
315	0.009
316	0.039
317	0.106
318	0.213
319	0.323
320	0.415
321	0.327
322	0.191
323	0.093
324	0.081
325	0.032
326	0.014
327	0.026
328	0.055
329	0.116
330	0.158
331	0.212
332	0.248
333	0.2
334	0.25
335	0.321
336	0.275
337	0.253
338	0.186
339	0.147
340	0.133
341	0.059
342	0.074
343	0.073
344	0.127
345	0.236
346	0.224
347	0.155
348	0.168
349	0.114
350	0.104
351	0.044
352	0.054
353	0.066
354	0.075
355	0.136
356	0.161
357	0.259
358	0.256
359	0.286
360	0.316
361	0.222
362	0.145
363	0.083
364	0.096
365	0.049
366	0.031
367	0.057
368	0.092
369	0.157
370	0.176
371	0.303
372	0.428
373	0.465
374	0.621
375	0.637
376	0.459
377	0.32
378	0.2
379	0.122
380	0.167
381	0.126
382	0.068
383	0.085
384	0.072
385	0.106
386	0.146
387	0.25
388	0.308
389	0.263
390	0.197
391	0.162
392	0.167
393	0.177
394	0.141
395	0.186
396	0.289
397	0.298
398	0.371
399	0.345
400	0.249
401	0.169
402	0.066
403	0.039
404	0.015
405	0.033
406	0.056
407	0.1
408	0.145
409	0.133
410	0.123
411	0.093
412	0.131
413	0.115
414	0.067
415	0.078
416	0.077
417	0.131
418	0.139
419	0.232
420	0.239
421	0.163
422	0.102
423	0.159
424	0.093
425	0.035
426	0.033
427	0.045
428	0.102
429	0.11
430	0.163
431	0.191
432	0.228
433	0.264
434	0.197
435	0.251
436	0.219
437	0.165
438	0.197
439	0.144
440	0.085
441	0.038
442	0.029
443	0.058
444	0.057
445	0.135
446	0.24
447	0.27
448	0.291
449	0.326
450	0.27
451	0.25
452	0.207
453	0.138
454	0.154
455	0.155
456	0.187
457	0.189
458	0.205
459	0.222
460	0.17
461	0.126
462	0.153
463	0.096
464	0.036
465	0.022
466	0.009
467	0.036
468	0.1
469	0.203
470	0.32
471	0.405
472	0.315
473	0.181
474	0.086
475	0.071
476	0.027
477	0.012
478	0.029
479	0.058
480	0.12
481	0.165
482	0.222
483	0.257
484	0.209
485	0.26
486	0.332
487	0.286
488	0.263
489	0.191
490	0.146
491	0.139
492	0.063
493	0.071
494	0.063
495	0.11
496	0.21
497	0.199
498	0.131
499	0.151
500	0.105
501	0.099
502	0.044
503	0.058
504	0.073
505	0.083
506	0.146
507	0.169
508	0.271
509	0.264
510	0.297
511	0.324
512	0.23
513	0.147
514	0.083
515	0.094
516	0.048
517	0.029
518	0.055
519	0.088
520	0.156
521	0.177
522	0.304
523	0.421
524	0.45
525	0.597
526	0.623
527	0.445
528	0.319
529	0.197
530	0.12
531	0.169
532	0.126
533	0.068
534	0.084
535	0.072
536	0.107
537	0.146
538	0.249
539	0.305
540	0.265
541	0.198
542	0.164
543	0.17
544	0.179
545	0.144
546	0.186
547	0.286
548	0.298
549	0.38
550	0.352
551	0.253
552	0.168
553	0.065
554	0.037
555	0.013
556	0.031
557	0.058
558	0.101
559	0.145
560	0.137
561	0.125
562	0.096
563	0.136
564	0.119
565	0.067
566	0.08
567	0.079
568	0.129
569	0.13
570	0.216
571	0.216
572	0.15
573	0.095
574	0.154
575	0.094
576	0.037
577	0.036
578	0.045
579	0.105
580	0.114
581	0.165
582	0.192
583	0.246
584	0.261
585	0.194
586	0.245
587	0.214
588	0.146
589	0.206
590	0.147
591	0.088
592	0.04
593	0.031
594	0.063
595	0.058
596	0.138
597	0.242
598	0.31
