index	mode7	mode8	mode9	mode10	mode11	mode12
1	0.384	0.274	0.281	0.627	0.387	0.352
2	0.363	0.248	0.273	0.681	0.349	0.436
3	0.255	0.205	0.167	0.475	0.254	0.317
4	0.185	0.133	0.134	0.324	0.116	0.247
5	0.1	0.15	0.099	0.162	0.121	0.121
6	0.065	0.159	0.11	0.077	0.103	0.078
7	0.028	0.185	0.105	0.044	0.136	0.038
8	0.01	0.188	0.113	0.011	0.14	0.012
9	0.009	0.203	0.105	0.006	0.156	0.014
10	0.011	0.218	0.136	0.022	0.169	0.011
11	0.027	0.166	0.129	0.052	0.128	0.01
12	0.06	0.124	0.111	0.073	0.088	0.03
13	0.106	0.153	0.166	0.181	0.112	0.074
14	0.147	0.097	0.138	0.199	0.055	0.101
15	0.163	0.037	0.101	0.15	0.007	0.094
16	0.24	0.023	0.167	0.237	0.004	0.173
17	0.273	0.008	0.165	0.186	0.044	0.15
18	0.367	0.034	0.237	0.239	0.142	0.199
19	0.37	0.096	0.239	0.115	0.241	0.108
20	0.444	0.201	0.307	0.088	0.42	0.088
21	0.406	0.294	0.279	0.081	0.474	0.142
22	0.428	0.394	0.364	0.018	0.598	0.075
23	0.38	0.314	0.344	0.016	0.49	0.016
24	0.295	0.183	0.246	0.013	0.292	0.01
25	0.273	0.087	0.203	0.03	0.19	0.025
26	0.345	0.072	0.262	0.139	0.214	0.085
27	0.327	0.027	0.26	0.233	0.132	0.166
28	0.224	0.013	0.169	0.139	0.053	0.114
29	0.191	0.029	0.181	0.18	0.026	0.144
30	0.126	0.058	0.144	0.122	0.032	0.094
31	0.112	0.121	0.168	0.167	0.085	0.104
32	0.059	0.165	0.149	0.076	0.133	0.056
33	0.04	0.218	0.191	0.083	0.192	0.034
34	0.012	0.253	0.176	0.048	0.229	0.027
35	0.014	0.203	0.245	0.047	0.195	0.005
36	0.043	0.254	0.284	0.161	0.264	0.018
37	0.043	0.325	0.289	0.204	0.34	0.046
38	0.068	0.287	0.259	0.243	0.285	0.09
39	0.057	0.263	0.243	0.19	0.259	0.096
40	0.107	0.195	0.23	0.257	0.173	0.152
41	0.108	0.148	0.236	0.188	0.141	0.128
42	0.163	0.14	0.299	0.309	0.16	0.214
43	0.251	0.064	0.3	0.402	0.077	0.286
44	0.273	0.071	0.282	0.336	0.155	0.247
45	0.394	0.066	0.37	0.491	0.211	0.337
46	0.44	0.111	0.387	0.427	0.319	0.25
47	0.564	0.215	0.525	0.713	0.557	0.391
48	0.642	0.204	0.62	0.683	0.631	0.354
49	0.663	0.133	0.626	0.671	0.526	0.378
50	0.692	0.147	0.564	0.575	0.55	0.345
51	0.545	0.104	0.372	0.368	0.377	0.252
52	0.535	0.097	0.3	0.461	0.314	0.369
53	0.457	0.043	0.263	0.485	0.135	0.382
54	0.374	0.057	0.155	0.418	0.092	0.318
55	0.31	0.073	0.148	0.391	0.041	0.265
56	0.235	0.084	0.088	0.302	0.052	0.172
57	0.212	0.147	0.141	0.316	0.101	0.145
58	0.163	0.171	0.128	0.276	0.129	0.109
59	0.181	0.273	0.174	0.401	0.218	0.15
60	0.122	0.267	0.191	0.278	0.214	0.104
61	0.102	0.298	0.201	0.264	0.237	0.089
62	0.131	0.325	0.191	0.399	0.264	0.121
63	0.121	0.229	0.133	0.315	0.192	0.098
64	0.072	0.148	0.097	0.159	0.114	0.045
65	0.067	0.084	0.04	0.07	0.064	0.025
66	0.051	0.096	0.028	0.159	0.068	0.043
67	0.046	0.051	0.005	0.187	0.039	0.058
68	0.046	0.032	0.008	0.148	0.015	0.058
69	0.057	0.058	0.025	0.174	0.036	0.082
70	0.079	0.096	0.065	0.143	0.068	0.094
71	0.088	0.162	0.113	0.176	0.115	0.126
72	0.107	0.183	0.142	0.184	0.131	0.112
73	0.155	0.309	0.233	0.248	0.239	0.167
74	0.243	0.421	0.336	0.255	0.376	0.155
75	0.346	0.451	0.414	0.158	0.525	0.07
76	0.438	0.635	0.585	0.356	0.736	0.156
77	0.406	0.642	0.513	0.601	0.643	0.302
78	0.333	0.453	0.364	0.465	0.469	0.224
79	0.218	0.323	0.241	0.346	0.28	0.18
80	0.198	0.199	0.186	0.146	0.203	0.064
81	0.156	0.123	0.137	0.058	0.139	0.025
82	0.19	0.173	0.181	0.04	0.198	0.039
83	0.167	0.13	0.122	0.056	0.152	0.069
84	0.138	0.071	0.067	0.059	0.084	0.064
85	0.14	0.089	0.029	0.123	0.087	0.098
86	0.113	0.075	0.016	0.099	0.044	0.071
87	0.116	0.11	0.008	0.165	0.09	0.067
88	0.116	0.148	0.036	0.168	0.117	0.06
89	0.141	0.253	0.065	0.366	0.226	0.117
90	0.202	0.308	0.064	0.427	0.272	0.153
91	0.216	0.269	0.032	0.409	0.225	0.184
92	0.192	0.201	0.008	0.317	0.172	0.171
93	0.2	0.165	0.027	0.271	0.11	0.207
94	0.237	0.172	0.045	0.299	0.168	0.265
95	0.215	0.183	0.065	0.252	0.194	0.239
96	0.257	0.147	0.121	0.162	0.192	0.193
97	0.276	0.195	0.184	0.081	0.275	0.129
98	0.246	0.294	0.215	0.095	0.344	0.148
99	0.177	0.305	0.162	0.235	0.307	0.257
100	0.146	0.38	0.215	0.306	0.342	0.306
101	0.105	0.355	0.208	0.342	0.237	0.297
102	0.05	0.26	0.16	0.409	0.109	0.295
103	0.029	0.176	0.108	0.361	0.05	0.23
104	0.012	0.07	0.059	0.289	0.008	0.13
105	0.013	0.04	0.028	0.314	0.027	0.118
106	0.01	0.015	0.006	0.3	0.04	0.083
107	0.022	0.033	0.009	0.308	0.016	0.079
108	0.021	0.058	0.018	0.213	0.017	0.039
109	0.033	0.104	0.036	0.192	0.014	0.034
110	0.016	0.146	0.069	0.136	0.028	0.011
111	0.009	0.133	0.076	0.117	0.033	0.005
112	0.012	0.125	0.075	0.098	0.061	0.006
113	0.015	0.096	0.07	0.094	0.06	0.006
114	0.015	0.134	0.09	0.028	0.09	0.003
115	0.026	0.117	0.077	0.016	0.083	0.005
116	0.051	0.066	0.048	0.014	0.046	0.011
117	0.079	0.078	0.059	0.056	0.058	0.04
118	0.13	0.075	0.07	0.119	0.074	0.079
119	0.225	0.126	0.139	0.272	0.17	0.174
120	0.294	0.132	0.233	0.279	0.221	0.161
121	0.405	0.22	0.337	0.478	0.368	0.247
122	0.453	0.222	0.411	0.369	0.426	0.154
123	0.335	0.154	0.286	0.152	0.283	0.057
124	0.236	0.096	0.179	0.091	0.166	0.041
125	0.219	0.156	0.165	0.194	0.184	0.091
126	0.138	0.093	0.078	0.142	0.091	0.067
127	0.078	0.036	0.045	0.092	0.016	0.032
128	0.036	0.032	0.026	0.169	0.029	0.039
129	0.019	0.044	0.03	0.124	0.052	0.016
130	0.012	0.103	0.058	0.094	0.054	0.007
131	0.004	0.112	0.065	0.114	0.045	0.006
132	0.002	0.161	0.088	0.112	0.046	0.005
133	0.003	0.189	0.105	0.138	0.047	0.004
134	0.054	0.23	0.163	0.232	0.172	0.119
135	0.071	0.264	0.166	0.197	0.212	0.11
136	0.05	0.196	0.142	0.121	0.144	0.055
137	0.028	0.248	0.167	0.088	0.173	0.016
138	0.008	0.219	0.139	0.047	0.119	0.01
139	0.006	0.14	0.126	0.08	0.054	0.002
140	0.006	0.199	0.098	0.104	0.057	0.004
141	0.005	0.143	0.077	0.13	0.03	0.005
142	0.012	0.084	0.042	0.137	0.039	0.015
143	0.01	0.036	0.013	0.22	0.051	0.036
144	0.018	0.028	0.017	0.257	0.057	0.061
145	0.045	0.058	0.021	0.227	0.022	0.079
146	0.046	0.059	0.038	0.25	0.007	0.096
147	0.111	0.136	0.083	0.23	0.101	0.114
148	0.171	0.242	0.129	0.403	0.201	0.22
149	0.177	0.297	0.101	0.601	0.235	0.385
150	0.374	0.29	0.293	0.648	0.389	0.286
151	0.357	0.261	0.291	0.693	0.356	0.366
152	0.249	0.214	0.182	0.479	0.256	0.266
153	0.184	0.138	0.143	0.283	0.184	0.182
154	0.1	0.153	0.105	0.146	0.147	0.085
155	0.069	0.157	0.113	0.04	0.154	0.035
156	0.03	0.185	0.111	0.057	0.123	0.025
157	0.011	0.189	0.118	0.052	0.091	0.011
158	0.011	0.203	0.11	0.032	0.123	0.007
159	0.013	0.218	0.142	0.049	0.135	0.005
160	0.031	0.165	0.134	0.054	0.125	0.003
161	0.064	0.121	0.112	0.039	0.134	0.008
162	0.112	0.148	0.162	0.093	0.239	0.025
163	0.152	0.092	0.133	0.107	0.19	0.05
164	0.167	0.034	0.1	0.106	0.082	0.066
165	0.243	0.02	0.165	0.204	0.072	0.149
166	0.269	0.01	0.166	0.214	0.011	0.161
167	0.359	0.038	0.241	0.336	0.008	0.247
168	0.36	0.106	0.248	0.243	0.063	0.179
169	0.438	0.213	0.336	0.285	0.163	0.186
170	0.422	0.325	0.325	0.232	0.331	0.204
171	0.426	0.417	0.409	0.146	0.455	0.11
172	0.37	0.332	0.372	0.115	0.367	0.051
173	0.285	0.193	0.259	0.075	0.197	0.046
174	0.264	0.093	0.209	0.103	0.076	0.074
175	0.335	0.079	0.272	0.246	0.047	0.142
176	0.323	0.032	0.27	0.311	0.023	0.204
177	0.224	0.014	0.176	0.159	0.022	0.126
178	0.193	0.028	0.185	0.144	0.077	0.121
179	0.132	0.056	0.148	0.07	0.11	0.062
180	0.119	0.119	0.172	0.068	0.224	0.049
181	0.065	0.164	0.155	0.02	0.212	0.02
182	0.046	0.218	0.203	0.026	0.267	0.007
183	0.015	0.252	0.192	0.01	0.269	0.015
184	0.015	0.201	0.27	0.031	0.186	0.015
185	0.047	0.255	0.303	0.061	0.361	0.003
186	0.049	0.328	0.307	0.046	0.519	0.009
187	0.078	0.285	0.272	0.065	0.505	0.022
188	0.067	0.263	0.259	0.045	0.449	0.038
189	0.117	0.19	0.241	0.098	0.38	0.078
190	0.115	0.148	0.25	0.086	0.277	0.081
191	0.175	0.139	0.318	0.208	0.305	0.171
192	0.257	0.062	0.31	0.323	0.185	0.232
193	0.274	0.075	0.299	0.34	0.144	0.242
194	0.391	0.07	0.386	0.546	0.124	0.343
195	0.437	0.123	0.412	0.556	0.14	0.297
196	0.561	0.232	0.568	0.904	0.312	0.451
197	0.636	0.223	0.67	0.955	0.263	0.47
198	0.659	0.151	0.669	0.967	0.13	0.509
199	0.675	0.168	0.585	0.909	0.065	0.498
200	0.533	0.113	0.394	0.62	0.028	0.372
201	0.525	0.1	0.314	0.689	0.032	0.463
202	0.443	0.042	0.264	0.561	0.038	0.395
203	0.366	0.056	0.151	0.447	0.086	0.304
204	0.309	0.07	0.139	0.332	0.163	0.207
205	0.235	0.08	0.077	0.242	0.165	0.122
206	0.217	0.141	0.128	0.204	0.283	0.074
207	0.165	0.164	0.118	0.172	0.281	0.044
208	0.183	0.263	0.166	0.243	0.437	0.053
209	0.124	0.256	0.185	0.154	0.38	0.028
210	0.104	0.285	0.197	0.163	0.371	0.021
211	0.132	0.315	0.187	0.271	0.45	0.038
212	0.123	0.224	0.127	0.214	0.345	0.035
213	0.073	0.144	0.093	0.113	0.187	0.016
214	0.066	0.08	0.036	0.056	0.09	0.015
215	0.05	0.092	0.026	0.138	0.106	0.031
216	0.044	0.047	0.004	0.152	0.092	0.044
217	0.045	0.03	0.007	0.11	0.075	0.043
218	0.053	0.058	0.028	0.104	0.136	0.052
219	0.075	0.098	0.07	0.062	0.183	0.058
220	0.081	0.166	0.119	0.061	0.282	0.063
221	0.098	0.186	0.144	0.072	0.294	0.043
222	0.148	0.315	0.234	0.076	0.468	0.051
223	0.223	0.434	0.346	0.138	0.58	0.043
224	0.32	0.466	0.423	0.144	0.567	0.014
225	0.435	0.636	0.604	0.328	0.783	0.036
226	0.39	0.646	0.517	0.447	0.82	0.095
227	0.319	0.462	0.366	0.37	0.596	0.088
228	0.207	0.331	0.243	0.23	0.458	0.067
229	0.193	0.207	0.193	0.098	0.271	0.02
230	0.148	0.128	0.14	0.027	0.177	0.01
231	0.182	0.177	0.189	0.01	0.232	0.027
232	0.159	0.132	0.128	0.029	0.191	0.063
233	0.131	0.071	0.069	0.034	0.123	0.059
234	0.133	0.087	0.03	0.087	0.15	0.081
235	0.108	0.072	0.013	0.055	0.123	0.046
236	0.111	0.105	0.006	0.108	0.18	0.033
237	0.112	0.142	0.031	0.116	0.202	0.026
238	0.135	0.244	0.061	0.265	0.376	0.052
239	0.194	0.303	0.058	0.303	0.474	0.066
240	0.208	0.262	0.022	0.285	0.442	0.088
241	0.185	0.198	0.004	0.224	0.348	0.103
242	0.195	0.166	0.02	0.186	0.286	0.14
243	0.226	0.17	0.045	0.259	0.258	0.224
244	0.205	0.186	0.07	0.216	0.283	0.211
245	0.247	0.148	0.124	0.179	0.196	0.2
246	0.265	0.186	0.193	0.115	0.214	0.144
247	0.236	0.292	0.226	0.064	0.395	0.126
248	0.164	0.311	0.181	0.105	0.503	0.171
249	0.141	0.388	0.24	0.077	0.642	0.15
250	0.098	0.361	0.223	0.102	0.585	0.132
251	0.045	0.264	0.166	0.191	0.43	0.152
252	0.026	0.176	0.113	0.206	0.267	0.14
253	0.01	0.07	0.06	0.225	0.101	0.098
254	0.012	0.04	0.03	0.273	0.083	0.1
255	0.009	0.014	0.007	0.279	0.067	0.077
256	0.021	0.03	0.009	0.266	0.069	0.068
257	0.021	0.054	0.017	0.196	0.038	0.035
258	0.034	0.099	0.035	0.166	0.048	0.029
259	0.016	0.141	0.069	0.123	0.038	0.013
260	0.01	0.131	0.076	0.129	0.015	0.009
261	0.013	0.121	0.075	0.131	0.022	0.011
262	0.016	0.092	0.07	0.124	0.022	0.012
263	0.017	0.132	0.092	0.067	0.041	0.006
264	0.028	0.116	0.079	0.052	0.038	0.006
265	0.052	0.066	0.05	0.034	0.023	0.008
266	0.079	0.081	0.063	0.067	0.047	0.029
267	0.13	0.081	0.076	0.124	0.073	0.069
268	0.223	0.136	0.147	0.296	0.152	0.157
269	0.288	0.139	0.244	0.32	0.161	0.159
270	0.394	0.231	0.351	0.535	0.287	0.225
271	0.44	0.235	0.43	0.476	0.268	0.176
272	0.324	0.163	0.297	0.222	0.169	0.083
273	0.228	0.103	0.184	0.123	0.109	0.053
274	0.211	0.163	0.168	0.177	0.207	0.058
275	0.132	0.098	0.079	0.11	0.133	0.039
276	0.076	0.038	0.047	0.068	0.047	0.016
277	0.035	0.036	0.027	0.183	0.015	0.035
278	0.02	0.044	0.031	0.165	0.002	0.025
279	0.013	0.101	0.059	0.138	0.003	0.013
280	0.005	0.11	0.066	0.15	0.003	0.012
281	0.003	0.161	0.088	0.151	0.004	0.008
282	0.004	0.189	0.107	0.173	0.008	0.008
283	0.056	0.238	0.149	0.172	0.175	0.126
284	0.072	0.269	0.155	0.164	0.201	0.111
285	0.048	0.198	0.131	0.096	0.136	0.057
286	0.027	0.256	0.157	0.085	0.166	0.024
287	0.007	0.224	0.131	0.085	0.094	0.008
288	0.005	0.152	0.121	0.118	0.022	0.003
289	0.007	0.198	0.099	0.152	0.009	0.003
290	0.005	0.143	0.078	0.152	0.006	0.007
291	0.011	0.086	0.043	0.166	0.007	0.018
292	0.01	0.039	0.014	0.261	0.004	0.045
293	0.018	0.032	0.016	0.298	0.01	0.069
294	0.045	0.065	0.023	0.217	0.053	0.061
295	0.043	0.061	0.039	0.193	0.093	0.061
296	0.106	0.143	0.086	0.141	0.239	0.049
297	0.168	0.251	0.134	0.287	0.38	0.103
298	0.175	0.311	0.109	0.495	0.472	0.22
299	0.353	0.281	0.261	0.305	0.234	0.673
300	0.338	0.258	0.266	0.307	0.199	0.801
301	0.235	0.21	0.172	0.198	0.143	0.547
302	0.175	0.132	0.135	0.133	0.073	0.374
303	0.094	0.149	0.106	0.068	0.086	0.174
304	0.067	0.154	0.115	0.034	0.092	0.076
305	0.029	0.184	0.116	0.016	0.111	0.042
306	0.011	0.185	0.122	0.003	0.106	0.015
307	0.011	0.2	0.113	0.004	0.127	0.006
308	0.012	0.214	0.139	0.025	0.137	0.003
309	0.031	0.165	0.132	0.051	0.109	0.01
310	0.064	0.122	0.11	0.062	0.088	0.031
311	0.11	0.145	0.154	0.135	0.128	0.1
312	0.149	0.09	0.127	0.13	0.082	0.15
313	0.163	0.033	0.098	0.087	0.025	0.159
314	0.236	0.019	0.162	0.115	0.015	0.302
315	0.263	0.009	0.169	0.076	0.015	0.296
316	0.347	0.039	0.243	0.084	0.058	0.411
317	0.344	0.106	0.25	0.03	0.136	0.248
318	0.414	0.213	0.334	0.022	0.264	0.226
319	0.395	0.323	0.33	0.005	0.382	0.208
320	0.407	0.415	0.411	0.009	0.474	0.073
321	0.354	0.327	0.361	0.03	0.366	0.034
322	0.272	0.191	0.251	0.015	0.205	0.033
323	0.257	0.093	0.208	0.012	0.111	0.088
324	0.325	0.081	0.268	0.064	0.096	0.243
325	0.309	0.032	0.262	0.101	0.038	0.363
326	0.215	0.014	0.175	0.061	0.01	0.22
327	0.19	0.026	0.184	0.092	0.013	0.244
328	0.129	0.055	0.146	0.074	0.038	0.134
329	0.115	0.116	0.167	0.11	0.098	0.129
330	0.064	0.158	0.15	0.059	0.126	0.047
331	0.046	0.212	0.192	0.081	0.173	0.025
332	0.016	0.248	0.185	0.052	0.202	0.012
333	0.016	0.2	0.258	0.064	0.149	0.002
334	0.047	0.25	0.285	0.161	0.222	0.024
335	0.05	0.321	0.289	0.188	0.311	0.045
336	0.076	0.275	0.253	0.194	0.269	0.096
337	0.063	0.253	0.247	0.141	0.243	0.096
338	0.111	0.186	0.231	0.164	0.174	0.185
339	0.109	0.147	0.247	0.116	0.131	0.166
340	0.168	0.133	0.313	0.177	0.122	0.337
341	0.249	0.059	0.3	0.198	0.041	0.482
342	0.261	0.074	0.295	0.154	0.064	0.447
343	0.371	0.073	0.369	0.217	0.074	0.659
344	0.415	0.127	0.392	0.206	0.14	0.579
345	0.533	0.236	0.538	0.361	0.275	0.937
346	0.604	0.224	0.641	0.355	0.296	0.943
347	0.625	0.155	0.65	0.329	0.217	0.961
348	0.647	0.168	0.577	0.245	0.237	0.897
349	0.509	0.114	0.39	0.143	0.163	0.631
350	0.506	0.104	0.322	0.164	0.146	0.799
351	0.436	0.044	0.269	0.192	0.058	0.753
352	0.361	0.054	0.156	0.177	0.064	0.619
353	0.302	0.066	0.137	0.191	0.069	0.463
354	0.229	0.075	0.076	0.159	0.078	0.309
355	0.211	0.136	0.121	0.201	0.139	0.236
356	0.163	0.161	0.109	0.184	0.157	0.176
357	0.182	0.259	0.151	0.274	0.25	0.239
358	0.123	0.256	0.172	0.204	0.234	0.143
359	0.104	0.286	0.182	0.2	0.245	0.125
360	0.133	0.316	0.169	0.29	0.281	0.211
361	0.123	0.222	0.115	0.22	0.21	0.17
362	0.074	0.145	0.088	0.116	0.122	0.074
363	0.069	0.083	0.037	0.044	0.071	0.032
364	0.053	0.096	0.026	0.096	0.07	0.09
365	0.047	0.049	0.003	0.105	0.046	0.123
366	0.047	0.031	0.006	0.08	0.032	0.107
367	0.056	0.057	0.024	0.088	0.06	0.122
368	0.075	0.092	0.064	0.069	0.087	0.112
369	0.081	0.157	0.109	0.09	0.134	0.132
370	0.094	0.176	0.127	0.106	0.139	0.117
371	0.136	0.303	0.207	0.144	0.245	0.161
372	0.204	0.428	0.31	0.19	0.335	0.182
373	0.297	0.465	0.387	0.145	0.409	0.092
374	0.401	0.621	0.531	0.259	0.553	0.227
375	0.35	0.637	0.447	0.366	0.51	0.424
376	0.292	0.459	0.315	0.284	0.369	0.355
377	0.188	0.32	0.204	0.208	0.239	0.249
378	0.179	0.2	0.169	0.096	0.163	0.084
379	0.141	0.122	0.128	0.042	0.112	0.022
380	0.176	0.167	0.179	0.026	0.164	0.022
381	0.156	0.126	0.126	0.021	0.136	0.076
382	0.131	0.068	0.069	0.022	0.086	0.081
383	0.133	0.085	0.031	0.051	0.098	0.138
384	0.109	0.072	0.015	0.046	0.075	0.084
385	0.113	0.106	0.005	0.092	0.116	0.095
386	0.115	0.146	0.029	0.107	0.141	0.086
387	0.139	0.25	0.053	0.237	0.249	0.205
388	0.198	0.308	0.049	0.278	0.313	0.258
389	0.208	0.263	0.02	0.242	0.276	0.278
390	0.185	0.197	0.004	0.171	0.216	0.257
391	0.193	0.162	0.024	0.129	0.165	0.288
392	0.224	0.167	0.052	0.114	0.173	0.405
393	0.2	0.177	0.076	0.093	0.186	0.355
394	0.238	0.141	0.129	0.047	0.163	0.295
395	0.256	0.186	0.196	0.015	0.209	0.188
396	0.23	0.289	0.229	0.033	0.306	0.157
397	0.159	0.298	0.179	0.093	0.305	0.272
398	0.139	0.371	0.232	0.128	0.356	0.26
399	0.094	0.345	0.206	0.169	0.278	0.288
400	0.044	0.249	0.146	0.202	0.161	0.358
401	0.027	0.169	0.099	0.175	0.093	0.324
402	0.011	0.066	0.05	0.145	0.023	0.238
403	0.014	0.039	0.021	0.161	0.026	0.259
404	0.012	0.015	0.002	0.16	0.027	0.21
405	0.024	0.033	0.005	0.171	0.014	0.194
406	0.023	0.056	0.017	0.125	0.011	0.117
407	0.035	0.1	0.035	0.122	0.012	0.095
408	0.018	0.145	0.071	0.096	0.017	0.046
409	0.011	0.133	0.079	0.081	0.016	0.037
410	0.014	0.123	0.078	0.067	0.037	0.039
411	0.017	0.093	0.071	0.064	0.036	0.038
412	0.019	0.131	0.094	0.021	0.061	0.01
413	0.029	0.115	0.082	0.009	0.056	0.008
414	0.053	0.067	0.055	0.005	0.031	0.012
415	0.079	0.078	0.065	0.023	0.034	0.059
416	0.124	0.077	0.074	0.052	0.037	0.129
417	0.21	0.131	0.135	0.122	0.091	0.322
418	0.275	0.139	0.227	0.137	0.114	0.34
419	0.375	0.232	0.322	0.25	0.209	0.542
420	0.42	0.239	0.4	0.214	0.242	0.416
421	0.31	0.163	0.278	0.094	0.164	0.18
422	0.218	0.102	0.172	0.051	0.094	0.105
423	0.198	0.159	0.148	0.109	0.124	0.163
424	0.125	0.093	0.07	0.078	0.063	0.107
425	0.076	0.035	0.042	0.049	0.01	0.051
426	0.036	0.033	0.025	0.086	0.008	0.101
427	0.021	0.045	0.033	0.066	0.02	0.068
428	0.014	0.102	0.063	0.056	0.028	0.044
429	0.006	0.11	0.07	0.074	0.022	0.046
430	0.004	0.163	0.093	0.078	0.027	0.036
431	0.005	0.191	0.109	0.103	0.026	0.039
432	0.049	0.228	0.168	0.288	0.167	0.046
433	0.069	0.264	0.174	0.249	0.223	0.043
434	0.046	0.197	0.147	0.148	0.151	0.028
435	0.025	0.251	0.167	0.09	0.195	0.019
436	0.006	0.219	0.134	0.048	0.148	0.007
437	0.005	0.165	0.125	0.064	0.061	0.017
438	0.008	0.197	0.102	0.081	0.043	0.024
439	0.005	0.144	0.081	0.09	0.015	0.043
440	0.012	0.085	0.045	0.085	0.018	0.069
441	0.01	0.038	0.014	0.12	0.013	0.13
442	0.018	0.029	0.01	0.129	0.012	0.173
443	0.044	0.058	0.016	0.11	0.01	0.15
444	0.044	0.057	0.027	0.123	0.016	0.159
445	0.099	0.135	0.069	0.126	0.097	0.156
446	0.148	0.24	0.102	0.209	0.166	0.311
447	0.139	0.27	0.06	0.217	0.157	0.377
448	0.146	0.291	0.032	0.102	0.155	0.19
449	0.145	0.326	0.006	0.049	0.176	0.081
450	0.39	0.27	0.278	0.328	0.272	0.686
451	0.375	0.25	0.28	0.339	0.24	0.86
452	0.264	0.207	0.179	0.228	0.171	0.613
453	0.193	0.138	0.143	0.126	0.094	0.437
454	0.106	0.154	0.108	0.067	0.091	0.207
455	0.073	0.155	0.114	0.014	0.092	0.102
456	0.032	0.187	0.116	0.031	0.098	0.059
457	0.012	0.189	0.12	0.039	0.086	0.014
458	0.011	0.205	0.108	0.029	0.111	0.009
459	0.012	0.222	0.135	0.047	0.125	0.005
460	0.029	0.17	0.124	0.049	0.105	0.014
461	0.063	0.126	0.103	0.032	0.091	0.04
462	0.112	0.153	0.148	0.061	0.142	0.117
463	0.154	0.096	0.123	0.056	0.093	0.167
464	0.169	0.036	0.096	0.05	0.026	0.17
465	0.248	0.022	0.166	0.092	0.012	0.33
466	0.273	0.009	0.169	0.098	0.008	0.301
467	0.363	0.036	0.243	0.16	0.044	0.427
468	0.364	0.1	0.25	0.124	0.121	0.262
469	0.439	0.203	0.33	0.156	0.247	0.239
470	0.42	0.32	0.326	0.12	0.363	0.282
471	0.434	0.405	0.407	0.102	0.472	0.11
472	0.372	0.315	0.358	0.085	0.372	0.031
473	0.287	0.181	0.254	0.05	0.209	0.034
474	0.269	0.086	0.212	0.058	0.113	0.078
475	0.348	0.071	0.271	0.135	0.103	0.22
476	0.331	0.027	0.265	0.149	0.049	0.355
477	0.229	0.012	0.174	0.069	0.02	0.226
478	0.198	0.029	0.182	0.058	0.028	0.255
479	0.132	0.058	0.138	0.026	0.048	0.146
480	0.121	0.12	0.158	0.028	0.119	0.154
481	0.066	0.165	0.143	0.013	0.139	0.066
482	0.046	0.222	0.183	0.025	0.201	0.041
483	0.015	0.257	0.175	0.013	0.229	0.029
484	0.015	0.209	0.245	0.036	0.192	0.003
485	0.048	0.26	0.264	0.056	0.303	0.035
486	0.05	0.332	0.271	0.039	0.402	0.075
487	0.08	0.286	0.241	0.039	0.344	0.137
488	0.069	0.263	0.235	0.016	0.301	0.141
489	0.121	0.191	0.22	0.034	0.221	0.236
490	0.118	0.146	0.232	0.025	0.161	0.202
491	0.177	0.139	0.304	0.07	0.174	0.383
492	0.266	0.063	0.301	0.137	0.079	0.535
493	0.282	0.071	0.288	0.147	0.1	0.481
494	0.403	0.063	0.374	0.257	0.104	0.682
495	0.447	0.11	0.394	0.279	0.164	0.558
496	0.579	0.21	0.539	0.461	0.319	0.89
497	0.651	0.199	0.634	0.498	0.332	0.853
498	0.671	0.131	0.637	0.501	0.231	0.907
499	0.697	0.151	0.579	0.49	0.222	0.856
500	0.546	0.105	0.391	0.324	0.143	0.62
501	0.532	0.099	0.317	0.333	0.107	0.816
502	0.454	0.044	0.269	0.269	0.03	0.777
503	0.375	0.058	0.158	0.214	0.037	0.643
504	0.316	0.073	0.142	0.158	0.052	0.498
505	0.239	0.083	0.079	0.121	0.067	0.323
506	0.219	0.146	0.122	0.11	0.141	0.246
507	0.167	0.169	0.105	0.101	0.154	0.182
508	0.188	0.271	0.142	0.153	0.244	0.246
509	0.126	0.264	0.163	0.107	0.23	0.154
510	0.106	0.297	0.172	0.122	0.239	0.136
511	0.135	0.324	0.157	0.181	0.276	0.22
512	0.127	0.23	0.106	0.137	0.202	0.178
513	0.076	0.147	0.08	0.076	0.114	0.083
514	0.066	0.083	0.036	0.037	0.057	0.046
515	0.049	0.094	0.023	0.079	0.06	0.102
516	0.041	0.048	0.003	0.08	0.043	0.14
517	0.041	0.029	0.009	0.055	0.028	0.13
518	0.048	0.055	0.025	0.05	0.063	0.17
519	0.069	0.088	0.066	0.021	0.093	0.165
520	0.078	0.156	0.112	0.02	0.153	0.211
521	0.099	0.177	0.134	0.033	0.166	0.181
522	0.149	0.304	0.218	0.04	0.288	0.235
523	0.229	0.421	0.323	0.088	0.382	0.227
524	0.331	0.45	0.399	0.114	0.447	0.093
525	0.45	0.597	0.547	0.25	0.598	0.199
526	0.398	0.623	0.471	0.294	0.566	0.435
527	0.329	0.445	0.337	0.232	0.416	0.352
528	0.213	0.319	0.222	0.137	0.287	0.293
529	0.196	0.197	0.182	0.062	0.193	0.099
530	0.15	0.12	0.137	0.017	0.133	0.038
531	0.181	0.169	0.185	0.006	0.182	0.058
532	0.159	0.126	0.131	0.006	0.142	0.125
533	0.13	0.068	0.074	0.008	0.084	0.121
534	0.13	0.084	0.034	0.033	0.09	0.182
535	0.106	0.072	0.017	0.024	0.062	0.121
536	0.11	0.107	0.005	0.058	0.103	0.123
537	0.114	0.146	0.026	0.069	0.121	0.106
538	0.142	0.249	0.044	0.141	0.221	0.203
539	0.206	0.305	0.038	0.155	0.272	0.244
540	0.216	0.265	0.015	0.131	0.25	0.289
541	0.185	0.198	0.004	0.101	0.195	0.297
542	0.196	0.164	0.028	0.073	0.14	0.351
543	0.226	0.17	0.054	0.107	0.152	0.499
544	0.2	0.179	0.077	0.08	0.174	0.451
545	0.243	0.144	0.133	0.068	0.144	0.376
546	0.263	0.186	0.198	0.047	0.2	0.253
547	0.229	0.286	0.223	0.018	0.307	0.264
548	0.149	0.298	0.179	0.022	0.314	0.413
549	0.133	0.38	0.233	0.013	0.386	0.44
550	0.094	0.352	0.212	0.035	0.322	0.462
551	0.043	0.253	0.15	0.08	0.185	0.499
552	0.022	0.168	0.102	0.092	0.106	0.42
553	0.007	0.065	0.051	0.114	0.028	0.277
554	0.009	0.037	0.021	0.142	0.027	0.281
555	0.007	0.013	0.002	0.141	0.026	0.212
556	0.019	0.031	0.004	0.136	0.018	0.2
557	0.02	0.058	0.017	0.11	0.012	0.118
558	0.033	0.101	0.034	0.096	0.018	0.098
559	0.016	0.145	0.069	0.084	0.027	0.05
560	0.009	0.137	0.077	0.093	0.014	0.038
561	0.012	0.125	0.074	0.092	0.026	0.038
562	0.014	0.096	0.069	0.087	0.027	0.038
563	0.017	0.136	0.092	0.052	0.048	0.008
564	0.028	0.119	0.081	0.037	0.043	0.007
565	0.054	0.067	0.053	0.022	0.021	0.012
566	0.082	0.08	0.066	0.035	0.032	0.062
567	0.134	0.079	0.077	0.059	0.052	0.147
568	0.23	0.129	0.143	0.143	0.113	0.34
569	0.296	0.13	0.234	0.16	0.14	0.325
570	0.408	0.216	0.333	0.284	0.24	0.513
571	0.451	0.216	0.404	0.264	0.265	0.353
572	0.33	0.15	0.285	0.128	0.181	0.138
573	0.233	0.095	0.179	0.068	0.111	0.087
574	0.217	0.154	0.159	0.096	0.152	0.162
575	0.135	0.094	0.076	0.057	0.088	0.121
576	0.077	0.037	0.047	0.039	0.022	0.065
577	0.036	0.036	0.028	0.11	0.004	0.113
578	0.019	0.045	0.032	0.106	0.007	0.072
579	0.013	0.105	0.062	0.094	0.01	0.041
580	0.004	0.114	0.068	0.105	0.009	0.044
581	0.002	0.165	0.09	0.111	0.008	0.034
582	0.004	0.192	0.105	0.129	0.012	0.036
583	0.057	0.246	0.169	0.229	0.285	0.013
584	0.067	0.261	0.18	0.228	0.269	0.014
585	0.05	0.194	0.15	0.132	0.191	0.009
586	0.029	0.245	0.172	0.091	0.198	0.005
587	0.008	0.214	0.14	0.092	0.095	0.006
588	0.004	0.146	0.127	0.098	0.028	0.009
589	0.008	0.206	0.103	0.121	0.013	0.021
590	0.006	0.147	0.081	0.108	0.004	0.042
591	0.012	0.088	0.046	0.109	0.005	0.063
592	0.012	0.04	0.013	0.16	0.005	0.134
593	0.02	0.031	0.013	0.175	0.004	0.191
594	0.048	0.063	0.02	0.121	0.013	0.188
595	0.044	0.058	0.032	0.103	0.028	0.213
596	0.108	0.138	0.076	0.074	0.132	0.211
597	0.176	0.242	0.118	0.155	0.216	0.375
598	0.186	0.31	0.097	0.27	0.249	0.724
