index	fluctuation
1	0.243
2	0.398
3	0.177
4	0.207
5	0.083
6	0.043
7	0.023
8	0.015
9	0.02
10	0.022
11	0.016
12	0.024
13	0.042
14	0.074
15	0.064
16	0.086
17	0.086
18	0.083
19	0.071
20	0.13
21	0.176
22	0.286
23	0.154
24	0.052
25	0.041
26	0.053
27	0.07
28	0.068
29	0.117
30	0.044
31	0.044
32	0.031
33	0.03
34	0.046
35	0.066
36	0.118
37	0.217
38	0.144
39	0.154
40	0.106
41	0.072
42	0.256
43	0.166
44	0.126
45	0.151
46	0.128
47	0.392
48	0.798
49	1.288
50	1.883
51	0.225
52	0.274
53	0.294
54	0.276
55	0.202
56	0.145
57	0.108
58	0.106
59	0.182
60	0.105
61	0.087
62	0.127
63	0.106
64	0.063
65	0.036
66	0.042
67	0.041
68	0.03
69	0.044
70	0.024
71	0.033
72	0.038
73	0.099
74	0.24
75	0.433
76	2.082
77	1.281
78	0.542
79	0.12
80	0.042
81	0.026
82	0.034
83	0.03
84	0.032
85	0.06
86	0.05
87	0.05
88	0.044
89	0.171
90	0.409
91	0.764
92	0.205
93	0.162
94	0.115
95	0.095
96	0.099
97	0.066
98	0.095
99	0.124
100	0.186
101	0.109
102	0.088
103	0.055
104	0.04
105	0.077
106	0.04
107	0.019
108	0.028
109	0.03
110	0.017
111	0.012
112	0.011
113	0.01
114	0.012
115	0.01
116	0.028
117	0.073
118	0.034
119	0.055
120	0.063
121	0.139
122	0.162
123	0.066
124	0.038
125	0.04
126	0.033
127	0.025
128	0.027
129	0.013
130	0.013
131	0.011
132	0.013
133	0.016
134	1.559
135	0.143
136	0.04
137	0.037
138	0.023
139	0.032
140	0.023
141	0.011
142	0.013
143	0.014
144	0.017
145	0.023
146	0.066
147	0.035
148	0.091
149	2.337
150	0.249
151	0.393
152	0.171
153	0.194
154	0.079
155	0.042
156	0.024
157	0.015
158	0.021
159	0.023
160	0.017
161	0.025
162	0.043
163	0.075
164	0.064
165	0.081
166	0.073
167	0.079
168	0.069
169	0.139
170	0.234
171	0.372
172	0.168
173	0.051
174	0.039
175	0.052
176	0.07
177	0.068
178	0.117
179	0.045
180	0.046
181	0.032
182	0.033
183	0.051
184	0.077
185	0.123
186	0.208
187	0.15
188	0.169
189	0.104
190	0.072
191	0.261
192	0.157
193	0.131
194	0.164
195	0.131
196	0.422
197	0.859
198	1.369
199	1.384
200	0.235
201	0.282
202	0.266
203	0.249
204	0.186
205	0.143
206	0.112
207	0.106
208	0.177
209	0.099
210	0.081
211	0.123
212	0.105
213	0.063
214	0.035
215	0.041
216	0.04
217	0.028
218	0.044
219	0.023
220	0.031
221	0.036
222	0.079
223	0.23
224	0.374
225	2.146
226	0.991
227	0.483
228	0.118
229	0.041
230	0.025
231	0.033
232	0.03
233	0.031
234	0.057
235	0.047
236	0.048
237	0.042
238	0.168
239	0.387
240	0.89
241	0.229
242	0.171
243	0.106
244	0.097
245	0.1
246	0.059
247	0.091
248	0.116
249	0.16
250	0.101
251	0.086
252	0.052
253	0.038
254	0.071
255	0.039
256	0.018
257	0.026
258	0.029
259	0.017
260	0.012
261	0.011
262	0.01
263	0.012
264	0.01
265	0.026
266	0.069
267	0.034
268	0.055
269	0.063
270	0.139
271	0.158
272	0.064
273	0.037
274	0.04
275	0.033
276	0.024
277	0.026
278	0.013
279	0.013
280	0.011
281	0.014
282	0.017
283	1.238
284	0.12
285	0.037
286	0.036
287	0.023
288	0.03
289	0.022
290	0.011
291	0.013
292	0.014
293	0.017
294	0.024
295	0.066
296	0.034
297	0.087
298	2.146
299	0.218
300	0.384
301	0.16
302	0.182
303	0.074
304	0.039
305	0.022
306	0.015
307	0.02
308	0.022
309	0.017
310	0.024
311	0.043
312	0.078
313	0.069
314	0.091
315	0.081
316	0.076
317	0.066
318	0.126
319	0.21
320	0.38
321	0.164
322	0.048
323	0.038
324	0.05
325	0.067
326	0.068
327	0.116
328	0.046
329	0.045
330	0.031
331	0.031
332	0.048
333	0.073
334	0.111
335	0.194
336	0.138
337	0.151
338	0.1
339	0.072
340	0.287
341	0.154
342	0.128
343	0.15
344	0.121
345	0.394
346	0.852
347	1.482
348	1.537
349	0.21
350	0.264
351	0.296
352	0.272
353	0.203
354	0.145
355	0.109
356	0.104
357	0.181
358	0.102
359	0.083
360	0.127
361	0.105
362	0.067
363	0.036
364	0.041
365	0.04
366	0.029
367	0.042
368	0.023
369	0.029
370	0.032
371	0.076
372	0.237
373	0.384
374	1.854
375	0.969
376	0.511
377	0.105
378	0.037
379	0.023
380	0.031
381	0.028
382	0.031
383	0.056
384	0.046
385	0.047
386	0.044
387	0.173
388	0.418
389	0.831
390	0.223
391	0.171
392	0.114
393	0.096
394	0.098
395	0.059
396	0.09
397	0.109
398	0.143
399	0.093
400	0.08
401	0.048
402	0.037
403	0.07
404	0.039
405	0.018
406	0.026
407	0.028
408	0.018
409	0.012
410	0.011
411	0.01
412	0.011
413	0.01
414	0.025
415	0.066
416	0.03
417	0.049
418	0.059
419	0.132
420	0.152
421	0.061
422	0.035
423	0.035
424	0.03
425	0.021
426	0.023
427	0.012
428	0.012
429	0.011
430	0.014
431	0.018
432	1.321
433	0.132
434	0.038
435	0.035
436	0.022
437	0.038
438	0.025
439	0.011
440	0.013
441	0.012
442	0.014
443	0.017
444	0.041
445	0.03
446	0.082
447	0.558
448	0.857
449	3.071
450	0.235
451	0.429
452	0.177
453	0.211
454	0.079
455	0.041
456	0.025
457	0.015
458	0.02
459	0.023
460	0.017
461	0.024
462	0.042
463	0.077
464	0.062
465	0.079
466	0.074
467	0.08
468	0.071
469	0.139
470	0.237
471	0.458
472	0.16
473	0.05
474	0.04
475	0.053
476	0.071
477	0.068
478	0.113
479	0.043
480	0.043
481	0.03
482	0.031
483	0.049
484	0.076
485	0.119
486	0.201
487	0.141
488	0.153
489	0.1
490	0.069
491	0.247
492	0.16
493	0.125
494	0.15
495	0.13
496	0.42
497	0.867
498	1.341
499	1.755
500	0.235
501	0.265
502	0.27
503	0.262
504	0.196
505	0.14
506	0.101
507	0.098
508	0.171
509	0.097
510	0.081
511	0.119
512	0.101
513	0.06
514	0.032
515	0.036
516	0.034
517	0.025
518	0.036
519	0.024
520	0.03
521	0.035
522	0.077
523	0.245
524	0.394
525	1.875
526	1.038
527	0.5
528	0.119
529	0.04
530	0.024
531	0.033
532	0.029
533	0.031
534	0.054
535	0.044
536	0.044
537	0.04
538	0.154
539	0.369
540	0.738
541	0.19
542	0.158
543	0.118
544	0.098
545	0.099
546	0.062
547	0.092
548	0.11
549	0.161
550	0.105
551	0.09
552	0.052
553	0.037
554	0.065
555	0.033
556	0.015
557	0.023
558	0.026
559	0.016
560	0.011
561	0.011
562	0.01
563	0.012
564	0.01
565	0.026
566	0.07
567	0.035
568	0.055
569	0.062
570	0.14
571	0.157
572	0.065
573	0.037
574	0.039
575	0.033
576	0.024
577	0.026
578	0.013
579	0.012
580	0.011
581	0.013
582	0.016
583	1.288
584	0.144
585	0.041
586	0.039
587	0.024
588	0.038
589	0.024
590	0.012
591	0.014
592	0.014
593	0.017
594	0.023
595	0.064
596	0.035
597	0.087
598	2.256
