index	1ovs_A_1	1v6x_A_1
1	nan	0.652
2	nan	0.208
3	nan	0.371
4	nan	0.159
5	nan	0.079
6	nan	0.053
7	nan	0.084
8	nan	0.073
9	nan	0.057
10	nan	0.092
11	nan	0.23
12	nan	0.3
13	nan	0.222
14	nan	0.096
15	nan	0.06
16	nan	0.045
17	nan	0.037
18	nan	0.041
19	nan	0.043
20	nan	0.083
21	nan	0.151
22	nan	0.202
23	nan	0.437
24	nan	0.302
25	nan	0.322
26	nan	0.747
27	nan	0.418
28	nan	0.379
29	nan	0.403
30	nan	0.2
31	nan	0.175
32	nan	0.267
33	nan	0.182
34	nan	0.119
35	nan	0.176
36	31.627	0.22
37	4.515	0.125
38	0.179	0.071
39	0.088	0.067
40	nan	0.044
41	0.098	0.044
42	0.162	0.039
43	0.12	0.049
44	nan	0.081
45	nan	0.098
46	nan	0.067
47	nan	0.053
48	nan	0.062
49	nan	0.071
50	nan	0.107
51	nan	0.097
52	nan	0.093
53	nan	0.118
54	0.159	0.234
55	0.246	0.414
56	0.108	0.543
57	0.118	0.677
58	0.135	0.421
59	0.071	0.232
60	0.069	0.239
61	nan	0.167
62	nan	0.244
63	nan	0.15
64	nan	0.075
65	nan	0.106
66	nan	0.14
67	nan	0.093
68	nan	0.091
69	nan	0.155
70	nan	0.152
71	nan	0.09
72	nan	0.128
73	nan	0.256
74	nan	0.249
75	nan	0.22
76	nan	0.076
77	nan	0.084
78	0.063	0.057
79	0.064	0.043
80	0.08	0.044
81	0.051	0.046
82	0.045	0.045
83	0.03	0.045
84	0.042	0.058
85	0.087	0.109
86	nan	0.215
87	nan	0.362
88	nan	0.349
89	nan	0.187
90	nan	0.261
91	nan	0.585
92	nan	0.606
93	nan	0.316
94	nan	0.452
95	nan	0.676
96	nan	0.494
97	nan	0.421
98	nan	0.4
99	nan	0.549
100	nan	0.499
101	nan	0.226
102	nan	0.207
103	nan	0.252
104	nan	0.185
105	nan	0.12
106	nan	0.132
107	nan	0.137
108	nan	0.094
109	nan	0.068
110	nan	0.095
111	nan	0.122
112	nan	0.101
113	nan	0.073
114	nan	0.12
115	nan	0.196
116	nan	0.167
117	nan	0.153
118	nan	0.185
119	nan	0.17
120	nan	0.1
121	nan	0.075
122	nan	0.045
123	nan	0.033
124	nan	0.021
125	nan	0.027
126	nan	0.036
127	nan	0.049
128	nan	0.087
129	nan	0.148
130	nan	0.126
131	nan	0.222
132	nan	0.443
133	nan	0.831
134	nan	0.644
135	nan	0.592
136	nan	0.159
137	nan	0.257
138	nan	0.223
139	nan	0.244
140	nan	0.407
141	nan	0.296
142	nan	0.3
143	nan	0.188
144	nan	0.189
145	nan	0.3
146	nan	0.281
147	nan	0.338
148	nan	0.351
149	nan	0.335
150	nan	0.155
151	nan	0.125
152	nan	0.137
153	nan	0.12
154	nan	0.068
155	nan	0.058
156	nan	0.094
157	nan	0.097
158	nan	0.069
159	nan	0.104
160	nan	0.163
161	nan	0.118
162	nan	0.16
163	nan	0.189
164	nan	0.188
165	0.203	0.11
166	0.18	0.063
167	0.083	0.032
168	0.041	0.029
169	0.046	0.03
170	nan	0.039
171	nan	0.079
172	nan	0.067
173	nan	0.112
174	nan	0.08
175	nan	0.105
176	nan	0.125
177	nan	0.149
178	nan	0.426
179	nan	0.213
180	nan	0.161
181	nan	0.093
182	nan	0.071
183	nan	0.106
184	nan	0.117
185	nan	0.1
186	nan	0.118
187	nan	0.168
188	nan	0.149
189	nan	0.115
190	nan	0.157
191	nan	0.189
192	nan	0.129
193	nan	0.183
194	nan	0.45
195	nan	0.563
196	nan	0.409
197	nan	0.174
198	nan	0.136
199	nan	0.105
200	nan	0.054
201	nan	0.045
202	nan	0.031
203	nan	0.032
204	nan	0.037
205	nan	0.037
206	nan	0.062
207	nan	0.086
208	nan	0.12
209	nan	0.265
210	nan	0.704
211	nan	1.336
212	nan	0.408
213	nan	0.349
214	nan	0.29
215	nan	0.287
216	nan	0.292
217	nan	0.158
218	nan	0.096
219	nan	0.116
220	nan	0.126
221	nan	0.096
222	nan	0.086
223	nan	0.108
224	nan	0.126
225	nan	0.095
226	nan	0.078
227	nan	0.175
228	nan	0.189
229	nan	0.184
230	nan	0.097
231	0.049	0.061
232	0.058	0.046
233	0.052	0.055
234	0.047	0.042
235	0.046	0.035
236	0.128	0.038
237	0.259	0.048
238	nan	0.09
239	nan	0.066
240	nan	0.103
241	nan	0.126
242	nan	0.082
243	nan	0.076
244	nan	0.06
245	nan	0.098
246	nan	0.108
247	nan	0.078
248	nan	0.07
249	nan	0.094
250	nan	0.096
251	nan	0.084
252	nan	0.095
253	nan	0.09
254	nan	0.085
255	nan	0.132
256	nan	0.163
257	nan	0.117
258	nan	0.227
259	0.328	0.098
260	0.128	0.057
261	0.144	0.075
262	0.152	0.083
263	0.1	0.05
264	0.091	0.041
265	0.077	0.044
266	0.078	nan
267	nan	0.049
268	nan	0.06
269	nan	0.096
270	nan	0.069
271	nan	0.085
272	nan	0.147
273	nan	0.155
274	nan	0.136
275	nan	0.516
276	nan	0.317
277	nan	0.162
278	nan	0.403
279	nan	0.194
280	nan	0.105
281	nan	0.058
282	nan	0.062
283	nan	0.08
284	0.085	0.086
285	0.087	0.119
286	0.106	0.242
287	0.29	0.373
288	0.137	0.184
289	0.183	0.173
290	0.08	0.11
291	0.076	nan
292	nan	0.079
293	nan	0.046
294	nan	0.049
295	nan	0.057
296	nan	0.058
297	nan	0.059
298	nan	0.061
299	nan	0.064
300	nan	0.071
301	nan	0.067
302	nan	0.084
303	nan	0.132
304	nan	0.228
305	nan	0.227
306	nan	0.486
307	nan	1.887
308	nan	1.984
309	nan	1.974
310	nan	0.775
311	nan	0.659
312	0.089	0.973
313	0.109	0.337
314	0.229	0.214
315	0.08	0.229
316	nan	0.181
317	nan	0.119
318	nan	0.139
319	nan	0.127
320	nan	0.256
321	nan	0.364
322	nan	0.383
323	nan	0.345
324	nan	0.226
325	nan	0.124
326	nan	0.094
327	nan	0.14
328	nan	0.163
329	nan	0.46
330	nan	0.961
331	nan	0.582
332	nan	0.772
333	nan	0.917
334	nan	0.856
335	nan	0.499
336	nan	0.44
337	0.164	0.33
338	0.071	0.15
339	0.047	0.133
340	0.089	0.129
341	0.218	0.131
342	0.167	0.253
343	nan	0.502
344	nan	0.57
345	nan	1.749
346	nan	1.433
347	nan	0.96
348	nan	0.392
349	nan	0.269
350	0.051	0.161
351	0.061	0.152
352	0.062	0.102
353	0.077	0.139
354	0.077	0.117
355	0.092	0.138
356	0.049	0.107
357	nan	0.101
358	nan	0.062
359	nan	0.065
360	nan	0.056
361	nan	0.101
362	0.062	0.158
363	0.081	0.516
364	0.787	0.613
365	0.654	0.656
366	0.335	0.187
367	0.116	0.088
368	0.063	0.061
369	0.081	nan
370	nan	0.091
371	nan	0.126
372	nan	0.357
373	nan	0.484
374	nan	0.46
375	nan	0.638
376	nan	0.428
377	nan	0.393
378	nan	0.251
379	nan	0.175
380	0.076	0.089
381	nan	0.101
382	nan	0.106
383	nan	0.237
384	nan	0.402
385	nan	0.362
386	nan	0.885
387	nan	0.393
388	nan	0.361
389	nan	0.134
390	0.068	0.115
391	0.079	0.071
392	nan	0.051
393	0.299	0.042
394	0.166	0.059
395	0.491	0.089
396	0.659	0.141
397	2.333	0.263
398	10.201	0.321
399	6.865	nan
400	3.276	0.141
401	0.694	0.104
402	0.172	0.063
403	nan	0.067
404	nan	0.048
405	nan	0.072
406	nan	0.129
407	0.094	0.201
408	0.067	0.155
409	0.085	0.132
410	0.056	0.074
411	0.038	0.067
412	0.025	0.112
413	0.04	0.133
414	0.083	0.309
415	0.809	0.844
416	1.625	nan
417	2.027	0.489
418	0.447	nan
419	0.469	0.503
420	0.047	0.561
421	0.047	0.73
422	nan	0.484
423	0.029	0.424
424	0.026	0.274
425	0.042	0.174
426	0.065	0.108
427	0.071	0.108
428	0.068	0.102
429	0.095	nan
430	0.132	0.204
431	0.288	0.38
432	0.614	0.39
433	21.83	0.801
434	nan	0.616
435	nan	0.553
436	nan	0.304
437	nan	0.208
438	nan	0.121
439	nan	0.114
440	nan	0.132
441	nan	0.231
442	nan	0.264
443	nan	0.487
