index	1ovs_A_1	1v6x_A_1
1	nan	78674.641
2	nan	97389.773
3	nan	85535.397
4	nan	114479.736
5	nan	147127.586
6	nan	187644.737
7	nan	142387.576
8	nan	168482.094
9	nan	178642.521
10	nan	139141.718
11	nan	91580.879
12	nan	101908.544
13	nan	99145.392
14	nan	112321.872
15	nan	131625.549
16	nan	146753.79
17	nan	217295.551
18	nan	167420.138
19	nan	178114.503
20	nan	151082.551
21	nan	142531.066
22	nan	120672.665
23	nan	87009.3
24	nan	91198.659
25	nan	103582.827
26	nan	84166.044
27	nan	76304.244
28	nan	77378.504
29	nan	99397.822
30	nan	109307.305
31	nan	119767.922
32	nan	92246.114
33	nan	111633.272
34	nan	157116.565
35	nan	126405.056
36	34275.312	87171.168
37	51844.601	127038.199
38	91261.332	146601.053
39	168995.3	154547.934
40	nan	154847.967
41	111450.802	183431.733
42	104832.545	168824.902
43	104631.813	195164.178
44	nan	121081.48
45	nan	114249.404
46	nan	137717.196
47	nan	155601.673
48	nan	140155.47
49	nan	158950.596
50	nan	124095.731
51	nan	144500.898
52	nan	154900.513
53	nan	135893.673
54	117746.504	114269.343
55	91686.423	83663.933
56	120151.193	82123.397
57	93698.014	92741.521
58	113420.125	72981.824
59	98827.114	100993.722
60	123114.241	103490.768
61	nan	101389.254
62	nan	86472.869
63	nan	120757.796
64	nan	165784.799
65	nan	106763.591
66	nan	95793.762
67	nan	157391.647
68	nan	123045.471
69	nan	102833.442
70	nan	92359.114
71	nan	168828.68
72	nan	107076.294
73	nan	74167.716
74	nan	92402.859
75	nan	113378.533
76	nan	123295.006
77	nan	118578.008
78	153409.599	155086.008
79	144127.82	133035.128
80	131598.213	185355.675
81	186485.047	134549.774
82	137592.554	159536.673
83	201022.597	156065.011
84	136338.933	183128.838
85	137793.646	105141.456
86	nan	100393.313
87	nan	87786.76
88	nan	82581.103
89	nan	116286.677
90	nan	112592.907
91	nan	90628.401
92	nan	71574.096
93	nan	120609.292
94	nan	93451.352
95	nan	74356.419
96	nan	92354.18
97	nan	103598.135
98	nan	116439.049
99	nan	88117.702
100	nan	91554.808
101	nan	131394.2
102	nan	119213.26
103	nan	96870.26
104	nan	137504.601
105	nan	133495.259
106	nan	132732.123
107	nan	114972.351
108	nan	137157.598
109	nan	162602.806
110	nan	124547.947
111	nan	137124.069
112	nan	146741.193
113	nan	140936.979
114	nan	121922.427
115	nan	82847.502
116	nan	103185.191
117	nan	103516.679
118	nan	112218.539
119	nan	85445.73
120	nan	131849.148
121	nan	137388.402
122	nan	136072.799
123	nan	138701.967
124	nan	171112.439
125	nan	182020.012
126	nan	159592.261
127	nan	137714.941
128	nan	113598.496
129	nan	153293.558
130	nan	125892.093
131	nan	130690.904
132	nan	94541.418
133	nan	68972.034
134	nan	99333.655
135	nan	83051.389
136	nan	147676.788
137	nan	131101.919
138	nan	102571.444
139	nan	96893.066
140	nan	77867.777
141	nan	105065.748
142	nan	110473.89
143	nan	142184.386
144	nan	120496.9
145	nan	88345.351
146	nan	118331.542
147	nan	109655.55
148	nan	80135.392
149	nan	81875.936
150	nan	105502.154
151	nan	133288.208
152	nan	108485.369
153	nan	113074.191
154	nan	169655.441
155	nan	137044.369
156	nan	105694.778
157	nan	131836.742
158	nan	180299.972
159	nan	107995.863
160	nan	105233.763
161	nan	140340.645
162	nan	125436.366
163	nan	98272.451
164	nan	100571.672
165	85079.117	150860.003
166	127208.803	121098.372
167	119878.242	161283.29
168	157272.045	175268.353
169	146903.213	137768.888
170	nan	152020.19
171	nan	140362.318
172	nan	102411.276
173	nan	125988.14
174	nan	150988.938
175	nan	144502.568
176	nan	127454.305
177	nan	94169.203
178	nan	78296.6
179	nan	86706.243
180	nan	136365.008
181	nan	137145.848
182	nan	156305.468
183	nan	109754.078
184	nan	147640.459
185	nan	141733.658
186	nan	111559.981
187	nan	95732.541
188	nan	98730.466
189	nan	138414.416
190	nan	97389.195
191	nan	92694.959
192	nan	109842.757
193	nan	108695.817
194	nan	74181.349
195	nan	59449.408
196	nan	92231.622
197	nan	102663.865
198	nan	118265.039
199	nan	136815.386
200	nan	125472.255
201	nan	159485.956
202	nan	166294.481
203	nan	209583.802
204	nan	138773.896
205	nan	131685.695
206	nan	159865.652
207	nan	118454.998
208	nan	119457.685
209	nan	106583.949
210	nan	70110.622
211	nan	61737.2
212	nan	91795.781
213	nan	100239.556
214	nan	98784.904
215	nan	90745.469
216	nan	90804.972
217	nan	94405.136
218	nan	125241.754
219	nan	116022.724
220	nan	106720.623
221	nan	140691.772
222	nan	154662.513
223	nan	116188.636
224	nan	110198.86
225	nan	127020.599
226	nan	148214.14
227	nan	96557.475
228	nan	96086.35
229	nan	117159.164
230	nan	128304.174
231	167348.206	128226.667
232	130301.601	168585.315
233	154860.843	194653.645
234	133463.918	158968.333
235	151531.781	169015.517
236	108933.87	137507.557
237	80316.913	147844.157
238	nan	155162.418
239	nan	150588.184
240	nan	122263.593
241	nan	146315.641
242	nan	175243.496
243	nan	149413.967
244	nan	163313.331
245	nan	124298.242
246	nan	134799.32
247	nan	136467.19
248	nan	159644.893
249	nan	130064.486
250	nan	148049.042
251	nan	157268.421
252	nan	127134.258
253	nan	134518.226
254	nan	159167.534
255	nan	125172.446
256	nan	107575.438
257	nan	122158.137
258	nan	95561.515
259	75688.617	104180.109
260	98725.242	160642.949
261	115648.327	127915.15
262	117980.689	206250.8
263	108528.495	153647.035
264	110624.567	172607.797
265	118436.585	165839.643
266	149316.286	nan
267	nan	120858.4
268	nan	193561.948
269	nan	160390.898
270	nan	137020.824
271	nan	151050.048
272	nan	111109.017
273	nan	120261.014
274	nan	142208.304
275	nan	68231.871
276	nan	87360.112
277	nan	118645.822
278	nan	88897.763
279	nan	101904.554
280	nan	138294.58
281	nan	170656.008
282	nan	163093.42
283	nan	153519.246
284	114464.285	131315.826
285	129020.957	122024.948
286	101025.384	122534.652
287	73697.164	69450.838
288	99835.015	126754.46
289	114120.439	116129.289
290	114548.448	117141.104
291	126239.632	nan
292	nan	143764.832
293	nan	194652.134
294	nan	190156.16
295	nan	120576.351
296	nan	147359.93
297	nan	176462.159
298	nan	165568.109
299	nan	152032.498
300	nan	140488.251
301	nan	162493.912
302	nan	152648.338
303	nan	120667.549
304	nan	112775.63
305	nan	129807.316
306	nan	94709.283
307	nan	61911.0
308	nan	57938.298
309	nan	58907.349
310	nan	85566.089
311	nan	93249.558
312	142336.214	70895.395
313	100582.746	110465.412
314	85376.476	126996.554
315	93328.051	143314.548
316	nan	120433.371
317	nan	131898.96
318	nan	129093.589
319	nan	195942.436
320	nan	114558.385
321	nan	131502.025
322	nan	127499.785
323	nan	131016.61
324	nan	120493.831
325	nan	161873.114
326	nan	157402.095
327	nan	153042.939
328	nan	154983.97
329	nan	112087.397
330	nan	63603.719
331	nan	104081.069
332	nan	94710.248
333	nan	93044.259
334	nan	78934.738
335	nan	92825.8
336	nan	114837.823
337	109463.738	114007.258
338	120783.493	121360.777
339	161726.686	157965.866
340	139416.278	146795.25
341	86595.219	170407.192
342	99558.621	116949.709
343	nan	92320.919
344	nan	104875.245
345	nan	68014.796
346	nan	71149.113
347	nan	95204.344
348	nan	101542.068
349	nan	133739.51
350	159066.697	142317.219
351	122293.27	131342.23
352	162848.667	121900.556
353	128870.577	141634.437
354	158053.777	115171.597
355	127312.32	123486.484
356	161504.052	117369.717
357	nan	147941.642
358	nan	188321.68
359	nan	139532.722
360	nan	149969.818
361	nan	131270.616
362	148601.814	154478.478
363	130112.727	85961.284
364	68231.114	100536.859
365	77516.61	81096.263
366	67727.441	127751.382
367	96830.074	166856.978
368	144017.515	157193.465
369	102838.777	nan
370	nan	153561.146
371	nan	178695.51
372	nan	114772.957
373	nan	113375.628
374	nan	102455.015
375	nan	112480.46
376	nan	95002.098
377	nan	120289.763
378	nan	127844.945
379	nan	124188.412
380	128703.041	165671.663
381	nan	144001.948
382	nan	159624.525
383	nan	114381.115
384	nan	108802.444
385	nan	110731.443
386	nan	57851.093
387	nan	115706.352
388	nan	105680.669
389	nan	115997.521
390	114984.24	145820.873
391	128089.753	155598.047
392	nan	157799.418
393	108385.83	137466.395
394	89617.221	138611.931
395	86671.797	139357.067
396	86071.737	123109.908
397	68768.651	119912.556
398	50132.137	82288.928
399	52831.338	nan
400	61037.631	145192.23
401	85727.982	145636.088
402	114240.605	137265.704
403	nan	154676.721
404	nan	197960.516
405	nan	155901.774
406	nan	117587.699
407	108387.598	138721.875
408	162122.598	148119.221
409	132223.165	138018.019
410	157034.764	161915.058
411	182136.184	156730.415
412	173863.225	158543.713
413	131047.508	191878.058
414	124091.034	123002.055
415	99914.909	86951.475
416	56175.362	nan
417	55815.414	121725.861
418	78038.059	nan
419	79158.539	134517.718
420	107214.628	117016.732
421	132852.762	104377.445
422	nan	94770.895
423	166657.201	120025.891
424	221512.152	131217.799
425	161298.973	130370.352
426	162509.104	147349.47
427	137203.68	145717.058
428	143719.905	168945.654
429	130391.292	nan
430	101123.427	120068.871
431	97492.25	106967.141
432	69622.425	106786.49
433	38210.971	83830.334
434	nan	82849.135
435	nan	113939.866
436	nan	115846.59
437	nan	155032.748
438	nan	160034.014
439	nan	128596.918
440	nan	116022.14
441	nan	118752.951
442	nan	102632.818
443	nan	92276.582
