index	6jys_A	1ugy_A
1	2.511	nan
2	0.55	nan
3	0.595	nan
4	0.152	nan
5	0.206	nan
6	0.141	nan
7	0.172	nan
8	0.121	nan
9	0.156	nan
10	0.059	nan
11	0.06	nan
12	nan	0.519
13	nan	0.821
14	nan	0.494
15	0.077	0.616
16	0.071	0.421
17	0.047	0.492
18	0.025	nan
19	0.018	nan
20	0.017	nan
21	0.022	nan
22	0.031	nan
23	0.042	nan
24	0.056	0.721
25	0.035	0.296
26	0.027	0.382
27	0.039	0.256
28	0.066	0.16
29	0.039	0.192
30	0.045	nan
31	0.052	nan
32	0.095	nan
33	0.101	nan
34	0.248	nan
35	1.328	nan
36	1.159	nan
37	0.184	nan
38	0.126	nan
39	0.055	nan
40	0.057	nan
41	0.037	0.144
42	0.022	0.297
43	0.017	nan
44	0.02	0.255
45	0.018	0.24
46	0.022	0.257
47	0.024	nan
48	0.035	nan
49	0.043	nan
50	0.03	nan
51	0.046	nan
52	0.038	nan
53	0.035	nan
54	0.018	nan
55	0.02	nan
56	0.02	nan
57	0.057	0.127
58	0.072	0.083
59	0.069	0.177
60	0.046	0.216
61	0.059	0.485
62	0.034	0.292
63	nan	0.063
64	0.02	0.068
65	0.022	0.077
66	0.028	0.141
67	0.036	0.179
68	0.037	nan
69	0.025	nan
70	0.029	nan
71	0.033	nan
72	0.056	nan
73	0.109	nan
74	0.129	nan
75	0.767	nan
76	0.361	nan
77	0.564	nan
78	0.146	nan
79	0.032	nan
80	0.045	nan
81	0.029	nan
82	0.026	0.318
83	0.022	0.212
84	0.023	0.14
85	0.033	0.113
86	0.036	0.137
87	0.037	0.405
88	0.05	2.28
89	0.201	2.515
90	0.129	nan
91	0.243	nan
92	0.184	nan
93	0.1	nan
94	0.194	nan
95	0.143	nan
96	0.283	nan
97	0.23	nan
98	0.317	nan
99	0.061	nan
100	0.035	nan
101	0.027	nan
102	0.031	nan
103	0.019	1.672
104	0.022	0.64
105	0.027	0.547
106	0.035	0.448
107	0.034	nan
108	0.032	nan
109	0.028	nan
110	0.029	nan
111	0.024	nan
112	0.024	nan
113	0.025	nan
114	0.034	nan
115	0.029	nan
116	0.033	nan
117	0.058	nan
118	0.103	nan
119	0.527	nan
120	0.93	nan
121	2.343	nan
122	8.295	nan
123	9.374	nan
124	10.73	nan
125	4.076	nan
126	3.093	nan
127	5.08	nan
128	1.038	nan
129	0.341	nan
130	0.207	nan
131	0.078	nan
132	0.049	nan
133	0.032	nan
134	0.029	nan
135	0.024	nan
136	0.026	nan
137	0.03	nan
138	0.03	nan
139	0.076	nan
140	0.053	nan
141	0.069	nan
142	0.037	nan
143	0.018	nan
144	0.019	nan
145	0.016	nan
146	0.02	nan
147	0.031	nan
148	0.031	nan
149	0.025	0.409
150	0.022	0.825
151	0.019	0.42
152	0.018	0.303
153	0.025	nan
154	0.049	0.317
155	0.107	0.156
156	0.115	nan
157	0.112	nan
158	0.247	nan
159	0.134	nan
160	0.174	nan
161	0.099	nan
162	0.071	nan
163	0.081	nan
164	0.049	nan
165	0.054	nan
166	0.035	nan
167	0.036	nan
168	0.037	nan
169	0.042	nan
170	0.047	nan
171	0.045	nan
172	0.027	nan
173	0.045	nan
174	0.07	nan
175	0.251	nan
176	1.261	nan
177	0.863	nan
178	nan	0.413
179	0.133	1.32
180	0.124	2.557
181	0.052	3.722
182	0.051	0.316
183	0.044	0.452
184	0.057	0.523
185	0.048	0.653
186	0.042	0.459
187	0.049	0.43
188	0.043	0.377
189	0.027	0.426
190	0.028	0.678
191	0.048	nan
192	0.391	nan
193	0.456	nan
194	0.324	nan
195	0.323	nan
196	0.127	nan
197	0.104	nan
198	0.063	nan
199	0.069	nan
200	0.048	nan
201	0.12	nan
202	0.069	nan
203	0.139	nan
204	0.149	nan
205	0.134	0.52
206	0.557	1.061
207	0.241	nan
208	0.651	1.259
209	0.219	0.373
210	0.052	0.414
211	0.035	0.245
212	0.024	0.327
213	0.021	nan
214	0.027	0.401
215	0.02	0.318
216	0.026	0.552
217	0.034	0.418
218	0.045	0.134
219	0.071	0.152
220	0.056	0.445
221	0.059	0.487
222	0.106	nan
223	0.124	nan
224	0.186	nan
225	0.344	1.145
226	2.501	5.436
227	10.429	4.085
228	1.233	1.404
229	0.493	nan
230	0.087	0.385
231	0.062	0.141
232	0.042	nan
233	0.027	nan
234	0.023	nan
235	0.021	nan
236	0.025	nan
237	0.017	nan
238	0.02	nan
239	0.036	nan
240	0.029	nan
241	0.027	nan
242	0.038	nan
243	0.035	nan
244	0.026	nan
245	0.041	nan
246	0.095	nan
247	0.097	nan
248	0.055	nan
249	0.089	nan
250	0.115	nan
251	0.184	nan
252	0.224	nan
253	0.117	0.086
254	0.076	nan
255	0.036	0.055
256	0.032	0.086
257	0.032	0.155
258	0.039	0.286
259	0.047	0.238
260	0.04	0.228
261	0.074	0.216
262	0.123	0.672
263	0.429	1.247
264	1.377	nan
265	1.278	2.065
266	0.607	0.543
267	0.426	0.445
268	0.134	nan
269	0.14	nan
270	0.125	nan
271	0.05	nan
272	0.043	nan
273	0.023	nan
274	0.021	nan
275	0.027	nan
276	0.035	nan
277	0.04	nan
278	0.032	nan
279	0.031	nan
280	0.026	nan
281	nan	0.519
282	nan	0.28
283	0.022	0.264
284	0.035	0.11
285	0.05	0.187
286	nan	0.395
287	0.11	0.941
288	0.215	0.561
289	0.221	0.686
290	0.17	0.925
291	0.199	1.555
292	0.108	1.342
293	0.158	1.096
294	0.628	0.759
295	0.405	0.92
296	0.245	6.446
297	0.299	11.471
298	0.171	1.404
299	0.087	0.431
300	0.093	0.227
301	nan	0.165
302	nan	0.18
303	0.067	0.28
304	0.084	0.436
305	0.075	0.542
306	0.104	0.185
307	0.17	0.1
308	0.073	0.217
309	0.129	nan
310	0.2	0.146
311	0.377	0.077
312	0.482	0.082
313	0.387	0.099
314	0.347	0.331
315	0.143	0.833
316	nan	0.82
317	0.209	0.735
318	0.17	0.356
319	0.215	0.632
320	nan	1.228
321	nan	3.36
