index	6jys_A	1ugy_A
1	44041.658	nan
2	59375.822	nan
3	81908.963	nan
4	101278.709	nan
5	97342.571	nan
6	100533.829	nan
7	87056.614	nan
8	74886.307	nan
9	95128.313	nan
10	121253.4	nan
11	127170.55	nan
12	nan	108205.132
13	nan	78229.099
14	nan	101269.947
15	110182.015	86882.904
16	85799.096	90920.34
17	120246.827	102238.168
18	152608.598	nan
19	172290.889	nan
20	204327.515	nan
21	148841.87	nan
22	141547.735	nan
23	141004.424	nan
24	115741.89	108476.342
25	124998.705	115096.117
26	147998.571	104724.149
27	102605.385	106778.248
28	110216.636	169936.206
29	130056.191	141132.251
30	110493.734	nan
31	143726.75	nan
32	147013.529	nan
33	117563.611	nan
34	99646.994	nan
35	59969.704	nan
36	52727.025	nan
37	81590.016	nan
38	95668.644	nan
39	124893.268	nan
40	117993.953	nan
41	153117.966	119415.001
42	158101.951	120913.438
43	173563.38	nan
44	236330.087	126885.127
45	148531.554	124599.136
46	167464.084	138426.808
47	147777.911	nan
48	155018.444	nan
49	134793.977	nan
50	160593.013	nan
51	99368.582	nan
52	123311.148	nan
53	121654.391	nan
54	182939.776	nan
55	165032.348	nan
56	175237.063	nan
57	122143.789	164821.88
58	108622.34	139095.306
59	99028.771	130048.511
60	140514.278	96830.481
61	102338.441	72216.514
62	154182.567	119402.758
63	nan	192065.216
64	155582.26	175542.949
65	152165.457	218402.629
66	157656.353	144613.914
67	129542.295	126280.565
68	122945.882	nan
69	178885.357	nan
70	111470.86	nan
71	151793.404	nan
72	112529.183	nan
73	120728.792	nan
74	97400.75	nan
75	59900.564	nan
76	75441.927	nan
77	66162.603	nan
78	75625.826	nan
79	140257.424	nan
80	119682.628	nan
81	146129.974	nan
82	153581.975	122063.236
83	161614.568	145173.973
84	130974.185	141218.238
85	153838.187	133640.64
86	158242.678	135699.543
87	118283.26	103259.316
88	138276.895	64719.125
89	76464.981	80825.283
90	101209.94	nan
91	77704.086	nan
92	83704.963	nan
93	98994.969	nan
94	84660.091	nan
95	104185.529	nan
96	63925.823	nan
97	76396.402	nan
98	70091.567	nan
99	129013.268	nan
100	155863.825	nan
101	189639.776	nan
102	165472.247	nan
103	145580.576	75537.308
104	206134.741	92201.638
105	157943.387	85763.36
106	138443.026	86440.151
107	147736.445	nan
108	124646.182	nan
109	142659.109	nan
110	177727.451	nan
111	149321.239	nan
112	158381.302	nan
113	132388.983	nan
114	180048.08	nan
115	134531.861	nan
116	150925.356	nan
117	128961.03	nan
118	111225.399	nan
119	76417.803	nan
120	66735.13	nan
121	76512.561	nan
122	62586.463	nan
123	55828.885	nan
124	63242.137	nan
125	68085.81	nan
126	82270.645	nan
127	53967.747	nan
128	90543.965	nan
129	100318.642	nan
130	115386.447	nan
131	138026.981	nan
132	126572.638	nan
133	158296.725	nan
134	148785.944	nan
135	127317.816	nan
136	157244.796	nan
137	161633.736	nan
138	155115.888	nan
139	113120.235	nan
140	119635.403	nan
141	114501.104	nan
142	122356.454	nan
143	147973.87	nan
144	163879.754	nan
145	174485.285	nan
146	145402.87	nan
147	113660.713	nan
148	165520.659	nan
149	150510.173	130796.093
150	155223.596	69712.141
151	195519.128	82494.698
152	159820.868	107140.074
153	127376.999	nan
154	143164.368	115395.097
155	87995.882	143155.625
156	85616.074	nan
157	125248.855	nan
158	84518.582	nan
159	132026.953	nan
160	89845.194	nan
161	83333.771	nan
162	83317.388	nan
163	94229.848	nan
164	95693.929	nan
165	148626.987	nan
166	108802.874	nan
167	125342.744	nan
168	122504.734	nan
169	146301.925	nan
170	110884.779	nan
171	173331.482	nan
172	145879.75	nan
173	165460.546	nan
174	129476.707	nan
175	88145.282	nan
176	51080.853	nan
177	57269.478	nan
178	nan	73449.835
179	107651.397	71331.016
180	109260.477	71646.034
181	115228.989	86080.699
182	103509.324	99106.385
183	114398.204	93853.754
184	97992.379	95006.849
185	108575.187	100478.029
186	122500.438	82384.82
187	145391.183	99444.296
188	122134.562	96229.283
189	140275.366	107857.321
190	147256.201	81544.346
191	151198.204	nan
192	79443.712	nan
193	65117.606	nan
194	86112.185	nan
195	75405.842	nan
196	102709.724	nan
197	96912.329	nan
198	92104.681	nan
199	110988.021	nan
200	143704.164	nan
201	87085.784	nan
202	104198.062	nan
203	101276.168	nan
204	115022.471	nan
205	110725.894	92433.082
206	69996.074	86742.362
207	74319.226	nan
208	69916.313	68421.919
209	117130.189	101232.144
210	128630.961	108730.74
211	146224.353	131762.025
212	153404.66	107286.477
213	150806.762	nan
214	129167.102	111781.3
215	139699.918	122975.648
216	131749.538	128442.29
217	156265.312	180040.194
218	94574.869	127978.691
219	127155.887	140879.778
220	110511.373	147821.285
221	131321.879	98763.23
222	101774.84	nan
223	86693.136	nan
224	113735.269	nan
225	90665.923	99258.23
226	55086.391	55977.161
227	51889.845	60473.309
228	57315.791	72080.297
229	74575.163	nan
230	127535.978	108020.345
231	94978.373	152767.158
232	131129.525	nan
233	136937.591	nan
234	163130.35	nan
235	146423.023	nan
236	149950.703	nan
237	174652.03	nan
238	154003.03	nan
239	120634.168	nan
240	119967.281	nan
241	175133.872	nan
242	124526.802	nan
243	112084.129	nan
244	143721.946	nan
245	110191.261	nan
246	82892.48	nan
247	94068.894	nan
248	128108.797	nan
249	127202.395	nan
250	98571.676	nan
251	123099.339	nan
252	76229.821	nan
253	97475.009	173078.688
254	100253.157	nan
255	143458.375	155592.145
256	175693.761	193900.523
257	144482.614	147281.143
258	137645.442	138888.851
259	113896.036	116183.667
260	122456.637	114115.039
261	139594.833	127495.695
262	115750.548	81895.928
263	94621.918	66987.559
264	60345.792	nan
265	59629.866	69474.564
266	86712.055	93770.074
267	70512.424	87173.934
268	104298.353	nan
269	102843.233	nan
270	104055.348	nan
271	123009.278	nan
272	181812.134	nan
273	148480.448	nan
274	153498.396	nan
275	131926.924	nan
276	112798.847	nan
277	124632.113	nan
278	179898.087	nan
279	124272.992	nan
280	142762.287	nan
281	nan	125284.018
282	nan	110102.99
283	163894.65	112152.041
284	166857.821	186801.301
285	149163.792	130657.86
286	nan	115150.402
287	110716.671	97925.848
288	91360.519	111795.924
289	100039.669	86253.175
290	77275.774	96371.86
291	78476.459	76436.188
292	91004.46	82912.553
293	91308.597	84288.304
294	63038.123	88779.042
295	86781.385	89105.147
296	84876.43	50246.35
297	85042.684	55304.284
298	87628.326	102163.904
299	163411.028	108339.683
300	114132.417	128395.021
301	nan	137944.125
302	nan	164925.338
303	110054.566	112980.507
304	96771.519	106742.715
305	97429.982	142886.155
306	86768.386	136542.512
307	98375.904	143670.982
308	91009.153	145185.35
309	109771.163	nan
310	81762.74	101115.284
311	70264.578	139131.961
312	54777.168	174353.674
313	73774.307	141364.929
314	84580.73	102457.018
315	107046.75	89259.842
316	nan	88275.936
317	94931.152	93525.733
318	85362.079	92682.356
319	80680.285	101439.731
320	nan	87839.536
321	nan	56771.808
