index	1v6x_A_1	4k79_A_1
1	nan	2.003
2	nan	0.608
3	nan	0.583
4	nan	1.284
5	nan	0.97
6	nan	0.429
7	0.652	0.556
8	0.208	0.509
9	0.371	2.233
10	0.159	3.395
11	0.079	0.452
12	0.053	0.245
13	0.084	0.192
14	0.073	nan
15	0.057	nan
16	0.092	nan
17	0.23	nan
18	nan	0.196
19	nan	0.184
20	nan	0.18
21	nan	0.22
22	nan	0.346
23	nan	0.333
24	nan	0.32
25	nan	0.261
26	nan	0.389
27	nan	0.591
28	0.3	0.958
29	0.222	1.118
30	0.096	0.505
31	0.06	0.456
32	0.045	0.45
33	nan	0.37
34	nan	0.331
35	0.037	0.162
36	0.041	0.108
37	0.043	0.136
38	0.083	0.156
39	0.151	0.117
40	0.202	0.094
41	0.437	0.109
42	0.302	nan
43	0.322	nan
44	0.747	nan
45	0.418	nan
46	0.379	nan
47	0.403	nan
48	0.2	nan
49	0.175	nan
50	0.267	nan
51	0.182	nan
52	0.119	nan
53	0.176	nan
54	0.22	nan
55	0.125	nan
56	0.071	nan
57	nan	0.098
58	nan	0.171
59	0.067	0.133
60	0.044	0.153
61	0.044	0.132
62	0.039	0.365
63	0.049	0.584
64	0.081	0.505
65	0.098	nan
66	0.067	nan
67	0.053	nan
68	0.062	nan
69	0.071	nan
70	0.107	nan
71	0.097	nan
72	0.093	nan
73	0.118	nan
74	0.234	nan
75	0.414	nan
76	0.543	nan
77	0.677	nan
78	0.421	nan
79	0.232	nan
80	0.239	0.328
81	0.167	nan
82	0.244	0.344
83	0.15	0.468
84	0.075	0.252
85	0.106	0.228
86	0.14	0.449
87	0.093	0.202
88	0.091	0.179
89	0.155	nan
90	0.152	nan
91	0.09	nan
92	0.128	nan
93	0.256	nan
94	0.249	0.131
95	0.22	0.09
96	0.076	0.072
97	0.084	0.118
98	0.057	nan
99	0.043	nan
100	0.044	nan
101	0.046	nan
102	0.045	nan
103	0.045	nan
104	nan	0.129
105	nan	0.109
106	0.058	0.086
107	0.109	0.1
108	0.215	0.071
109	0.362	0.146
110	0.349	0.086
111	0.187	0.13
112	0.261	0.142
113	0.585	nan
114	0.606	nan
115	0.316	nan
116	0.452	nan
117	0.676	0.383
118	0.494	0.547
119	0.421	0.348
120	0.4	0.253
121	0.549	nan
122	0.499	nan
123	0.226	nan
124	0.207	nan
125	0.252	nan
126	0.185	nan
127	0.12	nan
128	0.132	nan
129	0.137	nan
130	0.094	nan
131	0.068	nan
132	0.095	nan
133	0.122	nan
134	0.101	nan
135	nan	0.256
136	nan	0.235
137	0.073	0.183
138	0.12	0.181
139	0.196	0.164
140	0.167	0.114
141	0.153	0.136
142	0.185	0.12
143	0.17	0.078
144	0.1	nan
145	0.075	0.069
146	0.045	0.127
147	0.033	nan
148	0.021	nan
149	0.027	nan
150	0.036	0.136
151	0.049	0.122
152	0.087	0.097
153	0.148	0.107
154	0.126	0.07
155	0.222	0.136
156	0.443	nan
157	0.831	nan
158	0.644	nan
159	0.592	nan
160	0.159	nan
161	0.257	nan
162	0.223	nan
163	0.244	nan
164	0.407	nan
165	nan	0.089
166	nan	0.165
167	0.296	0.117
168	0.3	0.317
169	0.188	0.511
170	0.189	nan
171	0.3	nan
172	0.281	nan
173	0.338	nan
174	0.351	nan
175	0.335	nan
176	0.155	nan
177	0.125	nan
178	0.137	nan
179	nan	0.338
180	nan	0.253
181	0.12	0.248
182	0.068	0.223
183	0.058	0.179
184	0.094	0.181
185	0.097	0.148
186	0.069	0.108
187	0.104	0.125
188	0.163	nan
189	0.118	nan
190	0.16	nan
191	0.189	nan
192	0.188	0.106
193	0.11	0.081
194	0.063	0.074
195	0.032	0.133
196	0.029	0.151
197	0.03	0.13
198	0.039	0.107
199	0.079	0.119
200	0.067	0.063
201	0.112	nan
202	0.08	nan
203	0.105	nan
204	0.125	0.168
205	0.149	0.077
206	0.426	0.105
207	0.213	nan
208	0.161	nan
209	0.093	nan
210	0.071	nan
211	0.106	nan
212	nan	0.119
213	nan	0.327
214	nan	0.449
215	nan	0.304
216	nan	0.275
217	0.117	0.283
218	0.1	0.219
219	0.118	0.191
220	0.168	0.204
221	0.149	0.153
222	0.115	0.115
223	0.157	0.148
224	0.189	nan
225	0.129	nan
226	0.183	nan
227	0.45	nan
228	0.563	nan
229	0.409	nan
230	0.174	nan
231	0.136	0.111
232	0.105	0.08
233	0.054	nan
234	0.045	0.089
235	0.031	0.135
236	0.032	0.148
237	0.037	0.116
238	0.037	0.096
239	0.062	0.097
240	0.086	0.06
241	0.12	nan
242	0.265	nan
243	nan	0.136
244	nan	0.08
245	0.704	0.132
246	1.336	0.088
247	0.408	nan
248	0.349	0.27
249	0.29	0.273
250	0.287	0.294
251	0.292	0.275
252	0.158	nan
253	0.096	nan
254	0.116	nan
255	0.126	0.522
256	0.096	0.277
257	0.086	0.34
258	0.108	0.5
259	0.126	0.239
260	0.095	0.188
261	0.078	nan
262	0.175	nan
263	0.189	0.401
264	0.184	0.161
265	0.097	0.169
266	nan	0.223
267	0.061	0.129
268	0.046	0.149
269	0.055	0.098
270	0.042	0.094
271	0.035	0.101
272	0.038	0.085
273	0.048	0.129
274	0.09	0.106
275	nan	0.073
276	0.066	0.133
277	0.103	0.134
278	0.126	nan
279	0.082	0.311
280	0.076	nan
281	0.06	0.22
282	0.098	0.288
283	0.108	0.268
284	0.078	0.107
285	0.07	0.135
286	0.094	0.196
287	0.096	0.128
288	0.084	0.098
289	0.095	0.185
290	0.09	0.201
291	0.085	0.119
292	0.132	0.162
293	0.163	0.324
294	0.117	0.298
295	0.227	0.18
296	0.098	0.275
297	0.057	0.218
298	0.075	0.091
299	0.083	0.121
300	0.05	0.336
301	0.041	1.652
302	0.044	3.625
303	0.049	nan
304	0.06	nan
305	0.096	nan
306	0.069	nan
307	0.085	nan
308	0.147	nan
309	0.155	nan
310	0.136	nan
311	0.516	nan
312	nan	3.636
313	nan	0.704
314	nan	0.737
315	nan	0.36
316	nan	0.249
317	nan	0.198
318	nan	0.173
319	nan	0.175
320	nan	0.09
321	nan	0.099
322	0.317	0.081
323	0.162	0.262
324	0.403	1.917
325	0.194	0.775
326	0.105	0.434
327	0.058	0.34
328	0.062	0.101
329	0.08	nan
330	0.086	nan
331	0.119	nan
332	0.242	nan
333	0.373	nan
334	0.184	nan
335	0.173	nan
336	0.11	nan
337	0.079	nan
338	0.046	nan
339	0.049	nan
340	0.057	nan
341	0.058	nan
342	0.059	nan
343	0.061	nan
344	0.064	nan
345	0.071	nan
346	0.067	nan
347	0.084	nan
348	0.132	nan
349	0.228	nan
350	0.227	nan
351	0.486	nan
352	1.887	nan
353	1.984	nan
354	1.974	nan
355	0.775	nan
356	0.659	nan
357	0.973	nan
358	0.337	nan
359	0.214	nan
360	0.229	nan
361	0.181	nan
362	0.119	nan
363	0.139	nan
364	0.127	nan
365	0.256	nan
366	0.364	nan
367	0.383	nan
368	0.345	nan
369	0.226	nan
370	0.124	nan
371	0.094	nan
372	0.14	nan
373	0.163	nan
374	0.46	nan
375	0.961	nan
376	0.582	nan
377	0.772	nan
378	0.917	nan
379	0.856	nan
380	0.499	nan
381	0.44	nan
382	0.33	nan
383	0.15	nan
384	0.133	nan
385	0.129	nan
386	0.131	nan
387	0.253	nan
388	0.502	nan
389	0.57	nan
390	1.749	nan
391	1.433	nan
392	0.96	nan
393	0.392	nan
394	0.269	nan
395	0.161	nan
396	0.152	nan
397	0.102	nan
398	0.139	nan
399	0.117	nan
400	0.138	nan
401	0.107	nan
402	0.101	nan
403	0.062	nan
404	0.065	nan
405	0.056	nan
406	0.101	nan
407	0.158	nan
408	0.516	nan
409	0.613	nan
410	0.656	nan
411	0.187	nan
412	0.088	nan
413	0.061	nan
414	0.091	nan
415	0.126	nan
416	0.357	nan
417	0.484	nan
418	0.46	nan
419	0.638	nan
420	0.428	nan
421	0.393	nan
422	0.251	nan
423	0.175	nan
424	0.089	nan
425	0.101	nan
426	0.106	nan
427	0.237	nan
428	0.402	nan
429	0.362	nan
430	nan	0.086
431	nan	0.109
432	0.885	0.26
433	0.393	0.365
434	0.361	1.132
435	0.134	1.114
436	0.115	2.177
437	0.071	nan
438	0.051	nan
439	0.042	nan
440	0.059	1.297
441	0.089	0.554
442	0.141	1.167
443	0.263	1.482
444	0.321	2.998
445	0.141	1.54
446	0.104	nan
447	0.063	nan
448	0.067	nan
449	0.048	nan
450	0.072	nan
451	0.129	nan
452	0.201	nan
453	0.155	nan
454	0.132	nan
455	0.074	nan
456	0.067	nan
457	0.112	nan
458	0.133	nan
459	0.309	nan
460	0.844	nan
461	0.489	nan
462	0.503	nan
463	0.561	nan
464	0.73	nan
465	0.484	nan
466	0.424	nan
467	0.274	nan
468	0.174	nan
469	0.108	nan
470	0.108	nan
471	0.102	nan
472	0.204	nan
473	0.38	nan
474	0.39	nan
475	0.801	nan
476	0.616	nan
477	0.553	nan
478	0.304	nan
479	0.208	nan
480	0.121	nan
481	0.114	nan
482	0.132	nan
483	0.231	nan
484	0.264	nan
485	0.487	nan
486	nan	1.674
487	nan	18.93
