index	1v6x_A_1	4k79_A_1
1	nan	81826.894
2	nan	111154.124
3	nan	109111.623
4	nan	75461.17
5	nan	78543.578
6	nan	115573.174
7	78674.641	101626.131
8	97389.773	109878.678
9	85535.397	77809.71
10	114479.736	80200.003
11	147127.586	102972.121
12	187644.737	114107.983
13	142387.576	153007.558
14	168482.094	nan
15	178642.521	nan
16	139141.718	nan
17	91580.879	nan
18	nan	124686.597
19	nan	143936.373
20	nan	142849.701
21	nan	119193.402
22	nan	90851.904
23	nan	96123.33
24	nan	113233.052
25	nan	106078.974
26	nan	102132.534
27	nan	104032.402
28	101908.544	95558.954
29	99145.392	81525.035
30	112321.872	106090.94
31	131625.549	122457.929
32	146753.79	113705.096
33	nan	95705.459
34	nan	96627.685
35	217295.551	143918.377
36	167420.138	116747.823
37	178114.503	142449.016
38	151082.551	146595.493
39	142531.066	120292.997
40	120672.665	152996.205
41	87009.3	148547.693
42	91198.659	nan
43	103582.827	nan
44	84166.044	nan
45	76304.244	nan
46	77378.504	nan
47	99397.822	nan
48	109307.305	nan
49	119767.922	nan
50	92246.114	nan
51	111633.272	nan
52	157116.565	nan
53	126405.056	nan
54	87171.168	nan
55	127038.199	nan
56	146601.053	nan
57	nan	133621.217
58	nan	141987.987
59	154547.934	114128.862
60	154847.967	137208.427
61	183431.733	115679.417
62	168824.902	98391.808
63	195164.178	106151.366
64	121081.48	80452.053
65	114249.404	nan
66	137717.196	nan
67	155601.673	nan
68	140155.47	nan
69	158950.596	nan
70	124095.731	nan
71	144500.898	nan
72	154900.513	nan
73	135893.673	nan
74	114269.343	nan
75	83663.933	nan
76	82123.397	nan
77	92741.521	nan
78	72981.824	nan
79	100993.722	nan
80	103490.768	87855.036
81	101389.254	nan
82	86472.869	105720.871
83	120757.796	100940.289
84	165784.799	106234.594
85	106763.591	101748.486
86	95793.762	80111.153
87	157391.647	125861.313
88	123045.471	140169.933
89	102833.442	nan
90	92359.114	nan
91	168828.68	nan
92	107076.294	nan
93	74167.716	nan
94	92402.859	114526.129
95	113378.533	156158.636
96	123295.006	115725.031
97	118578.008	129165.864
98	155086.008	nan
99	133035.128	nan
100	185355.675	nan
101	134549.774	nan
102	159536.673	nan
103	156065.011	nan
104	nan	136697.645
105	nan	125970.552
106	183128.838	146992.528
107	105141.456	119681.196
108	100393.313	157519.753
109	87786.76	144885.838
110	82581.103	117730.322
111	116286.677	133208.492
112	112592.907	106819.747
113	90628.401	nan
114	71574.096	nan
115	120609.292	nan
116	93451.352	nan
117	74356.419	108456.907
118	92354.18	107927.99
119	103598.135	105674.838
120	116439.049	101044.21
121	88117.702	nan
122	91554.808	nan
123	131394.2	nan
124	119213.26	nan
125	96870.26	nan
126	137504.601	nan
127	133495.259	nan
128	132732.123	nan
129	114972.351	nan
130	137157.598	nan
131	162602.806	nan
132	124547.947	nan
133	137124.069	nan
134	146741.193	nan
135	nan	129626.828
136	nan	129763.686
137	140936.979	121357.521
138	121922.427	115815.562
139	82847.502	112167.678
140	103185.191	137432.811
141	103516.679	130594.627
142	112218.539	108570.322
143	85445.73	156360.951
144	131849.148	nan
145	137388.402	127642.165
146	136072.799	129959.741
147	138701.967	nan
148	171112.439	nan
149	182020.012	nan
150	159592.261	138914.958
151	137714.941	109120.746
152	113598.496	142442.085
153	153293.558	143085.659
154	125892.093	142652.784
155	130690.904	149828.562
156	94541.418	nan
157	68972.034	nan
158	99333.655	nan
159	83051.389	nan
160	147676.788	nan
161	131101.919	nan
162	102571.444	nan
163	96893.066	nan
164	77867.777	nan
165	nan	119388.074
166	nan	135562.138
167	105065.748	115123.64
168	110473.89	117222.586
169	142184.386	112320.657
170	120496.9	nan
171	88345.351	nan
172	118331.542	nan
173	109655.55	nan
174	80135.392	nan
175	81875.936	nan
176	105502.154	nan
177	133288.208	nan
178	108485.369	nan
179	nan	105967.056
180	nan	109158.345
181	113074.191	131449.16
182	169655.441	125139.801
183	137044.369	123401.639
184	105694.778	120339.539
185	131836.742	100058.347
186	180299.972	145364.285
187	107995.863	120969.709
188	105233.763	nan
189	140340.645	nan
190	125436.366	nan
191	98272.451	nan
192	100571.672	111896.788
193	150860.003	153261.994
194	121098.372	125824.025
195	161283.29	121390.173
196	175268.353	134565.396
197	137768.888	160216.017
198	152020.19	140497.216
199	140362.318	156185.455
200	102411.276	131686.696
201	125988.14	nan
202	150988.938	nan
203	144502.568	nan
204	127454.305	137255.77
205	94169.203	120563.75
206	78296.6	140394.003
207	86706.243	nan
208	136365.008	nan
209	137145.848	nan
210	156305.468	nan
211	109754.078	nan
212	nan	112040.453
213	nan	101295.525
214	nan	115503.427
215	nan	113710.49
216	nan	101620.923
217	147640.459	129416.537
218	141733.658	143104.366
219	111559.981	120593.089
220	95732.541	117754.818
221	98730.466	105590.614
222	138414.416	143276.145
223	97389.195	116830.055
224	92694.959	nan
225	109842.757	nan
226	108695.817	nan
227	74181.349	nan
228	59449.408	nan
229	92231.622	nan
230	102663.865	nan
231	118265.039	100755.713
232	136815.386	152275.441
233	125472.255	nan
234	159485.956	119060.026
235	166294.481	127320.664
236	209583.802	133440.259
237	138773.896	169601.311
238	131685.695	141101.987
239	159865.652	147748.689
240	118454.998	119688.931
241	119457.685	nan
242	106583.949	nan
243	nan	146930.481
244	nan	117039.413
245	70110.622	139091.87
246	61737.2	125168.8
247	91795.781	nan
248	100239.556	147371.537
249	98784.904	124285.858
250	90745.469	112759.84
251	90804.972	87189.976
252	94405.136	nan
253	125241.754	nan
254	116022.724	nan
255	106720.623	110296.349
256	140691.772	131700.854
257	154662.513	98259.422
258	116188.636	100502.213
259	110198.86	85738.263
260	127020.599	122828.887
261	148214.14	nan
262	96557.475	nan
263	96086.35	87635.074
264	117159.164	107797.976
265	128304.174	121873.671
266	nan	103174.138
267	128226.667	123912.629
268	168585.315	158872.165
269	194653.645	128878.861
270	158968.333	155185.413
271	169015.517	130184.39
272	137507.557	117008.748
273	147844.157	140567.575
274	155162.418	131521.46
275	nan	131351.983
276	150588.184	135089.708
277	122263.593	161783.4
278	146315.641	nan
279	175243.496	116998.788
280	149413.967	nan
281	163313.331	142255.235
282	124298.242	131804.103
283	134799.32	115648.715
284	136467.19	155962.485
285	159644.893	136690.005
286	130064.486	105825.395
287	148049.042	143938.979
288	157268.421	160817.032
289	127134.258	126970.884
290	134518.226	96860.741
291	159167.534	147113.637
292	125172.446	121061.673
293	107575.438	71482.699
294	122158.137	95449.684
295	95561.515	125060.152
296	104180.109	94194.605
297	160642.949	119271.122
298	127915.15	156517.89
299	206250.8	175484.395
300	153647.035	106100.159
301	172607.797	88765.817
302	165839.643	46139.539
303	120858.4	nan
304	193561.948	nan
305	160390.898	nan
306	137020.824	nan
307	151050.048	nan
308	111109.017	nan
309	120261.014	nan
310	142208.304	nan
311	68231.871	nan
312	nan	56579.472
313	nan	83002.137
314	nan	76712.576
315	nan	90442.39
316	nan	117046.869
317	nan	137210.0
318	nan	112274.37
319	nan	132358.659
320	nan	181283.088
321	nan	132987.935
322	87360.112	151565.891
323	118645.822	114056.696
324	88897.763	74556.868
325	101904.554	74416.566
326	138294.58	89382.177
327	170656.008	103908.298
328	163093.42	137411.599
329	153519.246	nan
330	131315.826	nan
331	122024.948	nan
332	122534.652	nan
333	69450.838	nan
334	126754.46	nan
335	116129.289	nan
336	117141.104	nan
337	143764.832	nan
338	194652.134	nan
339	190156.16	nan
340	120576.351	nan
341	147359.93	nan
342	176462.159	nan
343	165568.109	nan
344	152032.498	nan
345	140488.251	nan
346	162493.912	nan
347	152648.338	nan
348	120667.549	nan
349	112775.63	nan
350	129807.316	nan
351	94709.283	nan
352	61911.0	nan
353	57938.298	nan
354	58907.349	nan
355	85566.089	nan
356	93249.558	nan
357	70895.395	nan
358	110465.412	nan
359	126996.554	nan
360	143314.548	nan
361	120433.371	nan
362	131898.96	nan
363	129093.589	nan
364	195942.436	nan
365	114558.385	nan
366	131502.025	nan
367	127499.785	nan
368	131016.61	nan
369	120493.831	nan
370	161873.114	nan
371	157402.095	nan
372	153042.939	nan
373	154983.97	nan
374	112087.397	nan
375	63603.719	nan
376	104081.069	nan
377	94710.248	nan
378	93044.259	nan
379	78934.738	nan
380	92825.8	nan
381	114837.823	nan
382	114007.258	nan
383	121360.777	nan
384	157965.866	nan
385	146795.25	nan
386	170407.192	nan
387	116949.709	nan
388	92320.919	nan
389	104875.245	nan
390	68014.796	nan
391	71149.113	nan
392	95204.344	nan
393	101542.068	nan
394	133739.51	nan
395	142317.219	nan
396	131342.23	nan
397	121900.556	nan
398	141634.437	nan
399	115171.597	nan
400	123486.484	nan
401	117369.717	nan
402	147941.642	nan
403	188321.68	nan
404	139532.722	nan
405	149969.818	nan
406	131270.616	nan
407	154478.478	nan
408	85961.284	nan
409	100536.859	nan
410	81096.263	nan
411	127751.382	nan
412	166856.978	nan
413	157193.465	nan
414	153561.146	nan
415	178695.51	nan
416	114772.957	nan
417	113375.628	nan
418	102455.015	nan
419	112480.46	nan
420	95002.098	nan
421	120289.763	nan
422	127844.945	nan
423	124188.412	nan
424	165671.663	nan
425	144001.948	nan
426	159624.525	nan
427	114381.115	nan
428	108802.444	nan
429	110731.443	nan
430	nan	172864.431
431	nan	122758.631
432	57851.093	120770.124
433	115706.352	129686.348
434	105680.669	91555.97
435	115997.521	80005.942
436	145820.873	66980.117
437	155598.047	nan
438	157799.418	nan
439	137466.395	nan
440	138611.931	84617.734
441	139357.067	118757.513
442	123109.908	105339.737
443	119912.556	84843.223
444	82288.928	68194.663
445	145192.23	79968.765
446	145636.088	nan
447	137265.704	nan
448	154676.721	nan
449	197960.516	nan
450	155901.774	nan
451	117587.699	nan
452	138721.875	nan
453	148119.221	nan
454	138018.019	nan
455	161915.058	nan
456	156730.415	nan
457	158543.713	nan
458	191878.058	nan
459	123002.055	nan
460	86951.475	nan
461	121725.861	nan
462	134517.718	nan
463	117016.732	nan
464	104377.445	nan
465	94770.895	nan
466	120025.891	nan
467	131217.799	nan
468	130370.352	nan
469	147349.47	nan
470	145717.058	nan
471	168945.654	nan
472	120068.871	nan
473	106967.141	nan
474	106786.49	nan
475	83830.334	nan
476	82849.135	nan
477	113939.866	nan
478	115846.59	nan
479	155032.748	nan
480	160034.014	nan
481	128596.918	nan
482	116022.14	nan
483	118752.951	nan
484	102632.818	nan
485	92276.582	nan
486	nan	89060.611
487	nan	42737.82
