index	mode7	mode8	mode9	mode10	mode11	mode12
1	0.086	0.076	0.102	0.009	0.07	0.105
2	0.078	0.06	0.101	0.009	0.073	0.086
3	0.086	0.056	0.131	0.014	0.094	0.103
4	0.106	0.082	0.163	0.019	0.106	0.108
5	0.087	0.068	0.158	0.02	0.103	0.096
6	0.066	0.052	0.116	0.013	0.069	0.063
7	0.063	0.04	0.062	0.007	0.065	0.047
8	0.052	0.038	0.054	0.005	0.057	0.048
9	0.048	0.037	0.023	0.003	0.059	0.043
10	0.031	0.039	0.019	0.003	0.059	0.055
11	0.021	0.034	0.042	0.003	0.067	0.062
12	0.023	0.024	0.046	0.002	0.039	0.047
13	0.035	0.027	0.075	0.005	0.044	0.043
14	0.036	0.026	0.085	0.008	0.045	0.033
15	0.044	0.039	0.126	0.013	0.071	0.053
16	0.027	0.035	0.12	0.017	0.084	0.046
17	0.028	0.056	0.149	0.027	0.152	0.075
18	0.049	0.067	0.172	0.025	0.187	0.098
19	0.058	0.072	0.182	0.026	0.242	0.146
20	0.072	0.054	0.161	0.019	0.222	0.146
21	0.093	0.046	0.157	0.017	0.262	0.189
22	0.094	0.033	0.138	0.012	0.238	0.178
23	0.075	0.031	0.129	0.01	0.169	0.141
24	0.088	0.04	0.141	0.011	0.143	0.132
25	0.102	0.046	0.144	0.009	0.127	0.151
26	0.091	0.052	0.125	0.008	0.105	0.129
27	0.059	0.033	0.093	0.005	0.071	0.077
28	0.047	0.044	0.084	0.003	0.062	0.097
29	0.032	0.049	0.066	0.001	0.078	0.086
30	0.02	0.047	0.057	0.002	0.056	0.081
31	0.022	0.031	0.053	0.002	0.057	0.063
32	0.013	0.029	0.045	0.002	0.053	0.071
33	0.014	0.018	0.046	0.002	0.042	0.061
34	0.024	0.015	0.069	0.003	0.041	0.048
35	0.023	0.014	0.083	0.007	0.044	0.032
36	0.034	0.021	0.1	0.009	0.071	0.054
37	0.022	0.021	0.096	0.015	0.085	0.045
38	0.023	0.041	0.123	0.025	0.137	0.071
39	0.042	0.043	0.131	0.023	0.176	0.107
40	0.062	0.043	0.136	0.023	0.223	0.154
41	0.074	0.025	0.113	0.017	0.206	0.153
42	0.096	0.017	0.091	0.018	0.219	0.174
43	0.106	0.006	0.077	0.012	0.219	0.17
44	0.09	0.007	0.076	0.007	0.195	0.154
45	0.102	0.019	0.089	0.004	0.247	0.171
46	0.097	0.025	0.075	0.003	0.24	0.175
47	0.082	0.039	0.08	0.002	0.2	0.162
48	0.073	0.03	0.085	0.002	0.153	0.114
49	0.04	0.033	0.065	0.002	0.1	0.06
50	0.044	0.045	0.069	0.002	0.117	0.126
51	0.043	0.05	0.074	0.001	0.085	0.113
52	0.028	0.04	0.059	0.001	0.069	0.074
53	0.017	0.046	0.049	0.001	0.074	0.087
54	0.012	0.04	0.045	0.001	0.063	0.085
55	0.013	0.027	0.041	0.001	0.06	0.078
56	0.006	0.025	0.033	0.001	0.054	0.089
57	0.008	0.012	0.036	0.002	0.041	0.077
58	0.017	0.006	0.047	0.003	0.04	0.06
59	0.016	0.005	0.06	0.007	0.042	0.035
60	0.03	0.008	0.065	0.008	0.067	0.054
61	0.022	0.014	0.069	0.017	0.079	0.042
62	0.027	0.033	0.095	0.026	0.125	0.071
63	0.046	0.027	0.094	0.023	0.156	0.11
64	0.069	0.026	0.082	0.027	0.184	0.147
65	0.083	0.011	0.059	0.021	0.168	0.151
66	0.114	0.011	0.039	0.027	0.18	0.173
67	0.119	0.003	0.028	0.021	0.176	0.165
68	0.092	0.002	0.03	0.015	0.159	0.142
69	0.097	0.011	0.034	0.011	0.203	0.155
70	0.094	0.028	0.024	0.014	0.193	0.153
71	0.078	0.039	0.032	0.01	0.178	0.151
72	0.063	0.022	0.04	0.007	0.14	0.104
73	0.035	0.025	0.034	0.006	0.095	0.06
74	0.032	0.04	0.035	0.006	0.12	0.124
75	0.027	0.049	0.046	0.004	0.098	0.125
76	0.016	0.038	0.038	0.003	0.077	0.095
77	0.012	0.047	0.031	0.004	0.084	0.119
78	0.007	0.039	0.029	0.001	0.072	0.116
79	0.008	0.025	0.027	0.002	0.061	0.097
80	0.004	0.022	0.02	0.001	0.056	0.101
81	0.005	0.009	0.024	0.002	0.042	0.073
82	0.015	0.002	0.025	0.005	0.038	0.06
83	0.017	0.001	0.037	0.009	0.04	0.037
84	0.033	0.005	0.036	0.013	0.059	0.052
85	0.029	0.017	0.052	0.023	0.068	0.04
86	0.037	0.035	0.075	0.033	0.108	0.073
87	0.056	0.024	0.062	0.03	0.128	0.109
88	0.083	0.033	0.05	0.04	0.146	0.147
89	0.1	0.023	0.029	0.036	0.123	0.152
90	0.134	0.043	0.02	0.05	0.116	0.174
91	0.139	0.039	0.008	0.044	0.11	0.163
92	0.104	0.028	0.004	0.031	0.107	0.143
93	0.104	0.033	0.004	0.028	0.148	0.15
94	0.11	0.066	0.003	0.032	0.155	0.161
95	0.082	0.065	0.006	0.023	0.152	0.154
96	0.064	0.03	0.007	0.015	0.115	0.108
97	0.037	0.028	0.007	0.01	0.088	0.076
98	0.032	0.049	0.007	0.012	0.11	0.137
99	0.026	0.053	0.017	0.008	0.108	0.154
100	0.013	0.034	0.013	0.004	0.073	0.117
101	0.013	0.05	0.01	0.005	0.092	0.146
102	0.006	0.04	0.012	0.002	0.075	0.139
103	0.008	0.024	0.011	0.001	0.059	0.105
104	0.006	0.02	0.011	0.001	0.06	0.094
105	0.01	0.008	0.015	0.001	0.047	0.058
106	0.02	0.005	0.014	0.006	0.036	0.05
107	0.024	0.004	0.028	0.012	0.039	0.032
108	0.045	0.016	0.025	0.021	0.046	0.045
109	0.046	0.037	0.053	0.034	0.055	0.039
110	0.052	0.063	0.078	0.049	0.085	0.07
111	0.072	0.055	0.057	0.051	0.095	0.109
112	0.109	0.077	0.051	0.065	0.099	0.147
113	0.122	0.071	0.033	0.06	0.073	0.143
114	0.166	0.115	0.044	0.082	0.067	0.177
115	0.167	0.119	0.032	0.076	0.061	0.157
116	0.126	0.095	0.016	0.056	0.068	0.129
117	0.124	0.097	0.011	0.052	0.1	0.138
118	0.139	0.156	0.025	0.062	0.124	0.142
119	0.098	0.132	0.016	0.044	0.141	0.147
120	0.071	0.066	0.003	0.028	0.095	0.106
121	0.049	0.048	0.002	0.013	0.087	0.079
122	0.047	0.079	0.004	0.018	0.115	0.131
123	0.03	0.073	0.004	0.011	0.111	0.153
124	0.017	0.041	0.001	0.004	0.078	0.117
125	0.013	0.048	0.001	0.004	0.092	0.137
126	0.008	0.039	0.003	0.003	0.08	0.128
127	0.014	0.024	0.003	0.001	0.063	0.092
128	0.016	0.021	0.007	0.001	0.069	0.078
129	0.023	0.01	0.013	0.001	0.057	0.043
130	0.035	0.015	0.016	0.007	0.043	0.036
131	0.039	0.017	0.034	0.014	0.042	0.027
132	0.064	0.051	0.039	0.033	0.041	0.034
133	0.067	0.08	0.078	0.047	0.049	0.037
134	0.074	0.112	0.099	0.069	0.071	0.071
135	0.098	0.115	0.078	0.077	0.064	0.102
136	0.142	0.163	0.091	0.103	0.065	0.15
137	0.155	0.179	0.085	0.103	0.045	0.143
138	0.215	0.289	0.136	0.147	0.047	0.187
139	0.205	0.28	0.107	0.13	0.06	0.144
140	0.163	0.224	0.065	0.095	0.074	0.131
141	0.167	0.227	0.063	0.093	0.087	0.127
142	0.186	0.308	0.088	0.107	0.138	0.11
143	0.128	0.275	0.075	0.088	0.175	0.107
144	0.098	0.163	0.037	0.056	0.111	0.096
145	0.074	0.079	0.019	0.019	0.089	0.059
146	0.076	0.111	0.022	0.026	0.121	0.109
147	0.043	0.092	0.009	0.016	0.127	0.121
148	0.03	0.044	0.001	0.004	0.091	0.099
149	0.022	0.031	0.0	0.003	0.079	0.122
150	0.017	0.035	0.001	0.003	0.083	0.109
151	0.03	0.025	0.003	0.002	0.065	0.076
152	0.035	0.031	0.006	0.003	0.09	0.071
153	0.042	0.016	0.011	0.001	0.074	0.045
154	0.053	0.033	0.02	0.008	0.06	0.037
155	0.059	0.045	0.048	0.017	0.053	0.027
156	0.089	0.108	0.07	0.045	0.057	0.03
157	0.099	0.158	0.119	0.066	0.071	0.048
158	0.105	0.207	0.154	0.102	0.079	0.087
159	0.131	0.225	0.137	0.115	0.06	0.098
160	0.19	0.34	0.199	0.168	0.075	0.173
161	0.213	0.366	0.187	0.166	0.07	0.143
162	0.289	0.522	0.268	0.242	0.082	0.226
163	0.326	0.615	0.303	0.252	0.133	0.184
164	0.443	0.852	0.44	0.369	0.156	0.371
165	0.422	0.779	0.381	0.354	0.119	0.376
166	0.409	0.801	0.36	0.345	0.172	0.279
167	0.316	0.57	0.231	0.248	0.128	0.269
168	0.269	0.485	0.193	0.196	0.123	0.132
169	0.281	0.552	0.204	0.206	0.19	0.096
170	0.214	0.441	0.14	0.16	0.188	0.109
171	0.186	0.32	0.096	0.111	0.141	0.066
172	0.223	0.4	0.136	0.129	0.181	0.04
173	0.221	0.44	0.133	0.136	0.249	0.04
174	0.163	0.297	0.067	0.088	0.203	0.057
175	0.158	0.237	0.056	0.062	0.169	0.034
176	0.196	0.321	0.081	0.079	0.251	0.043
177	0.172	0.3	0.057	0.075	0.283	0.074
178	0.129	0.172	0.016	0.037	0.194	0.077
179	0.138	0.155	0.022	0.025	0.175	0.069
180	0.111	0.084	0.007	0.007	0.148	0.104
181	0.072	0.053	0.006	0.005	0.105	0.073
182	0.084	0.072	0.021	0.009	0.088	0.044
183	0.068	0.056	0.041	0.008	0.073	0.046
184	0.054	0.059	0.082	0.015	0.057	0.047
185	0.034	0.052	0.122	0.019	0.044	0.044
186	0.019	0.029	0.13	0.012	0.036	0.034
187	0.021	0.014	0.105	0.008	0.034	0.033
188	0.036	0.015	0.062	0.003	0.045	0.039
189	0.056	0.033	0.065	0.005	0.063	0.059
190	0.082	0.049	0.032	0.002	0.101	0.09
191	0.102	0.11	0.058	0.016	0.116	0.075
192	0.133	0.149	0.048	0.023	0.147	0.067
193	0.17	0.256	0.124	0.06	0.166	0.073
194	0.128	0.214	0.132	0.062	0.117	0.065
195	0.143	0.231	0.128	0.077	0.104	0.051
196	0.196	0.377	0.212	0.135	0.137	0.111
197	0.245	0.504	0.274	0.197	0.137	0.153
198	0.25	0.557	0.339	0.246	0.128	0.24
199	0.301	0.799	0.513	0.348	0.197	0.366
200	0.322	0.816	0.492	0.316	0.247	0.292
201	0.262	0.621	0.385	0.227	0.233	0.243
202	0.283	0.609	0.331	0.2	0.252	0.161
203	0.231	0.426	0.207	0.127	0.208	0.09
204	0.226	0.401	0.175	0.129	0.163	0.059
205	0.228	0.387	0.142	0.108	0.214	0.033
206	0.314	0.539	0.227	0.152	0.287	0.07
207	0.347	0.661	0.291	0.217	0.269	0.085
208	0.449	0.889	0.39	0.304	0.389	0.096
209	0.477	1.013	0.45	0.377	0.384	0.118
210	0.584	1.268	0.606	0.474	0.459	0.188
211	0.547	1.139	0.567	0.434	0.354	0.266
212	0.508	1.012	0.492	0.411	0.246	0.281
213	0.585	1.177	0.596	0.52	0.219	0.455
214	0.564	1.137	0.57	0.539	0.176	0.615
215	0.662	1.29	0.695	0.642	0.139	0.927
216	0.567	1.079	0.586	0.537	0.108	0.818
217	0.487	0.878	0.452	0.458	0.08	0.796
218	0.519	0.9	0.485	0.522	0.055	1.384
219	0.095	0.03	0.159	0.021	0.084	0.127
220	0.082	0.02	0.148	0.018	0.08	0.107
221	0.088	0.013	0.175	0.023	0.101	0.118
222	0.105	0.019	0.224	0.035	0.113	0.121
223	0.085	0.013	0.207	0.034	0.105	0.106
224	0.066	0.011	0.153	0.022	0.074	0.08
225	0.064	0.014	0.088	0.013	0.071	0.078
226	0.055	0.016	0.08	0.01	0.062	0.08
227	0.05	0.024	0.042	0.004	0.06	0.07
228	0.033	0.029	0.034	0.003	0.06	0.079
229	0.023	0.023	0.06	0.003	0.064	0.077
230	0.025	0.013	0.062	0.003	0.036	0.062
231	0.036	0.008	0.097	0.009	0.044	0.063
232	0.036	0.005	0.107	0.013	0.045	0.051
233	0.044	0.005	0.158	0.021	0.072	0.064
234	0.027	0.004	0.148	0.025	0.079	0.054
235	0.027	0.007	0.191	0.041	0.141	0.065
236	0.048	0.01	0.221	0.041	0.178	0.087
237	0.056	0.011	0.234	0.044	0.233	0.111
238	0.071	0.007	0.205	0.031	0.218	0.12
239	0.092	0.005	0.192	0.027	0.25	0.141
240	0.095	0.003	0.167	0.017	0.23	0.141
241	0.076	0.004	0.155	0.012	0.165	0.124
242	0.089	0.006	0.173	0.017	0.142	0.125
243	0.103	0.009	0.179	0.015	0.134	0.141
244	0.095	0.015	0.163	0.015	0.113	0.134
245	0.062	0.013	0.118	0.007	0.074	0.085
246	0.051	0.021	0.112	0.006	0.063	0.105
247	0.035	0.03	0.09	0.004	0.079	0.089
248	0.023	0.03	0.079	0.003	0.055	0.085
249	0.025	0.021	0.068	0.003	0.055	0.071
250	0.014	0.02	0.057	0.001	0.049	0.076
251	0.015	0.011	0.056	0.001	0.037	0.072
252	0.025	0.005	0.082	0.004	0.039	0.063
253	0.024	0.002	0.096	0.009	0.039	0.047
254	0.035	0.002	0.119	0.013	0.068	0.062
255	0.023	0.001	0.114	0.021	0.077	0.05
256	0.022	0.004	0.154	0.037	0.123	0.057
257	0.041	0.005	0.165	0.035	0.165	0.087
258	0.061	0.005	0.168	0.036	0.209	0.114
259	0.074	0.002	0.135	0.024	0.192	0.121
260	0.098	0.002	0.108	0.024	0.205	0.131
261	0.108	0.0	0.085	0.014	0.203	0.13
262	0.093	0.003	0.082	0.006	0.185	0.124
263	0.106	0.009	0.1	0.002	0.237	0.13
264	0.102	0.017	0.082	0.001	0.231	0.132
265	0.086	0.022	0.094	0.001	0.195	0.129
266	0.077	0.015	0.101	0.0	0.15	0.1
267	0.044	0.022	0.077	0.0	0.098	0.06
268	0.048	0.03	0.085	0.001	0.117	0.108
269	0.047	0.031	0.095	0.001	0.088	0.105
270	0.031	0.027	0.075	0.001	0.067	0.073
271	0.02	0.031	0.063	0.002	0.073	0.078
272	0.014	0.029	0.059	0.001	0.061	0.079
273	0.014	0.021	0.049	0.001	0.057	0.076
274	0.007	0.02	0.04	0.001	0.05	0.086
275	0.009	0.011	0.041	0.001	0.036	0.085
276	0.019	0.005	0.051	0.002	0.037	0.073
277	0.017	0.001	0.066	0.007	0.036	0.05
278	0.03	0.0	0.073	0.011	0.06	0.061
279	0.023	0.001	0.081	0.022	0.067	0.045
280	0.027	0.004	0.119	0.038	0.109	0.056
281	0.046	0.003	0.114	0.033	0.139	0.087
282	0.07	0.004	0.102	0.038	0.167	0.111
283	0.084	0.002	0.066	0.027	0.15	0.118
284	0.113	0.006	0.042	0.035	0.157	0.13
285	0.121	0.006	0.024	0.026	0.154	0.125
286	0.095	0.007	0.024	0.016	0.142	0.114
287	0.101	0.014	0.031	0.011	0.187	0.113
288	0.098	0.025	0.022	0.017	0.181	0.113
289	0.079	0.03	0.035	0.013	0.166	0.114
290	0.065	0.019	0.042	0.006	0.13	0.085
291	0.037	0.022	0.037	0.006	0.089	0.055
292	0.035	0.031	0.041	0.008	0.115	0.098
293	0.031	0.034	0.06	0.005	0.098	0.105
294	0.018	0.029	0.048	0.003	0.074	0.082
295	0.013	0.033	0.043	0.006	0.082	0.095
296	0.008	0.03	0.039	0.003	0.069	0.096
297	0.009	0.022	0.03	0.002	0.057	0.086
298	0.004	0.021	0.022	0.002	0.051	0.09
299	0.006	0.012	0.023	0.001	0.037	0.075
300	0.016	0.006	0.023	0.004	0.032	0.068
301	0.017	0.001	0.038	0.01	0.032	0.048
302	0.034	0.002	0.039	0.016	0.049	0.059
303	0.03	0.004	0.062	0.031	0.055	0.041
304	0.038	0.007	0.098	0.048	0.091	0.056
305	0.056	0.005	0.076	0.04	0.109	0.086
306	0.083	0.01	0.066	0.055	0.125	0.109
307	0.101	0.011	0.034	0.048	0.104	0.118
308	0.138	0.02	0.029	0.07	0.097	0.133
309	0.14	0.021	0.012	0.06	0.09	0.126
310	0.106	0.021	0.003	0.043	0.091	0.115
311	0.107	0.027	0.001	0.038	0.131	0.112
312	0.113	0.044	0.01	0.049	0.142	0.121
313	0.082	0.043	0.013	0.036	0.138	0.113
314	0.064	0.025	0.005	0.021	0.103	0.085
315	0.037	0.025	0.006	0.014	0.081	0.063
316	0.033	0.037	0.011	0.019	0.103	0.1
317	0.027	0.039	0.026	0.014	0.104	0.117
318	0.014	0.028	0.017	0.007	0.07	0.093
319	0.014	0.036	0.017	0.011	0.087	0.107
320	0.007	0.031	0.017	0.006	0.071	0.107
321	0.008	0.023	0.01	0.003	0.056	0.087
322	0.005	0.021	0.008	0.003	0.055	0.078
323	0.009	0.013	0.011	0.001	0.041	0.054
324	0.021	0.01	0.01	0.007	0.031	0.052
325	0.025	0.004	0.027	0.015	0.03	0.039
326	0.046	0.009	0.028	0.03	0.035	0.049
327	0.047	0.012	0.07	0.05	0.043	0.038
328	0.054	0.018	0.111	0.075	0.07	0.051
329	0.074	0.019	0.081	0.076	0.078	0.084
330	0.111	0.028	0.079	0.097	0.079	0.11
331	0.124	0.031	0.056	0.092	0.056	0.114
332	0.169	0.046	0.081	0.124	0.05	0.138
333	0.169	0.051	0.067	0.117	0.046	0.128
334	0.127	0.047	0.038	0.088	0.055	0.111
335	0.126	0.051	0.032	0.083	0.087	0.112
336	0.14	0.078	0.065	0.105	0.112	0.114
337	0.098	0.07	0.046	0.076	0.129	0.112
338	0.071	0.04	0.013	0.045	0.084	0.085
339	0.048	0.033	0.007	0.023	0.081	0.064
340	0.046	0.049	0.018	0.034	0.109	0.092
341	0.031	0.048	0.016	0.025	0.107	0.112
342	0.017	0.032	0.004	0.01	0.074	0.087
343	0.014	0.035	0.007	0.011	0.088	0.094
344	0.007	0.032	0.005	0.008	0.075	0.093
345	0.013	0.024	0.001	0.004	0.059	0.072
346	0.014	0.022	0.002	0.005	0.063	0.059
347	0.022	0.015	0.008	0.002	0.051	0.035
348	0.034	0.015	0.014	0.011	0.037	0.033
349	0.039	0.01	0.039	0.02	0.034	0.027
350	0.065	0.023	0.054	0.052	0.033	0.036
351	0.068	0.027	0.112	0.075	0.041	0.03
352	0.077	0.036	0.149	0.108	0.058	0.05
353	0.099	0.041	0.121	0.118	0.05	0.079
354	0.143	0.057	0.151	0.157	0.05	0.111
355	0.156	0.067	0.143	0.159	0.034	0.116
356	0.214	0.102	0.234	0.23	0.041	0.151
357	0.202	0.106	0.199	0.209	0.054	0.125
358	0.16	0.093	0.134	0.158	0.068	0.113
359	0.164	0.097	0.134	0.156	0.079	0.108
360	0.182	0.131	0.187	0.187	0.129	0.093
361	0.124	0.121	0.161	0.157	0.171	0.083
362	0.094	0.075	0.081	0.096	0.105	0.078
363	0.07	0.04	0.036	0.034	0.084	0.043
364	0.07	0.056	0.048	0.047	0.114	0.069
365	0.041	0.052	0.028	0.032	0.121	0.081
366	0.028	0.032	0.006	0.011	0.089	0.067
367	0.02	0.024	0.002	0.007	0.072	0.074
368	0.014	0.028	0.001	0.009	0.077	0.071
369	0.028	0.023	0.0	0.006	0.058	0.055
370	0.032	0.029	0.001	0.008	0.084	0.046
371	0.039	0.017	0.008	0.004	0.068	0.027
372	0.051	0.022	0.025	0.016	0.055	0.024
373	0.059	0.021	0.065	0.031	0.047	0.017
374	0.089	0.044	0.109	0.077	0.053	0.024
375	0.1	0.055	0.186	0.113	0.066	0.029
376	0.107	0.066	0.24	0.163	0.07	0.053
377	0.133	0.077	0.22	0.183	0.053	0.073
378	0.192	0.112	0.328	0.268	0.07	0.123
379	0.212	0.128	0.318	0.271	0.07	0.113
380	0.287	0.174	0.457	0.387	0.084	0.18
381	0.325	0.214	0.538	0.425	0.141	0.161
382	0.434	0.28	0.748	0.595	0.161	0.3
383	0.407	0.256	0.64	0.547	0.122	0.297
384	0.392	0.27	0.616	0.532	0.172	0.228
385	0.305	0.203	0.412	0.388	0.127	0.212
386	0.262	0.178	0.353	0.32	0.126	0.118
387	0.273	0.21	0.389	0.345	0.197	0.089
388	0.208	0.176	0.28	0.27	0.19	0.093
389	0.18	0.131	0.197	0.193	0.141	0.062
390	0.217	0.16	0.268	0.23	0.186	0.04
391	0.212	0.18	0.272	0.242	0.253	0.032
392	0.156	0.132	0.154	0.161	0.206	0.04
393	0.152	0.108	0.124	0.119	0.17	0.02
394	0.19	0.143	0.182	0.156	0.252	0.016
395	0.163	0.137	0.137	0.139	0.28	0.029
396	0.121	0.09	0.053	0.073	0.188	0.036
397	0.13	0.082	0.058	0.056	0.167	0.026
398	0.105	0.059	0.015	0.02	0.138	0.044
399	0.069	0.04	0.009	0.015	0.098	0.036
400	0.082	0.044	0.037	0.026	0.083	0.019
401	0.069	0.034	0.06	0.022	0.067	0.018
402	0.055	0.029	0.109	0.031	0.049	0.019
403	0.035	0.023	0.15	0.033	0.034	0.02
404	0.018	0.013	0.151	0.02	0.029	0.016
405	0.02	0.01	0.114	0.012	0.028	0.014
406	0.035	0.016	0.066	0.007	0.038	0.017
407	0.056	0.029	0.072	0.011	0.053	0.024
408	0.081	0.04	0.039	0.01	0.089	0.035
409	0.099	0.056	0.093	0.039	0.104	0.025
410	0.13	0.075	0.093	0.057	0.14	0.023
411	0.168	0.106	0.222	0.126	0.161	0.031
412	0.129	0.084	0.219	0.121	0.112	0.03
413	0.143	0.088	0.217	0.142	0.101	0.031
414	0.197	0.134	0.358	0.239	0.137	0.072
415	0.245	0.173	0.469	0.337	0.14	0.115
416	0.249	0.174	0.536	0.392	0.122	0.163
417	0.293	0.236	0.807	0.551	0.193	0.236
418	0.316	0.258	0.812	0.532	0.247	0.201
419	0.26	0.203	0.643	0.396	0.235	0.153
420	0.281	0.213	0.579	0.366	0.253	0.11
421	0.231	0.162	0.374	0.243	0.21	0.058
422	0.222	0.153	0.321	0.236	0.164	0.049
423	0.223	0.157	0.279	0.208	0.216	0.023
424	0.308	0.209	0.427	0.289	0.295	0.05
425	0.338	0.242	0.529	0.385	0.276	0.079
426	0.427	0.317	0.695	0.519	0.388	0.099
427	0.462	0.359	0.811	0.631	0.381	0.144
428	0.562	0.431	1.052	0.776	0.463	0.203
429	0.523	0.377	0.96	0.706	0.353	0.243
430	0.491	0.338	0.844	0.662	0.247	0.259
431	0.559	0.378	0.986	0.802	0.222	0.387
432	0.536	0.361	0.925	0.799	0.18	0.467
433	0.63	0.395	1.104	0.946	0.145	0.674
434	0.537	0.324	0.916	0.789	0.107	0.572
435	0.457	0.263	0.689	0.639	0.077	0.529
436	0.448	0.237	0.609	0.629	0.052	0.71
437	0.095	0.039	0.133	0.034	0.087	0.113
438	0.083	0.028	0.125	0.031	0.081	0.088
439	0.091	0.021	0.147	0.044	0.101	0.104
440	0.107	0.034	0.182	0.057	0.111	0.105
441	0.086	0.026	0.166	0.055	0.103	0.092
442	0.067	0.02	0.122	0.038	0.07	0.06
443	0.064	0.019	0.07	0.018	0.067	0.043
444	0.054	0.019	0.065	0.015	0.062	0.047
445	0.049	0.024	0.038	0.006	0.063	0.043
446	0.031	0.028	0.031	0.004	0.065	0.054
447	0.023	0.022	0.052	0.008	0.069	0.06
448	0.024	0.013	0.054	0.007	0.04	0.046
449	0.036	0.01	0.08	0.019	0.046	0.041
450	0.037	0.008	0.086	0.025	0.044	0.031
451	0.044	0.012	0.127	0.039	0.069	0.05
452	0.027	0.011	0.116	0.043	0.076	0.045
453	0.027	0.021	0.149	0.061	0.134	0.075
454	0.048	0.026	0.177	0.062	0.171	0.099
455	0.056	0.028	0.192	0.064	0.224	0.151
456	0.07	0.018	0.17	0.049	0.206	0.148
457	0.09	0.014	0.164	0.042	0.24	0.191
458	0.095	0.007	0.147	0.03	0.224	0.182
459	0.076	0.006	0.135	0.027	0.161	0.142
460	0.09	0.01	0.147	0.036	0.14	0.132
461	0.104	0.013	0.153	0.035	0.132	0.151
462	0.095	0.02	0.137	0.032	0.113	0.131
463	0.062	0.013	0.102	0.019	0.073	0.077
464	0.051	0.023	0.096	0.015	0.065	0.095
465	0.036	0.031	0.081	0.009	0.082	0.085
466	0.023	0.031	0.07	0.008	0.058	0.08
467	0.024	0.02	0.06	0.008	0.059	0.06
468	0.014	0.019	0.052	0.005	0.054	0.068
469	0.015	0.01	0.05	0.005	0.041	0.058
470	0.025	0.004	0.07	0.012	0.041	0.044
471	0.023	0.002	0.079	0.02	0.039	0.03
472	0.034	0.004	0.099	0.026	0.067	0.052
473	0.022	0.006	0.092	0.033	0.076	0.046
474	0.021	0.016	0.121	0.052	0.12	0.073
475	0.04	0.016	0.134	0.049	0.159	0.11
476	0.059	0.018	0.14	0.048	0.202	0.16
477	0.073	0.008	0.117	0.033	0.187	0.158
478	0.096	0.008	0.098	0.027	0.201	0.185
479	0.107	0.002	0.084	0.016	0.2	0.181
480	0.093	0.001	0.081	0.009	0.181	0.162
481	0.108	0.006	0.099	0.006	0.232	0.18
482	0.105	0.014	0.086	0.001	0.229	0.187
483	0.09	0.021	0.096	0.002	0.195	0.17
484	0.079	0.012	0.1	0.004	0.15	0.123
485	0.046	0.019	0.078	0.002	0.1	0.062
486	0.051	0.029	0.087	0.002	0.12	0.13
487	0.05	0.031	0.094	0.003	0.091	0.116
488	0.032	0.026	0.074	0.002	0.07	0.073
489	0.022	0.033	0.064	0.001	0.077	0.087
490	0.014	0.029	0.056	0.002	0.064	0.084
491	0.015	0.02	0.048	0.003	0.061	0.074
492	0.008	0.019	0.038	0.002	0.054	0.086
493	0.01	0.009	0.038	0.003	0.041	0.074
494	0.019	0.003	0.047	0.005	0.039	0.056
495	0.017	0.0	0.056	0.013	0.037	0.033
496	0.03	0.001	0.063	0.017	0.061	0.053
497	0.022	0.006	0.064	0.03	0.068	0.043
498	0.025	0.015	0.093	0.048	0.109	0.075
499	0.044	0.012	0.093	0.041	0.137	0.112
500	0.066	0.015	0.086	0.041	0.166	0.156
501	0.082	0.009	0.059	0.027	0.149	0.158
502	0.112	0.015	0.04	0.029	0.16	0.185
503	0.12	0.011	0.027	0.018	0.154	0.176
504	0.096	0.008	0.029	0.01	0.143	0.152
505	0.103	0.013	0.038	0.005	0.186	0.164
506	0.103	0.028	0.03	0.006	0.181	0.164
507	0.083	0.032	0.041	0.003	0.165	0.153
508	0.068	0.017	0.049	0.001	0.133	0.109
509	0.039	0.02	0.043	0.001	0.092	0.06
510	0.038	0.033	0.047	0.001	0.117	0.126
511	0.034	0.036	0.064	0.0	0.101	0.127
512	0.02	0.029	0.051	0.0	0.078	0.093
513	0.015	0.036	0.047	0.001	0.086	0.119
514	0.009	0.031	0.039	0.001	0.073	0.115
515	0.01	0.021	0.032	0.0	0.061	0.094
516	0.005	0.02	0.022	0.0	0.055	0.099
517	0.006	0.01	0.022	0.002	0.041	0.073
518	0.017	0.004	0.022	0.005	0.035	0.058
519	0.017	0.001	0.032	0.013	0.035	0.035
520	0.034	0.005	0.032	0.017	0.051	0.053
521	0.029	0.012	0.045	0.036	0.058	0.043
522	0.035	0.022	0.072	0.054	0.094	0.079
523	0.053	0.016	0.06	0.043	0.112	0.114
524	0.08	0.027	0.049	0.053	0.128	0.155
525	0.099	0.025	0.026	0.043	0.107	0.16
526	0.134	0.043	0.017	0.061	0.099	0.185
527	0.139	0.04	0.005	0.048	0.093	0.172
528	0.109	0.032	0.002	0.032	0.094	0.152
529	0.111	0.037	0.003	0.025	0.133	0.162
530	0.119	0.062	0.008	0.032	0.14	0.171
531	0.09	0.057	0.014	0.021	0.14	0.162
532	0.068	0.03	0.01	0.011	0.106	0.11
533	0.041	0.029	0.01	0.007	0.084	0.076
534	0.037	0.045	0.014	0.009	0.106	0.139
535	0.031	0.045	0.029	0.005	0.106	0.155
536	0.016	0.031	0.02	0.002	0.074	0.117
537	0.016	0.043	0.019	0.004	0.092	0.148
538	0.008	0.036	0.018	0.001	0.075	0.14
539	0.01	0.024	0.012	0.0	0.059	0.104
540	0.006	0.023	0.008	0.0	0.059	0.095
541	0.01	0.012	0.01	0.001	0.045	0.059
542	0.022	0.01	0.008	0.007	0.034	0.05
543	0.025	0.006	0.019	0.018	0.034	0.033
544	0.045	0.017	0.018	0.029	0.039	0.045
545	0.045	0.028	0.045	0.054	0.048	0.043
546	0.05	0.043	0.073	0.08	0.074	0.076
547	0.07	0.044	0.054	0.076	0.082	0.117
548	0.107	0.063	0.05	0.095	0.085	0.156
549	0.122	0.062	0.029	0.082	0.061	0.152
550	0.167	0.09	0.041	0.113	0.056	0.187
551	0.169	0.094	0.032	0.102	0.05	0.166
552	0.128	0.079	0.015	0.071	0.058	0.139
553	0.13	0.082	0.014	0.065	0.088	0.15
554	0.148	0.122	0.036	0.083	0.111	0.154
555	0.107	0.104	0.028	0.058	0.128	0.156
556	0.076	0.059	0.007	0.033	0.086	0.108
557	0.053	0.045	0.004	0.016	0.084	0.082
558	0.051	0.069	0.013	0.024	0.112	0.134
559	0.035	0.064	0.015	0.015	0.111	0.159
560	0.02	0.039	0.004	0.004	0.078	0.12
561	0.016	0.043	0.007	0.005	0.092	0.141
562	0.009	0.038	0.006	0.003	0.079	0.133
563	0.015	0.027	0.002	0.001	0.063	0.094
564	0.016	0.026	0.002	0.0	0.067	0.081
565	0.023	0.016	0.006	0.001	0.055	0.045
566	0.035	0.02	0.008	0.011	0.041	0.038
567	0.039	0.016	0.024	0.024	0.038	0.029
568	0.064	0.043	0.031	0.051	0.037	0.036
569	0.067	0.056	0.07	0.081	0.045	0.041
570	0.074	0.076	0.095	0.114	0.063	0.079
571	0.097	0.084	0.073	0.117	0.055	0.11
572	0.141	0.118	0.088	0.154	0.056	0.16
573	0.156	0.129	0.082	0.151	0.039	0.151
574	0.215	0.195	0.141	0.222	0.044	0.196
575	0.206	0.194	0.117	0.195	0.056	0.153
576	0.164	0.162	0.077	0.138	0.071	0.133
577	0.17	0.164	0.078	0.136	0.08	0.136
578	0.191	0.217	0.116	0.162	0.127	0.117
579	0.132	0.197	0.103	0.135	0.167	0.115
580	0.1	0.121	0.049	0.081	0.106	0.102
581	0.075	0.061	0.023	0.03	0.086	0.063
582	0.077	0.085	0.034	0.04	0.117	0.116
583	0.046	0.074	0.022	0.023	0.125	0.125
584	0.031	0.041	0.005	0.006	0.092	0.101
585	0.022	0.03	0.003	0.003	0.077	0.125
586	0.016	0.036	0.001	0.003	0.081	0.112
587	0.03	0.029	0.0	0.002	0.064	0.079
588	0.034	0.037	0.001	0.002	0.088	0.073
589	0.04	0.022	0.005	0.001	0.073	0.047
590	0.052	0.033	0.014	0.013	0.058	0.041
591	0.059	0.036	0.039	0.032	0.051	0.031
592	0.089	0.08	0.067	0.075	0.057	0.033
593	0.098	0.102	0.117	0.115	0.068	0.053
594	0.106	0.134	0.154	0.171	0.074	0.094
595	0.131	0.153	0.137	0.184	0.057	0.105
596	0.19	0.224	0.209	0.273	0.074	0.183
597	0.213	0.245	0.201	0.266	0.072	0.151
598	0.288	0.336	0.288	0.383	0.086	0.233
599	0.327	0.396	0.341	0.409	0.138	0.19
600	0.442	0.536	0.492	0.595	0.164	0.372
601	0.419	0.49	0.42	0.552	0.119	0.382
602	0.408	0.511	0.412	0.537	0.166	0.29
603	0.314	0.37	0.262	0.372	0.12	0.27
604	0.269	0.323	0.225	0.302	0.124	0.135
605	0.282	0.372	0.253	0.322	0.191	0.1
606	0.216	0.304	0.181	0.245	0.186	0.114
607	0.185	0.225	0.122	0.168	0.142	0.068
608	0.224	0.279	0.175	0.208	0.184	0.043
609	0.221	0.307	0.18	0.215	0.251	0.043
610	0.163	0.219	0.099	0.134	0.206	0.061
611	0.157	0.177	0.078	0.097	0.17	0.037
612	0.196	0.234	0.117	0.127	0.253	0.047
613	0.169	0.221	0.09	0.112	0.28	0.08
614	0.126	0.136	0.032	0.05	0.188	0.081
615	0.133	0.122	0.034	0.035	0.166	0.073
616	0.109	0.079	0.008	0.007	0.142	0.109
617	0.071	0.054	0.004	0.006	0.102	0.075
618	0.082	0.063	0.02	0.016	0.085	0.048
619	0.068	0.047	0.035	0.017	0.07	0.051
620	0.053	0.042	0.07	0.036	0.052	0.052
621	0.033	0.032	0.102	0.048	0.039	0.051
622	0.018	0.016	0.105	0.038	0.035	0.04
623	0.02	0.009	0.081	0.028	0.033	0.037
624	0.034	0.017	0.045	0.014	0.043	0.041
625	0.054	0.032	0.048	0.018	0.057	0.062
626	0.079	0.047	0.022	0.006	0.093	0.092
627	0.098	0.081	0.056	0.031	0.107	0.079
628	0.131	0.112	0.055	0.039	0.143	0.075
629	0.168	0.172	0.139	0.109	0.16	0.076
630	0.129	0.143	0.137	0.114	0.112	0.07
631	0.145	0.159	0.135	0.134	0.105	0.054
632	0.198	0.245	0.231	0.234	0.137	0.117
633	0.247	0.323	0.303	0.333	0.139	0.163
634	0.25	0.341	0.35	0.403	0.124	0.252
635	0.301	0.476	0.538	0.587	0.187	0.388
636	0.325	0.505	0.555	0.563	0.243	0.324
637	0.26	0.383	0.431	0.417	0.218	0.265
638	0.285	0.39	0.396	0.369	0.25	0.186
639	0.241	0.294	0.255	0.238	0.214	0.101
640	0.233	0.278	0.214	0.227	0.167	0.066
641	0.233	0.271	0.185	0.186	0.219	0.039
642	0.324	0.369	0.294	0.276	0.293	0.073
643	0.354	0.441	0.362	0.377	0.276	0.089
644	0.443	0.57	0.47	0.502	0.378	0.09
645	0.478	0.656	0.549	0.622	0.377	0.13
646	0.585	0.804	0.728	0.789	0.454	0.194
647	0.546	0.716	0.664	0.721	0.357	0.265
648	0.51	0.641	0.573	0.67	0.247	0.294
649	0.584	0.734	0.676	0.832	0.218	0.474
650	0.57	0.715	0.643	0.851	0.168	0.648
651	0.661	0.794	0.759	1.008	0.137	0.951
652	0.555	0.655	0.62	0.827	0.111	0.793
653	0.483	0.544	0.477	0.694	0.075	0.788
654	0.497	0.535	0.468	0.748	0.047	1.338
655	0.09	0.061	0.081	0.052	0.076	0.12
656	0.079	0.047	0.079	0.045	0.078	0.104
657	0.085	0.039	0.101	0.058	0.099	0.115
658	0.104	0.055	0.124	0.082	0.115	0.122
659	0.083	0.045	0.116	0.076	0.103	0.103
660	0.065	0.034	0.085	0.051	0.071	0.077
661	0.062	0.031	0.044	0.027	0.066	0.076
662	0.053	0.032	0.041	0.022	0.06	0.08
663	0.048	0.038	0.02	0.009	0.059	0.07
664	0.031	0.041	0.016	0.006	0.058	0.078
665	0.021	0.034	0.036	0.01	0.065	0.077
666	0.023	0.023	0.039	0.01	0.037	0.063
667	0.035	0.021	0.059	0.024	0.045	0.063
668	0.035	0.017	0.065	0.031	0.046	0.051
669	0.043	0.024	0.096	0.051	0.072	0.061
670	0.026	0.02	0.09	0.053	0.082	0.054
671	0.026	0.032	0.111	0.078	0.148	0.062
672	0.047	0.041	0.129	0.082	0.187	0.083
673	0.055	0.044	0.139	0.086	0.242	0.102
674	0.069	0.035	0.126	0.066	0.222	0.109
675	0.091	0.029	0.126	0.056	0.259	0.126
676	0.091	0.022	0.113	0.04	0.236	0.125
677	0.073	0.022	0.105	0.035	0.168	0.112
678	0.085	0.026	0.11	0.046	0.142	0.115
679	0.1	0.031	0.113	0.049	0.131	0.131
680	0.091	0.038	0.098	0.045	0.11	0.125
681	0.059	0.027	0.076	0.025	0.073	0.079
682	0.048	0.038	0.07	0.022	0.061	0.101
683	0.032	0.044	0.057	0.015	0.077	0.086
684	0.02	0.043	0.048	0.013	0.054	0.083
685	0.022	0.03	0.045	0.011	0.056	0.071
686	0.013	0.028	0.039	0.007	0.051	0.076
687	0.014	0.018	0.04	0.006	0.039	0.074
688	0.023	0.012	0.057	0.014	0.04	0.064
689	0.022	0.009	0.065	0.023	0.042	0.048
690	0.033	0.013	0.079	0.032	0.071	0.06
691	0.022	0.011	0.075	0.039	0.081	0.048
692	0.022	0.022	0.093	0.065	0.13	0.054
693	0.04	0.025	0.102	0.063	0.172	0.081
694	0.06	0.025	0.107	0.061	0.217	0.102
695	0.072	0.015	0.093	0.041	0.2	0.108
696	0.096	0.01	0.082	0.032	0.217	0.116
697	0.105	0.005	0.073	0.016	0.215	0.113
698	0.088	0.008	0.071	0.008	0.193	0.107
699	0.1	0.018	0.082	0.007	0.246	0.111
700	0.095	0.024	0.071	0.003	0.241	0.114
701	0.08	0.035	0.074	0.006	0.2	0.114
702	0.071	0.028	0.078	0.007	0.153	0.088
703	0.039	0.032	0.061	0.003	0.099	0.055
704	0.042	0.043	0.065	0.006	0.118	0.099
705	0.042	0.047	0.068	0.008	0.084	0.099
706	0.027	0.038	0.055	0.005	0.068	0.072
707	0.017	0.042	0.046	0.005	0.073	0.076
708	0.012	0.038	0.041	0.006	0.061	0.077
709	0.013	0.026	0.038	0.004	0.059	0.077
710	0.006	0.025	0.031	0.003	0.051	0.085
711	0.008	0.013	0.034	0.003	0.038	0.085
712	0.017	0.007	0.042	0.005	0.039	0.074
713	0.016	0.004	0.05	0.013	0.039	0.052
714	0.029	0.004	0.055	0.018	0.064	0.06
715	0.022	0.006	0.055	0.034	0.073	0.044
716	0.026	0.016	0.073	0.058	0.117	0.052
717	0.045	0.014	0.074	0.049	0.148	0.08
718	0.069	0.013	0.071	0.048	0.181	0.099
719	0.083	0.005	0.054	0.029	0.162	0.108
720	0.111	0.004	0.038	0.031	0.169	0.116
721	0.118	0.001	0.03	0.016	0.167	0.109
722	0.091	0.003	0.033	0.007	0.154	0.1
723	0.094	0.012	0.038	0.002	0.2	0.097
724	0.092	0.024	0.029	0.008	0.193	0.098
725	0.073	0.034	0.034	0.007	0.173	0.099
726	0.061	0.022	0.042	0.001	0.139	0.077
727	0.033	0.025	0.037	0.001	0.093	0.052
728	0.03	0.037	0.036	0.004	0.118	0.091
729	0.027	0.046	0.046	0.005	0.099	0.099
730	0.016	0.037	0.038	0.003	0.076	0.08
731	0.011	0.043	0.032	0.006	0.083	0.092
732	0.007	0.037	0.028	0.005	0.07	0.094
733	0.008	0.025	0.026	0.001	0.059	0.085
734	0.003	0.021	0.02	0.002	0.053	0.088
735	0.005	0.011	0.023	0.001	0.039	0.075
736	0.015	0.004	0.024	0.002	0.035	0.068
737	0.016	0.001	0.033	0.012	0.036	0.048
738	0.033	0.001	0.032	0.017	0.053	0.056
739	0.03	0.007	0.04	0.041	0.061	0.039
740	0.038	0.017	0.057	0.066	0.1	0.05
741	0.056	0.01	0.05	0.049	0.119	0.078
742	0.084	0.015	0.041	0.062	0.138	0.098
743	0.1	0.01	0.026	0.048	0.115	0.108
744	0.135	0.02	0.015	0.071	0.107	0.12
745	0.137	0.019	0.008	0.057	0.102	0.114
746	0.102	0.017	0.007	0.036	0.101	0.102
747	0.102	0.023	0.008	0.029	0.143	0.097
748	0.107	0.047	0.005	0.046	0.155	0.106
749	0.078	0.048	0.007	0.033	0.149	0.103
750	0.061	0.024	0.011	0.014	0.111	0.078
751	0.034	0.024	0.011	0.009	0.085	0.059
752	0.029	0.04	0.009	0.016	0.107	0.093
753	0.024	0.045	0.019	0.012	0.106	0.11
754	0.012	0.031	0.015	0.005	0.071	0.089
755	0.012	0.042	0.01	0.012	0.09	0.102
756	0.005	0.034	0.012	0.007	0.073	0.102
757	0.007	0.022	0.012	0.002	0.057	0.083
758	0.005	0.019	0.012	0.002	0.057	0.075
759	0.009	0.009	0.015	0.0	0.043	0.053
760	0.02	0.005	0.014	0.006	0.033	0.05
761	0.024	0.002	0.023	0.017	0.033	0.038
762	0.045	0.007	0.021	0.032	0.04	0.046
763	0.046	0.018	0.037	0.065	0.049	0.035
764	0.053	0.032	0.054	0.102	0.077	0.044
765	0.073	0.028	0.041	0.093	0.087	0.074
766	0.112	0.04	0.033	0.118	0.089	0.099
767	0.122	0.037	0.02	0.104	0.065	0.104
768	0.166	0.062	0.022	0.15	0.058	0.127
769	0.167	0.067	0.014	0.141	0.054	0.119
770	0.124	0.056	0.006	0.101	0.063	0.101
771	0.123	0.061	0.003	0.094	0.097	0.1
772	0.136	0.101	0.008	0.129	0.122	0.101
773	0.095	0.089	0.005	0.093	0.138	0.102
774	0.068	0.045	0.001	0.049	0.09	0.078
775	0.046	0.035	0.001	0.025	0.085	0.059
776	0.043	0.058	0.001	0.039	0.114	0.083
777	0.028	0.056	0.002	0.028	0.11	0.103
778	0.016	0.034	0.001	0.01	0.076	0.082
779	0.012	0.039	0.001	0.014	0.092	0.088
780	0.006	0.033	0.003	0.009	0.078	0.088
781	0.013	0.021	0.005	0.003	0.061	0.068
782	0.014	0.018	0.009	0.003	0.066	0.056
783	0.022	0.009	0.014	0.001	0.053	0.033
784	0.034	0.011	0.015	0.012	0.039	0.031
785	0.039	0.009	0.026	0.027	0.036	0.025
786	0.065	0.028	0.026	0.065	0.035	0.033
787	0.068	0.043	0.05	0.105	0.043	0.026
788	0.077	0.06	0.063	0.153	0.062	0.042
789	0.1	0.061	0.047	0.156	0.055	0.069
790	0.144	0.088	0.05	0.21	0.055	0.102
791	0.156	0.1	0.045	0.215	0.038	0.111
792	0.215	0.165	0.069	0.329	0.042	0.145
793	0.204	0.165	0.051	0.295	0.055	0.125
794	0.159	0.136	0.029	0.215	0.071	0.11
795	0.162	0.14	0.027	0.211	0.084	0.101
796	0.181	0.195	0.041	0.264	0.135	0.086
797	0.123	0.18	0.036	0.229	0.179	0.074
798	0.094	0.107	0.016	0.138	0.111	0.074
799	0.069	0.053	0.01	0.05	0.088	0.04
800	0.068	0.076	0.011	0.068	0.12	0.063
801	0.038	0.067	0.004	0.045	0.127	0.075
802	0.026	0.034	0.001	0.014	0.091	0.063
803	0.019	0.026	0.0	0.009	0.079	0.07
804	0.014	0.029	0.002	0.009	0.08	0.068
805	0.027	0.021	0.005	0.005	0.061	0.052
806	0.033	0.024	0.009	0.006	0.087	0.044
807	0.039	0.013	0.012	0.002	0.07	0.025
808	0.051	0.022	0.017	0.019	0.056	0.021
809	0.059	0.027	0.034	0.043	0.048	0.014
810	0.089	0.065	0.043	0.109	0.053	0.021
811	0.1	0.091	0.073	0.167	0.065	0.024
812	0.108	0.116	0.092	0.242	0.072	0.044
813	0.134	0.127	0.078	0.264	0.054	0.065
814	0.193	0.193	0.11	0.396	0.07	0.115
815	0.213	0.215	0.101	0.403	0.069	0.108
816	0.289	0.304	0.141	0.586	0.083	0.176
817	0.325	0.366	0.16	0.641	0.137	0.159
818	0.441	0.503	0.233	0.929	0.164	0.316
819	0.418	0.457	0.196	0.862	0.123	0.322
820	0.401	0.476	0.181	0.847	0.175	0.252
821	0.309	0.338	0.111	0.589	0.126	0.226
822	0.265	0.292	0.095	0.482	0.124	0.121
823	0.274	0.338	0.099	0.519	0.193	0.09
824	0.208	0.275	0.066	0.404	0.19	0.09
825	0.179	0.199	0.045	0.278	0.142	0.059
826	0.218	0.251	0.067	0.344	0.184	0.038
827	0.212	0.278	0.062	0.364	0.253	0.029
828	0.155	0.192	0.029	0.232	0.206	0.035
829	0.152	0.153	0.026	0.17	0.169	0.017
830	0.19	0.209	0.039	0.228	0.253	0.013
831	0.162	0.198	0.023	0.208	0.284	0.024
832	0.122	0.116	0.005	0.1	0.191	0.031
833	0.132	0.105	0.011	0.073	0.172	0.023
834	0.106	0.063	0.007	0.021	0.144	0.04
835	0.07	0.04	0.008	0.015	0.101	0.034
836	0.082	0.05	0.016	0.031	0.084	0.016
837	0.069	0.039	0.032	0.029	0.069	0.015
838	0.056	0.038	0.06	0.05	0.051	0.015
839	0.035	0.033	0.091	0.061	0.038	0.016
840	0.019	0.018	0.101	0.046	0.031	0.013
841	0.021	0.009	0.084	0.031	0.029	0.012
842	0.035	0.012	0.053	0.014	0.04	0.014
843	0.056	0.026	0.054	0.02	0.057	0.021
844	0.081	0.039	0.027	0.011	0.094	0.033
845	0.101	0.075	0.039	0.057	0.109	0.021
846	0.13	0.099	0.029	0.077	0.141	0.019
847	0.169	0.162	0.072	0.187	0.161	0.027
848	0.129	0.133	0.081	0.181	0.112	0.025
849	0.145	0.141	0.074	0.21	0.102	0.027
850	0.198	0.226	0.12	0.364	0.136	0.067
851	0.246	0.299	0.151	0.515	0.137	0.11
852	0.244	0.306	0.179	0.591	0.122	0.147
853	0.292	0.437	0.276	0.849	0.196	0.217
854	0.332	0.496	0.284	0.88	0.254	0.208
855	0.273	0.381	0.225	0.645	0.238	0.149
856	0.287	0.375	0.188	0.576	0.258	0.108
857	0.232	0.266	0.116	0.371	0.209	0.055
858	0.225	0.249	0.095	0.357	0.165	0.047
859	0.225	0.246	0.075	0.312	0.216	0.021
860	0.31	0.339	0.122	0.444	0.294	0.054
861	0.342	0.407	0.153	0.6	0.277	0.086
862	0.431	0.534	0.196	0.807	0.389	0.11
863	0.465	0.619	0.233	0.995	0.389	0.153
864	0.571	0.766	0.318	1.253	0.47	0.23
865	0.538	0.681	0.299	1.141	0.364	0.274
866	0.502	0.606	0.258	1.056	0.255	0.283
867	0.573	0.689	0.307	1.284	0.225	0.426
868	0.553	0.658	0.288	1.285	0.175	0.522
869	0.652	0.738	0.356	1.521	0.14	0.768
870	0.555	0.611	0.299	1.264	0.111	0.643
871	0.477	0.491	0.223	1.04	0.075	0.611
872	0.485	0.46	0.215	1.07	0.045	0.932
