index	displacement
1	0.086
2	0.078
3	0.086
4	0.106
5	0.087
6	0.066
7	0.063
8	0.052
9	0.048
10	0.031
11	0.021
12	0.023
13	0.035
14	0.036
15	0.044
16	0.027
17	0.028
18	0.049
19	0.058
20	0.072
21	0.093
22	0.094
23	0.075
24	0.088
25	0.102
26	0.091
27	0.059
28	0.047
29	0.032
30	0.02
31	0.022
32	0.013
33	0.014
34	0.024
35	0.023
36	0.034
37	0.022
38	0.023
39	0.042
40	0.062
41	0.074
42	0.096
43	0.106
44	0.09
45	0.102
46	0.097
47	0.082
48	0.073
49	0.04
50	0.044
51	0.043
52	0.028
53	0.017
54	0.012
55	0.013
56	0.006
57	0.008
58	0.017
59	0.016
60	0.03
61	0.022
62	0.027
63	0.046
64	0.069
65	0.083
66	0.114
67	0.119
68	0.092
69	0.097
70	0.094
71	0.078
72	0.063
73	0.035
74	0.032
75	0.027
76	0.016
77	0.012
78	0.007
79	0.008
80	0.004
81	0.005
82	0.015
83	0.017
84	0.033
85	0.029
86	0.037
87	0.056
88	0.083
89	0.1
90	0.134
91	0.139
92	0.104
93	0.104
94	0.11
95	0.082
96	0.064
97	0.037
98	0.032
99	0.026
100	0.013
101	0.013
102	0.006
103	0.008
104	0.006
105	0.01
106	0.02
107	0.024
108	0.045
109	0.046
110	0.052
111	0.072
112	0.109
113	0.122
114	0.166
115	0.167
116	0.126
117	0.124
118	0.139
119	0.098
120	0.071
121	0.049
122	0.047
123	0.03
124	0.017
125	0.013
126	0.008
127	0.014
128	0.016
129	0.023
130	0.035
131	0.039
132	0.064
133	0.067
134	0.074
135	0.098
136	0.142
137	0.155
138	0.215
139	0.205
140	0.163
141	0.167
142	0.186
143	0.128
144	0.098
145	0.074
146	0.076
147	0.043
148	0.03
149	0.022
150	0.017
151	0.03
152	0.035
153	0.042
154	0.053
155	0.059
156	0.089
157	0.099
158	0.105
159	0.131
160	0.19
161	0.213
162	0.289
163	0.326
164	0.443
165	0.422
166	0.409
167	0.316
168	0.269
169	0.281
170	0.214
171	0.186
172	0.223
173	0.221
174	0.163
175	0.158
176	0.196
177	0.172
178	0.129
179	0.138
180	0.111
181	0.072
182	0.084
183	0.068
184	0.054
185	0.034
186	0.019
187	0.021
188	0.036
189	0.056
190	0.082
191	0.102
192	0.133
193	0.17
194	0.128
195	0.143
196	0.196
197	0.245
198	0.25
199	0.301
200	0.322
201	0.262
202	0.283
203	0.231
204	0.226
205	0.228
206	0.314
207	0.347
208	0.449
209	0.477
210	0.584
211	0.547
212	0.508
213	0.585
214	0.564
215	0.662
216	0.567
217	0.487
218	0.519
219	0.095
220	0.082
221	0.088
222	0.105
223	0.085
224	0.066
225	0.064
226	0.055
227	0.05
228	0.033
229	0.023
230	0.025
231	0.036
232	0.036
233	0.044
234	0.027
235	0.027
236	0.048
237	0.056
238	0.071
239	0.092
240	0.095
241	0.076
242	0.089
243	0.103
244	0.095
245	0.062
246	0.051
247	0.035
248	0.023
249	0.025
250	0.014
251	0.015
252	0.025
253	0.024
254	0.035
255	0.023
256	0.022
257	0.041
258	0.061
259	0.074
260	0.098
261	0.108
262	0.093
263	0.106
264	0.102
265	0.086
266	0.077
267	0.044
268	0.048
269	0.047
270	0.031
271	0.02
272	0.014
273	0.014
274	0.007
275	0.009
276	0.019
277	0.017
278	0.03
279	0.023
280	0.027
281	0.046
282	0.07
283	0.084
284	0.113
285	0.121
286	0.095
287	0.101
288	0.098
289	0.079
290	0.065
291	0.037
292	0.035
293	0.031
294	0.018
295	0.013
296	0.008
297	0.009
298	0.004
299	0.006
300	0.016
301	0.017
302	0.034
303	0.03
304	0.038
305	0.056
306	0.083
307	0.101
308	0.138
309	0.14
310	0.106
311	0.107
312	0.113
313	0.082
314	0.064
315	0.037
316	0.033
317	0.027
318	0.014
319	0.014
320	0.007
321	0.008
322	0.005
323	0.009
324	0.021
325	0.025
326	0.046
327	0.047
328	0.054
329	0.074
330	0.111
331	0.124
332	0.169
333	0.169
334	0.127
335	0.126
336	0.14
337	0.098
338	0.071
339	0.048
340	0.046
341	0.031
342	0.017
343	0.014
344	0.007
345	0.013
346	0.014
347	0.022
348	0.034
349	0.039
350	0.065
351	0.068
352	0.077
353	0.099
354	0.143
355	0.156
356	0.214
357	0.202
358	0.16
359	0.164
360	0.182
361	0.124
362	0.094
363	0.07
364	0.07
365	0.041
366	0.028
367	0.02
368	0.014
369	0.028
370	0.032
371	0.039
372	0.051
373	0.059
374	0.089
375	0.1
376	0.107
377	0.133
378	0.192
379	0.212
380	0.287
381	0.325
382	0.434
383	0.407
384	0.392
385	0.305
386	0.262
387	0.273
388	0.208
389	0.18
390	0.217
391	0.212
392	0.156
393	0.152
394	0.19
395	0.163
396	0.121
397	0.13
398	0.105
399	0.069
400	0.082
401	0.069
402	0.055
403	0.035
404	0.018
405	0.02
406	0.035
407	0.056
408	0.081
409	0.099
410	0.13
411	0.168
412	0.129
413	0.143
414	0.197
415	0.245
416	0.249
417	0.293
418	0.316
419	0.26
420	0.281
421	0.231
422	0.222
423	0.223
424	0.308
425	0.338
426	0.427
427	0.462
428	0.562
429	0.523
430	0.491
431	0.559
432	0.536
433	0.63
434	0.537
435	0.457
436	0.448
437	0.095
438	0.083
439	0.091
440	0.107
441	0.086
442	0.067
443	0.064
444	0.054
445	0.049
446	0.031
447	0.023
448	0.024
449	0.036
450	0.037
451	0.044
452	0.027
453	0.027
454	0.048
455	0.056
456	0.07
457	0.09
458	0.095
459	0.076
460	0.09
461	0.104
462	0.095
463	0.062
464	0.051
465	0.036
466	0.023
467	0.024
468	0.014
469	0.015
470	0.025
471	0.023
472	0.034
473	0.022
474	0.021
475	0.04
476	0.059
477	0.073
478	0.096
479	0.107
480	0.093
481	0.108
482	0.105
483	0.09
484	0.079
485	0.046
486	0.051
487	0.05
488	0.032
489	0.022
490	0.014
491	0.015
492	0.008
493	0.01
494	0.019
495	0.017
496	0.03
497	0.022
498	0.025
499	0.044
500	0.066
501	0.082
502	0.112
503	0.12
504	0.096
505	0.103
506	0.103
507	0.083
508	0.068
509	0.039
510	0.038
511	0.034
512	0.02
513	0.015
514	0.009
515	0.01
516	0.005
517	0.006
518	0.017
519	0.017
520	0.034
521	0.029
522	0.035
523	0.053
524	0.08
525	0.099
526	0.134
527	0.139
528	0.109
529	0.111
530	0.119
531	0.09
532	0.068
533	0.041
534	0.037
535	0.031
536	0.016
537	0.016
538	0.008
539	0.01
540	0.006
541	0.01
542	0.022
543	0.025
544	0.045
545	0.045
546	0.05
547	0.07
548	0.107
549	0.122
550	0.167
551	0.169
552	0.128
553	0.13
554	0.148
555	0.107
556	0.076
557	0.053
558	0.051
559	0.035
560	0.02
561	0.016
562	0.009
563	0.015
564	0.016
565	0.023
566	0.035
567	0.039
568	0.064
569	0.067
570	0.074
571	0.097
572	0.141
573	0.156
574	0.215
575	0.206
576	0.164
577	0.17
578	0.191
579	0.132
580	0.1
581	0.075
582	0.077
583	0.046
584	0.031
585	0.022
586	0.016
587	0.03
588	0.034
589	0.04
590	0.052
591	0.059
592	0.089
593	0.098
594	0.106
595	0.131
596	0.19
597	0.213
598	0.288
599	0.327
600	0.442
601	0.419
602	0.408
603	0.314
604	0.269
605	0.282
606	0.216
607	0.185
608	0.224
609	0.221
610	0.163
611	0.157
612	0.196
613	0.169
614	0.126
615	0.133
616	0.109
617	0.071
618	0.082
619	0.068
620	0.053
621	0.033
622	0.018
623	0.02
624	0.034
625	0.054
626	0.079
627	0.098
628	0.131
629	0.168
630	0.129
631	0.145
632	0.198
633	0.247
634	0.25
635	0.301
636	0.325
637	0.26
638	0.285
639	0.241
640	0.233
641	0.233
642	0.324
643	0.354
644	0.443
645	0.478
646	0.585
647	0.546
648	0.51
649	0.584
650	0.57
651	0.661
652	0.555
653	0.483
654	0.497
655	0.09
656	0.079
657	0.085
658	0.104
659	0.083
660	0.065
661	0.062
662	0.053
663	0.048
664	0.031
665	0.021
666	0.023
667	0.035
668	0.035
669	0.043
670	0.026
671	0.026
672	0.047
673	0.055
674	0.069
675	0.091
676	0.091
677	0.073
678	0.085
679	0.1
680	0.091
681	0.059
682	0.048
683	0.032
684	0.02
685	0.022
686	0.013
687	0.014
688	0.023
689	0.022
690	0.033
691	0.022
692	0.022
693	0.04
694	0.06
695	0.072
696	0.096
697	0.105
698	0.088
699	0.1
700	0.095
701	0.08
702	0.071
703	0.039
704	0.042
705	0.042
706	0.027
707	0.017
708	0.012
709	0.013
710	0.006
711	0.008
712	0.017
713	0.016
714	0.029
715	0.022
716	0.026
717	0.045
718	0.069
719	0.083
720	0.111
721	0.118
722	0.091
723	0.094
724	0.092
725	0.073
726	0.061
727	0.033
728	0.03
729	0.027
730	0.016
731	0.011
732	0.007
733	0.008
734	0.003
735	0.005
736	0.015
737	0.016
738	0.033
739	0.03
740	0.038
741	0.056
742	0.084
743	0.1
744	0.135
745	0.137
746	0.102
747	0.102
748	0.107
749	0.078
750	0.061
751	0.034
752	0.029
753	0.024
754	0.012
755	0.012
756	0.005
757	0.007
758	0.005
759	0.009
760	0.02
761	0.024
762	0.045
763	0.046
764	0.053
765	0.073
766	0.112
767	0.122
768	0.166
769	0.167
770	0.124
771	0.123
772	0.136
773	0.095
774	0.068
775	0.046
776	0.043
777	0.028
778	0.016
779	0.012
780	0.006
781	0.013
782	0.014
783	0.022
784	0.034
785	0.039
786	0.065
787	0.068
788	0.077
789	0.1
790	0.144
791	0.156
792	0.215
793	0.204
794	0.159
795	0.162
796	0.181
797	0.123
798	0.094
799	0.069
800	0.068
801	0.038
802	0.026
803	0.019
804	0.014
805	0.027
806	0.033
807	0.039
808	0.051
809	0.059
810	0.089
811	0.1
812	0.108
813	0.134
814	0.193
815	0.213
816	0.289
817	0.325
818	0.441
819	0.418
820	0.401
821	0.309
822	0.265
823	0.274
824	0.208
825	0.179
826	0.218
827	0.212
828	0.155
829	0.152
830	0.19
831	0.162
832	0.122
833	0.132
834	0.106
835	0.07
836	0.082
837	0.069
838	0.056
839	0.035
840	0.019
841	0.021
842	0.035
843	0.056
844	0.081
845	0.101
846	0.13
847	0.169
848	0.129
849	0.145
850	0.198
851	0.246
852	0.244
853	0.292
854	0.332
855	0.273
856	0.287
857	0.232
858	0.225
859	0.225
860	0.31
861	0.342
862	0.431
863	0.465
864	0.571
865	0.538
866	0.502
867	0.573
868	0.553
869	0.652
870	0.555
871	0.477
872	0.485
