index	displacement
1	0.076
2	0.06
3	0.056
4	0.082
5	0.068
6	0.052
7	0.04
8	0.038
9	0.037
10	0.039
11	0.034
12	0.024
13	0.027
14	0.026
15	0.039
16	0.035
17	0.056
18	0.067
19	0.072
20	0.054
21	0.046
22	0.033
23	0.031
24	0.04
25	0.046
26	0.052
27	0.033
28	0.044
29	0.049
30	0.047
31	0.031
32	0.029
33	0.018
34	0.015
35	0.014
36	0.021
37	0.021
38	0.041
39	0.043
40	0.043
41	0.025
42	0.017
43	0.006
44	0.007
45	0.019
46	0.025
47	0.039
48	0.03
49	0.033
50	0.045
51	0.05
52	0.04
53	0.046
54	0.04
55	0.027
56	0.025
57	0.012
58	0.006
59	0.005
60	0.008
61	0.014
62	0.033
63	0.027
64	0.026
65	0.011
66	0.011
67	0.003
68	0.002
69	0.011
70	0.028
71	0.039
72	0.022
73	0.025
74	0.04
75	0.049
76	0.038
77	0.047
78	0.039
79	0.025
80	0.022
81	0.009
82	0.002
83	0.001
84	0.005
85	0.017
86	0.035
87	0.024
88	0.033
89	0.023
90	0.043
91	0.039
92	0.028
93	0.033
94	0.066
95	0.065
96	0.03
97	0.028
98	0.049
99	0.053
100	0.034
101	0.05
102	0.04
103	0.024
104	0.02
105	0.008
106	0.005
107	0.004
108	0.016
109	0.037
110	0.063
111	0.055
112	0.077
113	0.071
114	0.115
115	0.119
116	0.095
117	0.097
118	0.156
119	0.132
120	0.066
121	0.048
122	0.079
123	0.073
124	0.041
125	0.048
126	0.039
127	0.024
128	0.021
129	0.01
130	0.015
131	0.017
132	0.051
133	0.08
134	0.112
135	0.115
136	0.163
137	0.179
138	0.289
139	0.28
140	0.224
141	0.227
142	0.308
143	0.275
144	0.163
145	0.079
146	0.111
147	0.092
148	0.044
149	0.031
150	0.035
151	0.025
152	0.031
153	0.016
154	0.033
155	0.045
156	0.108
157	0.158
158	0.207
159	0.225
160	0.34
161	0.366
162	0.522
163	0.615
164	0.852
165	0.779
166	0.801
167	0.57
168	0.485
169	0.552
170	0.441
171	0.32
172	0.4
173	0.44
174	0.297
175	0.237
176	0.321
177	0.3
178	0.172
179	0.155
180	0.084
181	0.053
182	0.072
183	0.056
184	0.059
185	0.052
186	0.029
187	0.014
188	0.015
189	0.033
190	0.049
191	0.11
192	0.149
193	0.256
194	0.214
195	0.231
196	0.377
197	0.504
198	0.557
199	0.799
200	0.816
201	0.621
202	0.609
203	0.426
204	0.401
205	0.387
206	0.539
207	0.661
208	0.889
209	1.013
210	1.268
211	1.139
212	1.012
213	1.177
214	1.137
215	1.29
216	1.079
217	0.878
218	0.9
219	0.03
220	0.02
221	0.013
222	0.019
223	0.013
224	0.011
225	0.014
226	0.016
227	0.024
228	0.029
229	0.023
230	0.013
231	0.008
232	0.005
233	0.005
234	0.004
235	0.007
236	0.01
237	0.011
238	0.007
239	0.005
240	0.003
241	0.004
242	0.006
243	0.009
244	0.015
245	0.013
246	0.021
247	0.03
248	0.03
249	0.021
250	0.02
251	0.011
252	0.005
253	0.002
254	0.002
255	0.001
256	0.004
257	0.005
258	0.005
259	0.002
260	0.002
261	0.0
262	0.003
263	0.009
264	0.017
265	0.022
266	0.015
267	0.022
268	0.03
269	0.031
270	0.027
271	0.031
272	0.029
273	0.021
274	0.02
275	0.011
276	0.005
277	0.001
278	0.0
279	0.001
280	0.004
281	0.003
282	0.004
283	0.002
284	0.006
285	0.006
286	0.007
287	0.014
288	0.025
289	0.03
290	0.019
291	0.022
292	0.031
293	0.034
294	0.029
295	0.033
296	0.03
297	0.022
298	0.021
299	0.012
300	0.006
301	0.001
302	0.002
303	0.004
304	0.007
305	0.005
306	0.01
307	0.011
308	0.02
309	0.021
310	0.021
311	0.027
312	0.044
313	0.043
314	0.025
315	0.025
316	0.037
317	0.039
318	0.028
319	0.036
320	0.031
321	0.023
322	0.021
323	0.013
324	0.01
325	0.004
326	0.009
327	0.012
328	0.018
329	0.019
330	0.028
331	0.031
332	0.046
333	0.051
334	0.047
335	0.051
336	0.078
337	0.07
338	0.04
339	0.033
340	0.049
341	0.048
342	0.032
343	0.035
344	0.032
345	0.024
346	0.022
347	0.015
348	0.015
349	0.01
350	0.023
351	0.027
352	0.036
353	0.041
354	0.057
355	0.067
356	0.102
357	0.106
358	0.093
359	0.097
360	0.131
361	0.121
362	0.075
363	0.04
364	0.056
365	0.052
366	0.032
367	0.024
368	0.028
369	0.023
370	0.029
371	0.017
372	0.022
373	0.021
374	0.044
375	0.055
376	0.066
377	0.077
378	0.112
379	0.128
380	0.174
381	0.214
382	0.28
383	0.256
384	0.27
385	0.203
386	0.178
387	0.21
388	0.176
389	0.131
390	0.16
391	0.18
392	0.132
393	0.108
394	0.143
395	0.137
396	0.09
397	0.082
398	0.059
399	0.04
400	0.044
401	0.034
402	0.029
403	0.023
404	0.013
405	0.01
406	0.016
407	0.029
408	0.04
409	0.056
410	0.075
411	0.106
412	0.084
413	0.088
414	0.134
415	0.173
416	0.174
417	0.236
418	0.258
419	0.203
420	0.213
421	0.162
422	0.153
423	0.157
424	0.209
425	0.242
426	0.317
427	0.359
428	0.431
429	0.377
430	0.338
431	0.378
432	0.361
433	0.395
434	0.324
435	0.263
436	0.237
437	0.039
438	0.028
439	0.021
440	0.034
441	0.026
442	0.02
443	0.019
444	0.019
445	0.024
446	0.028
447	0.022
448	0.013
449	0.01
450	0.008
451	0.012
452	0.011
453	0.021
454	0.026
455	0.028
456	0.018
457	0.014
458	0.007
459	0.006
460	0.01
461	0.013
462	0.02
463	0.013
464	0.023
465	0.031
466	0.031
467	0.02
468	0.019
469	0.01
470	0.004
471	0.002
472	0.004
473	0.006
474	0.016
475	0.016
476	0.018
477	0.008
478	0.008
479	0.002
480	0.001
481	0.006
482	0.014
483	0.021
484	0.012
485	0.019
486	0.029
487	0.031
488	0.026
489	0.033
490	0.029
491	0.02
492	0.019
493	0.009
494	0.003
495	0.0
496	0.001
497	0.006
498	0.015
499	0.012
500	0.015
501	0.009
502	0.015
503	0.011
504	0.008
505	0.013
506	0.028
507	0.032
508	0.017
509	0.02
510	0.033
511	0.036
512	0.029
513	0.036
514	0.031
515	0.021
516	0.02
517	0.01
518	0.004
519	0.001
520	0.005
521	0.012
522	0.022
523	0.016
524	0.027
525	0.025
526	0.043
527	0.04
528	0.032
529	0.037
530	0.062
531	0.057
532	0.03
533	0.029
534	0.045
535	0.045
536	0.031
537	0.043
538	0.036
539	0.024
540	0.023
541	0.012
542	0.01
543	0.006
544	0.017
545	0.028
546	0.043
547	0.044
548	0.063
549	0.062
550	0.09
551	0.094
552	0.079
553	0.082
554	0.122
555	0.104
556	0.059
557	0.045
558	0.069
559	0.064
560	0.039
561	0.043
562	0.038
563	0.027
564	0.026
565	0.016
566	0.02
567	0.016
568	0.043
569	0.056
570	0.076
571	0.084
572	0.118
573	0.129
574	0.195
575	0.194
576	0.162
577	0.164
578	0.217
579	0.197
580	0.121
581	0.061
582	0.085
583	0.074
584	0.041
585	0.03
586	0.036
587	0.029
588	0.037
589	0.022
590	0.033
591	0.036
592	0.08
593	0.102
594	0.134
595	0.153
596	0.224
597	0.245
598	0.336
599	0.396
600	0.536
601	0.49
602	0.511
603	0.37
604	0.323
605	0.372
606	0.304
607	0.225
608	0.279
609	0.307
610	0.219
611	0.177
612	0.234
613	0.221
614	0.136
615	0.122
616	0.079
617	0.054
618	0.063
619	0.047
620	0.042
621	0.032
622	0.016
623	0.009
624	0.017
625	0.032
626	0.047
627	0.081
628	0.112
629	0.172
630	0.143
631	0.159
632	0.245
633	0.323
634	0.341
635	0.476
636	0.505
637	0.383
638	0.39
639	0.294
640	0.278
641	0.271
642	0.369
643	0.441
644	0.57
645	0.656
646	0.804
647	0.716
648	0.641
649	0.734
650	0.715
651	0.794
652	0.655
653	0.544
654	0.535
655	0.061
656	0.047
657	0.039
658	0.055
659	0.045
660	0.034
661	0.031
662	0.032
663	0.038
664	0.041
665	0.034
666	0.023
667	0.021
668	0.017
669	0.024
670	0.02
671	0.032
672	0.041
673	0.044
674	0.035
675	0.029
676	0.022
677	0.022
678	0.026
679	0.031
680	0.038
681	0.027
682	0.038
683	0.044
684	0.043
685	0.03
686	0.028
687	0.018
688	0.012
689	0.009
690	0.013
691	0.011
692	0.022
693	0.025
694	0.025
695	0.015
696	0.01
697	0.005
698	0.008
699	0.018
700	0.024
701	0.035
702	0.028
703	0.032
704	0.043
705	0.047
706	0.038
707	0.042
708	0.038
709	0.026
710	0.025
711	0.013
712	0.007
713	0.004
714	0.004
715	0.006
716	0.016
717	0.014
718	0.013
719	0.005
720	0.004
721	0.001
722	0.003
723	0.012
724	0.024
725	0.034
726	0.022
727	0.025
728	0.037
729	0.046
730	0.037
731	0.043
732	0.037
733	0.025
734	0.021
735	0.011
736	0.004
737	0.001
738	0.001
739	0.007
740	0.017
741	0.01
742	0.015
743	0.01
744	0.02
745	0.019
746	0.017
747	0.023
748	0.047
749	0.048
750	0.024
751	0.024
752	0.04
753	0.045
754	0.031
755	0.042
756	0.034
757	0.022
758	0.019
759	0.009
760	0.005
761	0.002
762	0.007
763	0.018
764	0.032
765	0.028
766	0.04
767	0.037
768	0.062
769	0.067
770	0.056
771	0.061
772	0.101
773	0.089
774	0.045
775	0.035
776	0.058
777	0.056
778	0.034
779	0.039
780	0.033
781	0.021
782	0.018
783	0.009
784	0.011
785	0.009
786	0.028
787	0.043
788	0.06
789	0.061
790	0.088
791	0.1
792	0.165
793	0.165
794	0.136
795	0.14
796	0.195
797	0.18
798	0.107
799	0.053
800	0.076
801	0.067
802	0.034
803	0.026
804	0.029
805	0.021
806	0.024
807	0.013
808	0.022
809	0.027
810	0.065
811	0.091
812	0.116
813	0.127
814	0.193
815	0.215
816	0.304
817	0.366
818	0.503
819	0.457
820	0.476
821	0.338
822	0.292
823	0.338
824	0.275
825	0.199
826	0.251
827	0.278
828	0.192
829	0.153
830	0.209
831	0.198
832	0.116
833	0.105
834	0.063
835	0.04
836	0.05
837	0.039
838	0.038
839	0.033
840	0.018
841	0.009
842	0.012
843	0.026
844	0.039
845	0.075
846	0.099
847	0.162
848	0.133
849	0.141
850	0.226
851	0.299
852	0.306
853	0.437
854	0.496
855	0.381
856	0.375
857	0.266
858	0.249
859	0.246
860	0.339
861	0.407
862	0.534
863	0.619
864	0.766
865	0.681
866	0.606
867	0.689
868	0.658
869	0.738
870	0.611
871	0.491
872	0.46
