index	displacement
1	0.009
2	0.009
3	0.014
4	0.019
5	0.02
6	0.013
7	0.007
8	0.005
9	0.003
10	0.003
11	0.003
12	0.002
13	0.005
14	0.008
15	0.013
16	0.017
17	0.027
18	0.025
19	0.026
20	0.019
21	0.017
22	0.012
23	0.01
24	0.011
25	0.009
26	0.008
27	0.005
28	0.003
29	0.001
30	0.002
31	0.002
32	0.002
33	0.002
34	0.003
35	0.007
36	0.009
37	0.015
38	0.025
39	0.023
40	0.023
41	0.017
42	0.018
43	0.012
44	0.007
45	0.004
46	0.003
47	0.002
48	0.002
49	0.002
50	0.002
51	0.001
52	0.001
53	0.001
54	0.001
55	0.001
56	0.001
57	0.002
58	0.003
59	0.007
60	0.008
61	0.017
62	0.026
63	0.023
64	0.027
65	0.021
66	0.027
67	0.021
68	0.015
69	0.011
70	0.014
71	0.01
72	0.007
73	0.006
74	0.006
75	0.004
76	0.003
77	0.004
78	0.001
79	0.002
80	0.001
81	0.002
82	0.005
83	0.009
84	0.013
85	0.023
86	0.033
87	0.03
88	0.04
89	0.036
90	0.05
91	0.044
92	0.031
93	0.028
94	0.032
95	0.023
96	0.015
97	0.01
98	0.012
99	0.008
100	0.004
101	0.005
102	0.002
103	0.001
104	0.001
105	0.001
106	0.006
107	0.012
108	0.021
109	0.034
110	0.049
111	0.051
112	0.065
113	0.06
114	0.082
115	0.076
116	0.056
117	0.052
118	0.062
119	0.044
120	0.028
121	0.013
122	0.018
123	0.011
124	0.004
125	0.004
126	0.003
127	0.001
128	0.001
129	0.001
130	0.007
131	0.014
132	0.033
133	0.047
134	0.069
135	0.077
136	0.103
137	0.103
138	0.147
139	0.13
140	0.095
141	0.093
142	0.107
143	0.088
144	0.056
145	0.019
146	0.026
147	0.016
148	0.004
149	0.003
150	0.003
151	0.002
152	0.003
153	0.001
154	0.008
155	0.017
156	0.045
157	0.066
158	0.102
159	0.115
160	0.168
161	0.166
162	0.242
163	0.252
164	0.369
165	0.354
166	0.345
167	0.248
168	0.196
169	0.206
170	0.16
171	0.111
172	0.129
173	0.136
174	0.088
175	0.062
176	0.079
177	0.075
178	0.037
179	0.025
180	0.007
181	0.005
182	0.009
183	0.008
184	0.015
185	0.019
186	0.012
187	0.008
188	0.003
189	0.005
190	0.002
191	0.016
192	0.023
193	0.06
194	0.062
195	0.077
196	0.135
197	0.197
198	0.246
199	0.348
200	0.316
201	0.227
202	0.2
203	0.127
204	0.129
205	0.108
206	0.152
207	0.217
208	0.304
209	0.377
210	0.474
211	0.434
212	0.411
213	0.52
214	0.539
215	0.642
216	0.537
217	0.458
218	0.522
219	0.021
220	0.018
221	0.023
222	0.035
223	0.034
224	0.022
225	0.013
226	0.01
227	0.004
228	0.003
229	0.003
230	0.003
231	0.009
232	0.013
233	0.021
234	0.025
235	0.041
236	0.041
237	0.044
238	0.031
239	0.027
240	0.017
241	0.012
242	0.017
243	0.015
244	0.015
245	0.007
246	0.006
247	0.004
248	0.003
249	0.003
250	0.001
251	0.001
252	0.004
253	0.009
254	0.013
255	0.021
256	0.037
257	0.035
258	0.036
259	0.024
260	0.024
261	0.014
262	0.006
263	0.002
264	0.001
265	0.001
266	0.0
267	0.0
268	0.001
269	0.001
270	0.001
271	0.002
272	0.001
273	0.001
274	0.001
275	0.001
276	0.002
277	0.007
278	0.011
279	0.022
280	0.038
281	0.033
282	0.038
283	0.027
284	0.035
285	0.026
286	0.016
287	0.011
288	0.017
289	0.013
290	0.006
291	0.006
292	0.008
293	0.005
294	0.003
295	0.006
296	0.003
297	0.002
298	0.002
299	0.001
300	0.004
301	0.01
302	0.016
303	0.031
304	0.048
305	0.04
306	0.055
307	0.048
308	0.07
309	0.06
310	0.043
311	0.038
312	0.049
313	0.036
314	0.021
315	0.014
316	0.019
317	0.014
318	0.007
319	0.011
320	0.006
321	0.003
322	0.003
323	0.001
324	0.007
325	0.015
326	0.03
327	0.05
328	0.075
329	0.076
330	0.097
331	0.092
332	0.124
333	0.117
334	0.088
335	0.083
336	0.105
337	0.076
338	0.045
339	0.023
340	0.034
341	0.025
342	0.01
343	0.011
344	0.008
345	0.004
346	0.005
347	0.002
348	0.011
349	0.02
350	0.052
351	0.075
352	0.108
353	0.118
354	0.157
355	0.159
356	0.23
357	0.209
358	0.158
359	0.156
360	0.187
361	0.157
362	0.096
363	0.034
364	0.047
365	0.032
366	0.011
367	0.007
368	0.009
369	0.006
370	0.008
371	0.004
372	0.016
373	0.031
374	0.077
375	0.113
376	0.163
377	0.183
378	0.268
379	0.271
380	0.387
381	0.425
382	0.595
383	0.547
384	0.532
385	0.388
386	0.32
387	0.345
388	0.27
389	0.193
390	0.23
391	0.242
392	0.161
393	0.119
394	0.156
395	0.139
396	0.073
397	0.056
398	0.02
399	0.015
400	0.026
401	0.022
402	0.031
403	0.033
404	0.02
405	0.012
406	0.007
407	0.011
408	0.01
409	0.039
410	0.057
411	0.126
412	0.121
413	0.142
414	0.239
415	0.337
416	0.392
417	0.551
418	0.532
419	0.396
420	0.366
421	0.243
422	0.236
423	0.208
424	0.289
425	0.385
426	0.519
427	0.631
428	0.776
429	0.706
430	0.662
431	0.802
432	0.799
433	0.946
434	0.789
435	0.639
436	0.629
437	0.034
438	0.031
439	0.044
440	0.057
441	0.055
442	0.038
443	0.018
444	0.015
445	0.006
446	0.004
447	0.008
448	0.007
449	0.019
450	0.025
451	0.039
452	0.043
453	0.061
454	0.062
455	0.064
456	0.049
457	0.042
458	0.03
459	0.027
460	0.036
461	0.035
462	0.032
463	0.019
464	0.015
465	0.009
466	0.008
467	0.008
468	0.005
469	0.005
470	0.012
471	0.02
472	0.026
473	0.033
474	0.052
475	0.049
476	0.048
477	0.033
478	0.027
479	0.016
480	0.009
481	0.006
482	0.001
483	0.002
484	0.004
485	0.002
486	0.002
487	0.003
488	0.002
489	0.001
490	0.002
491	0.003
492	0.002
493	0.003
494	0.005
495	0.013
496	0.017
497	0.03
498	0.048
499	0.041
500	0.041
501	0.027
502	0.029
503	0.018
504	0.01
505	0.005
506	0.006
507	0.003
508	0.001
509	0.001
510	0.001
511	0.0
512	0.0
513	0.001
514	0.001
515	0.0
516	0.0
517	0.002
518	0.005
519	0.013
520	0.017
521	0.036
522	0.054
523	0.043
524	0.053
525	0.043
526	0.061
527	0.048
528	0.032
529	0.025
530	0.032
531	0.021
532	0.011
533	0.007
534	0.009
535	0.005
536	0.002
537	0.004
538	0.001
539	0.0
540	0.0
541	0.001
542	0.007
543	0.018
544	0.029
545	0.054
546	0.08
547	0.076
548	0.095
549	0.082
550	0.113
551	0.102
552	0.071
553	0.065
554	0.083
555	0.058
556	0.033
557	0.016
558	0.024
559	0.015
560	0.004
561	0.005
562	0.003
563	0.001
564	0.0
565	0.001
566	0.011
567	0.024
568	0.051
569	0.081
570	0.114
571	0.117
572	0.154
573	0.151
574	0.222
575	0.195
576	0.138
577	0.136
578	0.162
579	0.135
580	0.081
581	0.03
582	0.04
583	0.023
584	0.006
585	0.003
586	0.003
587	0.002
588	0.002
589	0.001
590	0.013
591	0.032
592	0.075
593	0.115
594	0.171
595	0.184
596	0.273
597	0.266
598	0.383
599	0.409
600	0.595
601	0.552
602	0.537
603	0.372
604	0.302
605	0.322
606	0.245
607	0.168
608	0.208
609	0.215
610	0.134
611	0.097
612	0.127
613	0.112
614	0.05
615	0.035
616	0.007
617	0.006
618	0.016
619	0.017
620	0.036
621	0.048
622	0.038
623	0.028
624	0.014
625	0.018
626	0.006
627	0.031
628	0.039
629	0.109
630	0.114
631	0.134
632	0.234
633	0.333
634	0.403
635	0.587
636	0.563
637	0.417
638	0.369
639	0.238
640	0.227
641	0.186
642	0.276
643	0.377
644	0.502
645	0.622
646	0.789
647	0.721
648	0.67
649	0.832
650	0.851
651	1.008
652	0.827
653	0.694
654	0.748
655	0.052
656	0.045
657	0.058
658	0.082
659	0.076
660	0.051
661	0.027
662	0.022
663	0.009
664	0.006
665	0.01
666	0.01
667	0.024
668	0.031
669	0.051
670	0.053
671	0.078
672	0.082
673	0.086
674	0.066
675	0.056
676	0.04
677	0.035
678	0.046
679	0.049
680	0.045
681	0.025
682	0.022
683	0.015
684	0.013
685	0.011
686	0.007
687	0.006
688	0.014
689	0.023
690	0.032
691	0.039
692	0.065
693	0.063
694	0.061
695	0.041
696	0.032
697	0.016
698	0.008
699	0.007
700	0.003
701	0.006
702	0.007
703	0.003
704	0.006
705	0.008
706	0.005
707	0.005
708	0.006
709	0.004
710	0.003
711	0.003
712	0.005
713	0.013
714	0.018
715	0.034
716	0.058
717	0.049
718	0.048
719	0.029
720	0.031
721	0.016
722	0.007
723	0.002
724	0.008
725	0.007
726	0.001
727	0.001
728	0.004
729	0.005
730	0.003
731	0.006
732	0.005
733	0.001
734	0.002
735	0.001
736	0.002
737	0.012
738	0.017
739	0.041
740	0.066
741	0.049
742	0.062
743	0.048
744	0.071
745	0.057
746	0.036
747	0.029
748	0.046
749	0.033
750	0.014
751	0.009
752	0.016
753	0.012
754	0.005
755	0.012
756	0.007
757	0.002
758	0.002
759	0.0
760	0.006
761	0.017
762	0.032
763	0.065
764	0.102
765	0.093
766	0.118
767	0.104
768	0.15
769	0.141
770	0.101
771	0.094
772	0.129
773	0.093
774	0.049
775	0.025
776	0.039
777	0.028
778	0.01
779	0.014
780	0.009
781	0.003
782	0.003
783	0.001
784	0.012
785	0.027
786	0.065
787	0.105
788	0.153
789	0.156
790	0.21
791	0.215
792	0.329
793	0.295
794	0.215
795	0.211
796	0.264
797	0.229
798	0.138
799	0.05
800	0.068
801	0.045
802	0.014
803	0.009
804	0.009
805	0.005
806	0.006
807	0.002
808	0.019
809	0.043
810	0.109
811	0.167
812	0.242
813	0.264
814	0.396
815	0.403
816	0.586
817	0.641
818	0.929
819	0.862
820	0.847
821	0.589
822	0.482
823	0.519
824	0.404
825	0.278
826	0.344
827	0.364
828	0.232
829	0.17
830	0.228
831	0.208
832	0.1
833	0.073
834	0.021
835	0.015
836	0.031
837	0.029
838	0.05
839	0.061
840	0.046
841	0.031
842	0.014
843	0.02
844	0.011
845	0.057
846	0.077
847	0.187
848	0.181
849	0.21
850	0.364
851	0.515
852	0.591
853	0.849
854	0.88
855	0.645
856	0.576
857	0.371
858	0.357
859	0.312
860	0.444
861	0.6
862	0.807
863	0.995
864	1.253
865	1.141
866	1.056
867	1.284
868	1.285
869	1.521
870	1.264
871	1.04
872	1.07
