index	displacement
1	0.102
2	0.101
3	0.131
4	0.163
5	0.158
6	0.116
7	0.062
8	0.054
9	0.023
10	0.019
11	0.042
12	0.046
13	0.075
14	0.085
15	0.126
16	0.12
17	0.149
18	0.172
19	0.182
20	0.161
21	0.157
22	0.138
23	0.129
24	0.141
25	0.144
26	0.125
27	0.093
28	0.084
29	0.066
30	0.057
31	0.053
32	0.045
33	0.046
34	0.069
35	0.083
36	0.1
37	0.096
38	0.123
39	0.131
40	0.136
41	0.113
42	0.091
43	0.077
44	0.076
45	0.089
46	0.075
47	0.08
48	0.085
49	0.065
50	0.069
51	0.074
52	0.059
53	0.049
54	0.045
55	0.041
56	0.033
57	0.036
58	0.047
59	0.06
60	0.065
61	0.069
62	0.095
63	0.094
64	0.082
65	0.059
66	0.039
67	0.028
68	0.03
69	0.034
70	0.024
71	0.032
72	0.04
73	0.034
74	0.035
75	0.046
76	0.038
77	0.031
78	0.029
79	0.027
80	0.02
81	0.024
82	0.025
83	0.037
84	0.036
85	0.052
86	0.075
87	0.062
88	0.05
89	0.029
90	0.02
91	0.008
92	0.004
93	0.004
94	0.003
95	0.006
96	0.007
97	0.007
98	0.007
99	0.017
100	0.013
101	0.01
102	0.012
103	0.011
104	0.011
105	0.015
106	0.014
107	0.028
108	0.025
109	0.053
110	0.078
111	0.057
112	0.051
113	0.033
114	0.044
115	0.032
116	0.016
117	0.011
118	0.025
119	0.016
120	0.003
121	0.002
122	0.004
123	0.004
124	0.001
125	0.001
126	0.003
127	0.003
128	0.007
129	0.013
130	0.016
131	0.034
132	0.039
133	0.078
134	0.099
135	0.078
136	0.091
137	0.085
138	0.136
139	0.107
140	0.065
141	0.063
142	0.088
143	0.075
144	0.037
145	0.019
146	0.022
147	0.009
148	0.001
149	0.0
150	0.001
151	0.003
152	0.006
153	0.011
154	0.02
155	0.048
156	0.07
157	0.119
158	0.154
159	0.137
160	0.199
161	0.187
162	0.268
163	0.303
164	0.44
165	0.381
166	0.36
167	0.231
168	0.193
169	0.204
170	0.14
171	0.096
172	0.136
173	0.133
174	0.067
175	0.056
176	0.081
177	0.057
178	0.016
179	0.022
180	0.007
181	0.006
182	0.021
183	0.041
184	0.082
185	0.122
186	0.13
187	0.105
188	0.062
189	0.065
190	0.032
191	0.058
192	0.048
193	0.124
194	0.132
195	0.128
196	0.212
197	0.274
198	0.339
199	0.513
200	0.492
201	0.385
202	0.331
203	0.207
204	0.175
205	0.142
206	0.227
207	0.291
208	0.39
209	0.45
210	0.606
211	0.567
212	0.492
213	0.596
214	0.57
215	0.695
216	0.586
217	0.452
218	0.485
219	0.159
220	0.148
221	0.175
222	0.224
223	0.207
224	0.153
225	0.088
226	0.08
227	0.042
228	0.034
229	0.06
230	0.062
231	0.097
232	0.107
233	0.158
234	0.148
235	0.191
236	0.221
237	0.234
238	0.205
239	0.192
240	0.167
241	0.155
242	0.173
243	0.179
244	0.163
245	0.118
246	0.112
247	0.09
248	0.079
249	0.068
250	0.057
251	0.056
252	0.082
253	0.096
254	0.119
255	0.114
256	0.154
257	0.165
258	0.168
259	0.135
260	0.108
261	0.085
262	0.082
263	0.1
264	0.082
265	0.094
266	0.101
267	0.077
268	0.085
269	0.095
270	0.075
271	0.063
272	0.059
273	0.049
274	0.04
275	0.041
276	0.051
277	0.066
278	0.073
279	0.081
280	0.119
281	0.114
282	0.102
283	0.066
284	0.042
285	0.024
286	0.024
287	0.031
288	0.022
289	0.035
290	0.042
291	0.037
292	0.041
293	0.06
294	0.048
295	0.043
296	0.039
297	0.03
298	0.022
299	0.023
300	0.023
301	0.038
302	0.039
303	0.062
304	0.098
305	0.076
306	0.066
307	0.034
308	0.029
309	0.012
310	0.003
311	0.001
312	0.01
313	0.013
314	0.005
315	0.006
316	0.011
317	0.026
318	0.017
319	0.017
320	0.017
321	0.01
322	0.008
323	0.011
324	0.01
325	0.027
326	0.028
327	0.07
328	0.111
329	0.081
330	0.079
331	0.056
332	0.081
333	0.067
334	0.038
335	0.032
336	0.065
337	0.046
338	0.013
339	0.007
340	0.018
341	0.016
342	0.004
343	0.007
344	0.005
345	0.001
346	0.002
347	0.008
348	0.014
349	0.039
350	0.054
351	0.112
352	0.149
353	0.121
354	0.151
355	0.143
356	0.234
357	0.199
358	0.134
359	0.134
360	0.187
361	0.161
362	0.081
363	0.036
364	0.048
365	0.028
366	0.006
367	0.002
368	0.001
369	0.0
370	0.001
371	0.008
372	0.025
373	0.065
374	0.109
375	0.186
376	0.24
377	0.22
378	0.328
379	0.318
380	0.457
381	0.538
382	0.748
383	0.64
384	0.616
385	0.412
386	0.353
387	0.389
388	0.28
389	0.197
390	0.268
391	0.272
392	0.154
393	0.124
394	0.182
395	0.137
396	0.053
397	0.058
398	0.015
399	0.009
400	0.037
401	0.06
402	0.109
403	0.15
404	0.151
405	0.114
406	0.066
407	0.072
408	0.039
409	0.093
410	0.093
411	0.222
412	0.219
413	0.217
414	0.358
415	0.469
416	0.536
417	0.807
418	0.812
419	0.643
420	0.579
421	0.374
422	0.321
423	0.279
424	0.427
425	0.529
426	0.695
427	0.811
428	1.052
429	0.96
430	0.844
431	0.986
432	0.925
433	1.104
434	0.916
435	0.689
436	0.609
437	0.133
438	0.125
439	0.147
440	0.182
441	0.166
442	0.122
443	0.07
444	0.065
445	0.038
446	0.031
447	0.052
448	0.054
449	0.08
450	0.086
451	0.127
452	0.116
453	0.149
454	0.177
455	0.192
456	0.17
457	0.164
458	0.147
459	0.135
460	0.147
461	0.153
462	0.137
463	0.102
464	0.096
465	0.081
466	0.07
467	0.06
468	0.052
469	0.05
470	0.07
471	0.079
472	0.099
473	0.092
474	0.121
475	0.134
476	0.14
477	0.117
478	0.098
479	0.084
480	0.081
481	0.099
482	0.086
483	0.096
484	0.1
485	0.078
486	0.087
487	0.094
488	0.074
489	0.064
490	0.056
491	0.048
492	0.038
493	0.038
494	0.047
495	0.056
496	0.063
497	0.064
498	0.093
499	0.093
500	0.086
501	0.059
502	0.04
503	0.027
504	0.029
505	0.038
506	0.03
507	0.041
508	0.049
509	0.043
510	0.047
511	0.064
512	0.051
513	0.047
514	0.039
515	0.032
516	0.022
517	0.022
518	0.022
519	0.032
520	0.032
521	0.045
522	0.072
523	0.06
524	0.049
525	0.026
526	0.017
527	0.005
528	0.002
529	0.003
530	0.008
531	0.014
532	0.01
533	0.01
534	0.014
535	0.029
536	0.02
537	0.019
538	0.018
539	0.012
540	0.008
541	0.01
542	0.008
543	0.019
544	0.018
545	0.045
546	0.073
547	0.054
548	0.05
549	0.029
550	0.041
551	0.032
552	0.015
553	0.014
554	0.036
555	0.028
556	0.007
557	0.004
558	0.013
559	0.015
560	0.004
561	0.007
562	0.006
563	0.002
564	0.002
565	0.006
566	0.008
567	0.024
568	0.031
569	0.07
570	0.095
571	0.073
572	0.088
573	0.082
574	0.141
575	0.117
576	0.077
577	0.078
578	0.116
579	0.103
580	0.049
581	0.023
582	0.034
583	0.022
584	0.005
585	0.003
586	0.001
587	0.0
588	0.001
589	0.005
590	0.014
591	0.039
592	0.067
593	0.117
594	0.154
595	0.137
596	0.209
597	0.201
598	0.288
599	0.341
600	0.492
601	0.42
602	0.412
603	0.262
604	0.225
605	0.253
606	0.181
607	0.122
608	0.175
609	0.18
610	0.099
611	0.078
612	0.117
613	0.09
614	0.032
615	0.034
616	0.008
617	0.004
618	0.02
619	0.035
620	0.07
621	0.102
622	0.105
623	0.081
624	0.045
625	0.048
626	0.022
627	0.056
628	0.055
629	0.139
630	0.137
631	0.135
632	0.231
633	0.303
634	0.35
635	0.538
636	0.555
637	0.431
638	0.396
639	0.255
640	0.214
641	0.185
642	0.294
643	0.362
644	0.47
645	0.549
646	0.728
647	0.664
648	0.573
649	0.676
650	0.643
651	0.759
652	0.62
653	0.477
654	0.468
655	0.081
656	0.079
657	0.101
658	0.124
659	0.116
660	0.085
661	0.044
662	0.041
663	0.02
664	0.016
665	0.036
666	0.039
667	0.059
668	0.065
669	0.096
670	0.09
671	0.111
672	0.129
673	0.139
674	0.126
675	0.126
676	0.113
677	0.105
678	0.11
679	0.113
680	0.098
681	0.076
682	0.07
683	0.057
684	0.048
685	0.045
686	0.039
687	0.04
688	0.057
689	0.065
690	0.079
691	0.075
692	0.093
693	0.102
694	0.107
695	0.093
696	0.082
697	0.073
698	0.071
699	0.082
700	0.071
701	0.074
702	0.078
703	0.061
704	0.065
705	0.068
706	0.055
707	0.046
708	0.041
709	0.038
710	0.031
711	0.034
712	0.042
713	0.05
714	0.055
715	0.055
716	0.073
717	0.074
718	0.071
719	0.054
720	0.038
721	0.03
722	0.033
723	0.038
724	0.029
725	0.034
726	0.042
727	0.037
728	0.036
729	0.046
730	0.038
731	0.032
732	0.028
733	0.026
734	0.02
735	0.023
736	0.024
737	0.033
738	0.032
739	0.04
740	0.057
741	0.05
742	0.041
743	0.026
744	0.015
745	0.008
746	0.007
747	0.008
748	0.005
749	0.007
750	0.011
751	0.011
752	0.009
753	0.019
754	0.015
755	0.01
756	0.012
757	0.012
758	0.012
759	0.015
760	0.014
761	0.023
762	0.021
763	0.037
764	0.054
765	0.041
766	0.033
767	0.02
768	0.022
769	0.014
770	0.006
771	0.003
772	0.008
773	0.005
774	0.001
775	0.001
776	0.001
777	0.002
778	0.001
779	0.001
780	0.003
781	0.005
782	0.009
783	0.014
784	0.015
785	0.026
786	0.026
787	0.05
788	0.063
789	0.047
790	0.05
791	0.045
792	0.069
793	0.051
794	0.029
795	0.027
796	0.041
797	0.036
798	0.016
799	0.01
800	0.011
801	0.004
802	0.001
803	0.0
804	0.002
805	0.005
806	0.009
807	0.012
808	0.017
809	0.034
810	0.043
811	0.073
812	0.092
813	0.078
814	0.11
815	0.101
816	0.141
817	0.16
818	0.233
819	0.196
820	0.181
821	0.111
822	0.095
823	0.099
824	0.066
825	0.045
826	0.067
827	0.062
828	0.029
829	0.026
830	0.039
831	0.023
832	0.005
833	0.011
834	0.007
835	0.008
836	0.016
837	0.032
838	0.06
839	0.091
840	0.101
841	0.084
842	0.053
843	0.054
844	0.027
845	0.039
846	0.029
847	0.072
848	0.081
849	0.074
850	0.12
851	0.151
852	0.179
853	0.276
854	0.284
855	0.225
856	0.188
857	0.116
858	0.095
859	0.075
860	0.122
861	0.153
862	0.196
863	0.233
864	0.318
865	0.299
866	0.258
867	0.307
868	0.288
869	0.356
870	0.299
871	0.223
872	0.215
