index	displacement
1	0.07
2	0.073
3	0.094
4	0.106
5	0.103
6	0.069
7	0.065
8	0.057
9	0.059
10	0.059
11	0.067
12	0.039
13	0.044
14	0.045
15	0.071
16	0.084
17	0.152
18	0.187
19	0.242
20	0.222
21	0.262
22	0.238
23	0.169
24	0.143
25	0.127
26	0.105
27	0.071
28	0.062
29	0.078
30	0.056
31	0.057
32	0.053
33	0.042
34	0.041
35	0.044
36	0.071
37	0.085
38	0.137
39	0.176
40	0.223
41	0.206
42	0.219
43	0.219
44	0.195
45	0.247
46	0.24
47	0.2
48	0.153
49	0.1
50	0.117
51	0.085
52	0.069
53	0.074
54	0.063
55	0.06
56	0.054
57	0.041
58	0.04
59	0.042
60	0.067
61	0.079
62	0.125
63	0.156
64	0.184
65	0.168
66	0.18
67	0.176
68	0.159
69	0.203
70	0.193
71	0.178
72	0.14
73	0.095
74	0.12
75	0.098
76	0.077
77	0.084
78	0.072
79	0.061
80	0.056
81	0.042
82	0.038
83	0.04
84	0.059
85	0.068
86	0.108
87	0.128
88	0.146
89	0.123
90	0.116
91	0.11
92	0.107
93	0.148
94	0.155
95	0.152
96	0.115
97	0.088
98	0.11
99	0.108
100	0.073
101	0.092
102	0.075
103	0.059
104	0.06
105	0.047
106	0.036
107	0.039
108	0.046
109	0.055
110	0.085
111	0.095
112	0.099
113	0.073
114	0.067
115	0.061
116	0.068
117	0.1
118	0.124
119	0.141
120	0.095
121	0.087
122	0.115
123	0.111
124	0.078
125	0.092
126	0.08
127	0.063
128	0.069
129	0.057
130	0.043
131	0.042
132	0.041
133	0.049
134	0.071
135	0.064
136	0.065
137	0.045
138	0.047
139	0.06
140	0.074
141	0.087
142	0.138
143	0.175
144	0.111
145	0.089
146	0.121
147	0.127
148	0.091
149	0.079
150	0.083
151	0.065
152	0.09
153	0.074
154	0.06
155	0.053
156	0.057
157	0.071
158	0.079
159	0.06
160	0.075
161	0.07
162	0.082
163	0.133
164	0.156
165	0.119
166	0.172
167	0.128
168	0.123
169	0.19
170	0.188
171	0.141
172	0.181
173	0.249
174	0.203
175	0.169
176	0.251
177	0.283
178	0.194
179	0.175
180	0.148
181	0.105
182	0.088
183	0.073
184	0.057
185	0.044
186	0.036
187	0.034
188	0.045
189	0.063
190	0.101
191	0.116
192	0.147
193	0.166
194	0.117
195	0.104
196	0.137
197	0.137
198	0.128
199	0.197
200	0.247
201	0.233
202	0.252
203	0.208
204	0.163
205	0.214
206	0.287
207	0.269
208	0.389
209	0.384
210	0.459
211	0.354
212	0.246
213	0.219
214	0.176
215	0.139
216	0.108
217	0.08
218	0.055
219	0.084
220	0.08
221	0.101
222	0.113
223	0.105
224	0.074
225	0.071
226	0.062
227	0.06
228	0.06
229	0.064
230	0.036
231	0.044
232	0.045
233	0.072
234	0.079
235	0.141
236	0.178
237	0.233
238	0.218
239	0.25
240	0.23
241	0.165
242	0.142
243	0.134
244	0.113
245	0.074
246	0.063
247	0.079
248	0.055
249	0.055
250	0.049
251	0.037
252	0.039
253	0.039
254	0.068
255	0.077
256	0.123
257	0.165
258	0.209
259	0.192
260	0.205
261	0.203
262	0.185
263	0.237
264	0.231
265	0.195
266	0.15
267	0.098
268	0.117
269	0.088
270	0.067
271	0.073
272	0.061
273	0.057
274	0.05
275	0.036
276	0.037
277	0.036
278	0.06
279	0.067
280	0.109
281	0.139
282	0.167
283	0.15
284	0.157
285	0.154
286	0.142
287	0.187
288	0.181
289	0.166
290	0.13
291	0.089
292	0.115
293	0.098
294	0.074
295	0.082
296	0.069
297	0.057
298	0.051
299	0.037
300	0.032
301	0.032
302	0.049
303	0.055
304	0.091
305	0.109
306	0.125
307	0.104
308	0.097
309	0.09
310	0.091
311	0.131
312	0.142
313	0.138
314	0.103
315	0.081
316	0.103
317	0.104
318	0.07
319	0.087
320	0.071
321	0.056
322	0.055
323	0.041
324	0.031
325	0.03
326	0.035
327	0.043
328	0.07
329	0.078
330	0.079
331	0.056
332	0.05
333	0.046
334	0.055
335	0.087
336	0.112
337	0.129
338	0.084
339	0.081
340	0.109
341	0.107
342	0.074
343	0.088
344	0.075
345	0.059
346	0.063
347	0.051
348	0.037
349	0.034
350	0.033
351	0.041
352	0.058
353	0.05
354	0.05
355	0.034
356	0.041
357	0.054
358	0.068
359	0.079
360	0.129
361	0.171
362	0.105
363	0.084
364	0.114
365	0.121
366	0.089
367	0.072
368	0.077
369	0.058
370	0.084
371	0.068
372	0.055
373	0.047
374	0.053
375	0.066
376	0.07
377	0.053
378	0.07
379	0.07
380	0.084
381	0.141
382	0.161
383	0.122
384	0.172
385	0.127
386	0.126
387	0.197
388	0.19
389	0.141
390	0.186
391	0.253
392	0.206
393	0.17
394	0.252
395	0.28
396	0.188
397	0.167
398	0.138
399	0.098
400	0.083
401	0.067
402	0.049
403	0.034
404	0.029
405	0.028
406	0.038
407	0.053
408	0.089
409	0.104
410	0.14
411	0.161
412	0.112
413	0.101
414	0.137
415	0.14
416	0.122
417	0.193
418	0.247
419	0.235
420	0.253
421	0.21
422	0.164
423	0.216
424	0.295
425	0.276
426	0.388
427	0.381
428	0.463
429	0.353
430	0.247
431	0.222
432	0.18
433	0.145
434	0.107
435	0.077
436	0.052
437	0.087
438	0.081
439	0.101
440	0.111
441	0.103
442	0.07
443	0.067
444	0.062
445	0.063
446	0.065
447	0.069
448	0.04
449	0.046
450	0.044
451	0.069
452	0.076
453	0.134
454	0.171
455	0.224
456	0.206
457	0.24
458	0.224
459	0.161
460	0.14
461	0.132
462	0.113
463	0.073
464	0.065
465	0.082
466	0.058
467	0.059
468	0.054
469	0.041
470	0.041
471	0.039
472	0.067
473	0.076
474	0.12
475	0.159
476	0.202
477	0.187
478	0.201
479	0.2
480	0.181
481	0.232
482	0.229
483	0.195
484	0.15
485	0.1
486	0.12
487	0.091
488	0.07
489	0.077
490	0.064
491	0.061
492	0.054
493	0.041
494	0.039
495	0.037
496	0.061
497	0.068
498	0.109
499	0.137
500	0.166
501	0.149
502	0.16
503	0.154
504	0.143
505	0.186
506	0.181
507	0.165
508	0.133
509	0.092
510	0.117
511	0.101
512	0.078
513	0.086
514	0.073
515	0.061
516	0.055
517	0.041
518	0.035
519	0.035
520	0.051
521	0.058
522	0.094
523	0.112
524	0.128
525	0.107
526	0.099
527	0.093
528	0.094
529	0.133
530	0.14
531	0.14
532	0.106
533	0.084
534	0.106
535	0.106
536	0.074
537	0.092
538	0.075
539	0.059
540	0.059
541	0.045
542	0.034
543	0.034
544	0.039
545	0.048
546	0.074
547	0.082
548	0.085
549	0.061
550	0.056
551	0.05
552	0.058
553	0.088
554	0.111
555	0.128
556	0.086
557	0.084
558	0.112
559	0.111
560	0.078
561	0.092
562	0.079
563	0.063
564	0.067
565	0.055
566	0.041
567	0.038
568	0.037
569	0.045
570	0.063
571	0.055
572	0.056
573	0.039
574	0.044
575	0.056
576	0.071
577	0.08
578	0.127
579	0.167
580	0.106
581	0.086
582	0.117
583	0.125
584	0.092
585	0.077
586	0.081
587	0.064
588	0.088
589	0.073
590	0.058
591	0.051
592	0.057
593	0.068
594	0.074
595	0.057
596	0.074
597	0.072
598	0.086
599	0.138
600	0.164
601	0.119
602	0.166
603	0.12
604	0.124
605	0.191
606	0.186
607	0.142
608	0.184
609	0.251
610	0.206
611	0.17
612	0.253
613	0.28
614	0.188
615	0.166
616	0.142
617	0.102
618	0.085
619	0.07
620	0.052
621	0.039
622	0.035
623	0.033
624	0.043
625	0.057
626	0.093
627	0.107
628	0.143
629	0.16
630	0.112
631	0.105
632	0.137
633	0.139
634	0.124
635	0.187
636	0.243
637	0.218
638	0.25
639	0.214
640	0.167
641	0.219
642	0.293
643	0.276
644	0.378
645	0.377
646	0.454
647	0.357
648	0.247
649	0.218
650	0.168
651	0.137
652	0.111
653	0.075
654	0.047
655	0.076
656	0.078
657	0.099
658	0.115
659	0.103
660	0.071
661	0.066
662	0.06
663	0.059
664	0.058
665	0.065
666	0.037
667	0.045
668	0.046
669	0.072
670	0.082
671	0.148
672	0.187
673	0.242
674	0.222
675	0.259
676	0.236
677	0.168
678	0.142
679	0.131
680	0.11
681	0.073
682	0.061
683	0.077
684	0.054
685	0.056
686	0.051
687	0.039
688	0.04
689	0.042
690	0.071
691	0.081
692	0.13
693	0.172
694	0.217
695	0.2
696	0.217
697	0.215
698	0.193
699	0.246
700	0.241
701	0.2
702	0.153
703	0.099
704	0.118
705	0.084
706	0.068
707	0.073
708	0.061
709	0.059
710	0.051
711	0.038
712	0.039
713	0.039
714	0.064
715	0.073
716	0.117
717	0.148
718	0.181
719	0.162
720	0.169
721	0.167
722	0.154
723	0.2
724	0.193
725	0.173
726	0.139
727	0.093
728	0.118
729	0.099
730	0.076
731	0.083
732	0.07
733	0.059
734	0.053
735	0.039
736	0.035
737	0.036
738	0.053
739	0.061
740	0.1
741	0.119
742	0.138
743	0.115
744	0.107
745	0.102
746	0.101
747	0.143
748	0.155
749	0.149
750	0.111
751	0.085
752	0.107
753	0.106
754	0.071
755	0.09
756	0.073
757	0.057
758	0.057
759	0.043
760	0.033
761	0.033
762	0.04
763	0.049
764	0.077
765	0.087
766	0.089
767	0.065
768	0.058
769	0.054
770	0.063
771	0.097
772	0.122
773	0.138
774	0.09
775	0.085
776	0.114
777	0.11
778	0.076
779	0.092
780	0.078
781	0.061
782	0.066
783	0.053
784	0.039
785	0.036
786	0.035
787	0.043
788	0.062
789	0.055
790	0.055
791	0.038
792	0.042
793	0.055
794	0.071
795	0.084
796	0.135
797	0.179
798	0.111
799	0.088
800	0.12
801	0.127
802	0.091
803	0.079
804	0.08
805	0.061
806	0.087
807	0.07
808	0.056
809	0.048
810	0.053
811	0.065
812	0.072
813	0.054
814	0.07
815	0.069
816	0.083
817	0.137
818	0.164
819	0.123
820	0.175
821	0.126
822	0.124
823	0.193
824	0.19
825	0.142
826	0.184
827	0.253
828	0.206
829	0.169
830	0.253
831	0.284
832	0.191
833	0.172
834	0.144
835	0.101
836	0.084
837	0.069
838	0.051
839	0.038
840	0.031
841	0.029
842	0.04
843	0.057
844	0.094
845	0.109
846	0.141
847	0.161
848	0.112
849	0.102
850	0.136
851	0.137
852	0.122
853	0.196
854	0.254
855	0.238
856	0.258
857	0.209
858	0.165
859	0.216
860	0.294
861	0.277
862	0.389
863	0.389
864	0.47
865	0.364
866	0.255
867	0.225
868	0.175
869	0.14
870	0.111
871	0.075
872	0.045
