index	fluctuation
1	0.085
2	0.049
3	0.06
4	0.133
5	0.098
6	0.023
7	0.017
8	0.015
9	0.01
10	0.011
11	0.016
12	0.011
13	0.011
14	0.013
15	0.018
16	0.023
17	0.049
18	0.07
19	0.09
20	0.077
21	0.092
22	0.082
23	0.089
24	0.139
25	0.107
26	0.058
27	0.041
28	0.037
29	0.023
30	0.016
31	0.01
32	0.011
33	0.01
34	0.013
35	0.014
36	0.015
37	0.018
38	0.03
39	0.038
40	0.051
41	0.044
42	0.043
43	0.078
44	0.143
45	0.118
46	0.063
47	0.051
48	0.079
49	0.035
50	0.034
51	0.048
52	0.019
53	0.012
54	0.009
55	0.008
56	0.009
57	0.01
58	0.012
59	0.013
60	0.015
61	0.019
62	0.02
63	0.029
64	0.03
65	0.032
66	0.037
67	0.063
68	0.12
69	0.063
70	0.036
71	0.032
72	0.033
73	0.02
74	0.021
75	0.016
76	0.01
77	0.01
78	0.009
79	0.007
80	0.008
81	0.01
82	0.011
83	0.016
84	0.015
85	0.015
86	0.018
87	0.026
88	0.027
89	0.032
90	0.033
91	0.052
92	0.1
93	0.053
94	0.033
95	0.028
96	0.027
97	0.019
98	0.022
99	0.018
100	0.01
101	0.012
102	0.01
103	0.007
104	0.008
105	0.01
106	0.01
107	0.009
108	0.011
109	0.014
110	0.017
111	0.025
112	0.025
113	0.025
114	0.036
115	0.069
116	0.092
117	0.044
118	0.038
119	0.03
120	0.022
121	0.018
122	0.025
123	0.016
124	0.009
125	0.012
126	0.01
127	0.007
128	0.008
129	0.009
130	0.009
131	0.008
132	0.012
133	0.016
134	0.02
135	0.024
136	0.029
137	0.035
138	0.044
139	0.048
140	0.061
141	0.063
142	0.064
143	0.057
144	0.035
145	0.052
146	0.085
147	0.027
148	0.014
149	0.013
150	0.011
151	0.008
152	0.01
153	0.01
154	0.011
155	0.014
156	0.017
157	0.023
158	0.028
159	0.03
160	0.047
161	0.046
162	0.08
163	0.097
164	0.257
165	0.207
166	0.223
167	0.134
168	0.068
169	0.086
170	0.086
171	0.056
172	0.055
173	0.083
174	0.078
175	0.045
176	0.067
177	0.107
178	0.065
179	0.039
180	0.036
181	0.017
182	0.014
183	0.017
184	0.035
185	0.086
186	0.34
187	0.091
188	0.042
189	0.047
190	0.033
191	0.037
192	0.032
193	0.043
194	0.033
195	0.029
196	0.055
197	0.065
198	0.105
199	0.662
200	0.393
201	0.248
202	0.184
203	0.073
204	0.052
205	0.068
206	0.129
207	0.143
208	0.575
209	0.655
210	1.096
211	0.742
212	0.403
213	0.713
214	0.892
215	1.539
216	0.901
217	0.787
218	6.623
219	0.128
220	0.054
221	0.059
222	0.13
223	0.09
224	0.021
225	0.017
226	0.015
227	0.01
228	0.011
229	0.017
230	0.011
231	0.011
232	0.012
233	0.018
234	0.021
235	0.047
236	0.068
237	0.088
238	0.08
239	0.088
240	0.081
241	0.085
242	0.137
243	0.105
244	0.059
245	0.043
246	0.042
247	0.025
248	0.017
249	0.01
250	0.011
251	0.011
252	0.012
253	0.013
254	0.014
255	0.017
256	0.028
257	0.037
258	0.049
259	0.042
260	0.045
261	0.076
262	0.146
263	0.119
264	0.065
265	0.051
266	0.082
267	0.037
268	0.034
269	0.05
270	0.02
271	0.012
272	0.009
273	0.008
274	0.009
275	0.011
276	0.012
277	0.013
278	0.014
279	0.018
280	0.02
281	0.028
282	0.03
283	0.031
284	0.036
285	0.061
286	0.123
287	0.062
288	0.036
289	0.032
290	0.033
291	0.02
292	0.022
293	0.017
294	0.01
295	0.01
296	0.009
297	0.007
298	0.008
299	0.01
300	0.011
301	0.015
302	0.014
303	0.014
304	0.018
305	0.025
306	0.026
307	0.03
308	0.033
309	0.053
310	0.105
311	0.053
312	0.034
313	0.027
314	0.026
315	0.018
316	0.02
317	0.017
318	0.01
319	0.012
320	0.01
321	0.007
322	0.008
323	0.009
324	0.009
325	0.008
326	0.01
327	0.013
328	0.017
329	0.025
330	0.024
331	0.025
332	0.036
333	0.066
334	0.096
335	0.045
336	0.038
337	0.029
338	0.022
339	0.018
340	0.024
341	0.016
342	0.009
343	0.011
344	0.009
345	0.007
346	0.008
347	0.009
348	0.008
349	0.008
350	0.011
351	0.015
352	0.019
353	0.024
354	0.027
355	0.033
356	0.041
357	0.043
358	0.054
359	0.058
360	0.059
361	0.053
362	0.034
363	0.046
364	0.073
365	0.025
366	0.013
367	0.011
368	0.009
369	0.007
370	0.009
371	0.009
372	0.011
373	0.014
374	0.017
375	0.022
376	0.027
377	0.029
378	0.044
379	0.042
380	0.077
381	0.094
382	0.238
383	0.185
384	0.19
385	0.119
386	0.063
387	0.081
388	0.08
389	0.052
390	0.052
391	0.08
392	0.078
393	0.043
394	0.065
395	0.102
396	0.061
397	0.036
398	0.034
399	0.016
400	0.014
401	0.017
402	0.034
403	0.085
404	0.37
405	0.106
406	0.046
407	0.052
408	0.032
409	0.034
410	0.031
411	0.041
412	0.032
413	0.028
414	0.053
415	0.063
416	0.091
417	0.767
418	0.394
419	0.293
420	0.196
421	0.069
422	0.05
423	0.065
424	0.127
425	0.135
426	0.47
427	0.549
428	0.969
429	0.618
430	0.355
431	0.646
432	0.819
433	1.465
434	0.877
435	0.769
436	6.823
437	0.097
438	0.053
439	0.063
440	0.136
441	0.095
442	0.021
443	0.016
444	0.014
445	0.009
446	0.01
447	0.016
448	0.011
449	0.011
450	0.012
451	0.018
452	0.022
453	0.047
454	0.068
455	0.089
456	0.076
457	0.085
458	0.08
459	0.084
460	0.14
461	0.106
462	0.061
463	0.043
464	0.039
465	0.024
466	0.016
467	0.01
468	0.011
469	0.01
470	0.013
471	0.014
472	0.015
473	0.017
474	0.028
475	0.037
476	0.048
477	0.042
478	0.045
479	0.077
480	0.136
481	0.117
482	0.065
483	0.053
484	0.081
485	0.037
486	0.036
487	0.051
488	0.02
489	0.012
490	0.009
491	0.008
492	0.009
493	0.01
494	0.012
495	0.013
496	0.014
497	0.018
498	0.02
499	0.027
500	0.03
501	0.031
502	0.037
503	0.061
504	0.121
505	0.062
506	0.037
507	0.032
508	0.035
509	0.02
510	0.022
511	0.017
512	0.011
513	0.011
514	0.009
515	0.007
516	0.008
517	0.01
518	0.011
519	0.015
520	0.014
521	0.015
522	0.018
523	0.026
524	0.026
525	0.031
526	0.032
527	0.051
528	0.105
529	0.055
530	0.033
531	0.028
532	0.026
533	0.019
534	0.022
535	0.018
536	0.01
537	0.013
538	0.01
539	0.007
540	0.008
541	0.01
542	0.009
543	0.008
544	0.01
545	0.014
546	0.017
547	0.024
548	0.024
549	0.025
550	0.036
551	0.068
552	0.09
553	0.044
554	0.039
555	0.031
556	0.022
557	0.019
558	0.026
559	0.017
560	0.009
561	0.012
562	0.01
563	0.007
564	0.008
565	0.009
566	0.008
567	0.008
568	0.011
569	0.015
570	0.019
571	0.024
572	0.028
573	0.033
574	0.041
575	0.045
576	0.055
577	0.06
578	0.062
579	0.056
580	0.036
581	0.05
582	0.08
583	0.027
584	0.014
585	0.013
586	0.01
587	0.008
588	0.01
589	0.009
590	0.011
591	0.014
592	0.016
593	0.022
594	0.027
595	0.029
596	0.045
597	0.043
598	0.075
599	0.091
600	0.242
601	0.193
602	0.207
603	0.123
604	0.064
605	0.083
606	0.082
607	0.054
608	0.053
609	0.082
610	0.078
611	0.044
612	0.068
613	0.107
614	0.063
615	0.037
616	0.035
617	0.016
618	0.014
619	0.017
620	0.034
621	0.084
622	0.337
623	0.095
624	0.041
625	0.045
626	0.031
627	0.034
628	0.032
629	0.041
630	0.03
631	0.028
632	0.054
633	0.062
634	0.095
635	0.604
636	0.431
637	0.259
638	0.242
639	0.075
640	0.052
641	0.07
642	0.135
643	0.149
644	0.459
645	0.603
646	1.044
647	0.665
648	0.381
649	0.703
650	0.899
651	1.519
652	0.841
653	0.787
654	6.94
655	0.107
656	0.051
657	0.061
658	0.163
659	0.104
660	0.02
661	0.016
662	0.014
663	0.01
664	0.011
665	0.016
666	0.01
667	0.011
668	0.012
669	0.018
670	0.021
671	0.047
672	0.069
673	0.09
674	0.078
675	0.09
676	0.08
677	0.084
678	0.136
679	0.106
680	0.057
681	0.042
682	0.038
683	0.022
684	0.015
685	0.01
686	0.01
687	0.01
688	0.012
689	0.013
690	0.014
691	0.017
692	0.028
693	0.037
694	0.048
695	0.041
696	0.045
697	0.08
698	0.146
699	0.12
700	0.064
701	0.05
702	0.079
703	0.034
704	0.033
705	0.048
706	0.018
707	0.011
708	0.009
709	0.007
710	0.009
711	0.01
712	0.011
713	0.012
714	0.014
715	0.018
716	0.019
717	0.028
718	0.031
719	0.033
720	0.035
721	0.062
722	0.13
723	0.063
724	0.037
725	0.031
726	0.034
727	0.02
728	0.021
729	0.016
730	0.01
731	0.01
732	0.009
733	0.007
734	0.008
735	0.009
736	0.011
737	0.015
738	0.014
739	0.014
740	0.018
741	0.026
742	0.026
743	0.03
744	0.032
745	0.051
746	0.095
747	0.052
748	0.033
749	0.027
750	0.025
751	0.017
752	0.019
753	0.016
754	0.01
755	0.012
756	0.01
757	0.007
758	0.007
759	0.01
760	0.01
761	0.008
762	0.01
763	0.013
764	0.017
765	0.025
766	0.024
767	0.025
768	0.035
769	0.069
770	0.092
771	0.045
772	0.039
773	0.03
774	0.022
775	0.018
776	0.025
777	0.015
778	0.009
779	0.011
780	0.009
781	0.006
782	0.008
783	0.008
784	0.008
785	0.007
786	0.011
787	0.015
788	0.019
789	0.024
790	0.028
791	0.034
792	0.042
793	0.047
794	0.059
795	0.063
796	0.064
797	0.057
798	0.037
799	0.049
800	0.078
801	0.026
802	0.013
803	0.012
804	0.009
805	0.007
806	0.009
807	0.009
808	0.011
809	0.013
810	0.016
811	0.022
812	0.026
813	0.029
814	0.045
815	0.043
816	0.076
817	0.093
818	0.248
819	0.2
820	0.215
821	0.129
822	0.065
823	0.082
824	0.082
825	0.053
826	0.052
827	0.078
828	0.075
829	0.043
830	0.064
831	0.101
832	0.061
833	0.036
834	0.034
835	0.016
836	0.013
837	0.016
838	0.031
839	0.077
840	0.312
841	0.088
842	0.04
843	0.043
844	0.03
845	0.033
846	0.029
847	0.04
848	0.03
849	0.027
850	0.051
851	0.062
852	0.091
853	0.565
854	0.452
855	0.253
856	0.183
857	0.069
858	0.049
859	0.064
860	0.126
861	0.137
862	0.475
863	0.594
864	1.047
865	0.678
866	0.388
867	0.686
868	0.85
869	1.539
870	0.901
871	0.838
872	6.934
