index	1uld_A_1	7c68_A_1
1	nan	11.271
2	nan	1.227
3	nan	0.426
4	nan	0.218
5	nan	0.105
6	nan	0.082
7	nan	0.076
8	nan	0.091
9	nan	0.097
10	nan	0.144
11	nan	0.259
12	nan	0.104
13	nan	0.345
14	nan	0.258
15	nan	0.139
16	nan	0.153
17	nan	0.174
18	nan	0.154
19	nan	0.141
20	nan	0.167
21	nan	0.202
22	nan	0.206
23	nan	0.173
24	nan	0.288
25	nan	0.481
26	nan	0.309
27	nan	0.262
28	nan	0.69
29	nan	1.052
30	nan	0.947
31	nan	0.852
32	nan	0.467
33	nan	0.343
34	nan	0.218
35	0.029	0.185
36	0.013	0.158
37	0.011	0.159
38	0.007	0.105
39	0.007	0.159
40	0.005	0.197
41	0.006	0.211
42	0.006	0.331
43	0.006	0.19
44	0.005	0.131
45	0.008	nan
46	nan	0.192
47	nan	0.249
48	nan	0.189
49	nan	0.153
50	nan	0.182
51	nan	0.219
52	nan	0.168
53	nan	0.2
54	nan	0.426
55	nan	0.436
56	nan	0.422
57	0.007	0.493
58	0.011	0.354
59	0.042	0.134
60	0.032	nan
61	0.008	nan
62	0.006	nan
63	0.009	nan
64	0.005	nan
65	0.008	0.07
66	0.004	0.056
67	0.005	0.059
68	0.005	0.05
69	0.005	0.054
70	0.006	0.04
71	0.006	0.038
72	nan	0.076
73	nan	0.047
74	nan	0.039
75	nan	0.032
76	nan	0.036
77	nan	0.066
78	nan	0.064
79	nan	0.103
80	nan	0.181
81	0.004	0.223
82	0.009	0.145
83	0.007	0.078
84	0.009	0.099
85	nan	0.082
86	nan	0.097
87	nan	0.136
88	nan	0.153
89	nan	0.114
90	nan	0.105
91	nan	0.143
92	nan	0.229
93	nan	0.207
94	nan	0.21
95	nan	0.249
96	0.01	0.286
97	0.035	0.4
98	0.04	0.193
99	0.009	0.128
100	0.008	0.224
101	0.006	0.196
102	0.005	0.178
103	0.008	nan
104	0.004	nan
105	0.004	nan
106	0.002	nan
107	0.002	nan
108	0.002	nan
109	0.019	nan
110	0.028	nan
111	0.009	nan
112	nan	0.09
113	nan	0.086
114	nan	0.097
115	nan	0.058
116	nan	0.048
117	nan	0.059
118	nan	0.055
119	nan	0.223
120	nan	2.337
121	nan	0.603
122	nan	2.688
123	nan	0.332
124	nan	0.069
125	0.004	0.041
126	0.003	0.037
127	0.002	0.039
128	0.003	0.04
129	0.003	0.032
130	0.004	0.028
131	0.004	0.039
132	0.004	0.066
133	0.006	0.052
134	0.011	0.049
135	nan	0.057
136	0.039	0.048
137	0.022	nan
138	nan	0.052
139	nan	0.066
140	nan	0.05
141	nan	0.08
142	nan	0.134
143	nan	0.089
144	nan	0.093
145	nan	0.162
146	nan	0.182
147	nan	0.143
148	nan	0.23
149	nan	0.171
150	nan	0.254
151	nan	0.189
152	nan	0.271
153	nan	0.159
154	nan	0.068
155	nan	0.083
156	nan	0.108
157	nan	0.079
158	nan	0.143
159	nan	0.178
160	nan	0.082
161	nan	0.071
162	nan	0.122
163	nan	0.138
164	nan	0.088
165	nan	0.08
166	nan	0.116
167	nan	0.104
168	nan	0.069
169	nan	0.121
170	nan	0.232
171	nan	0.247
172	nan	0.741
173	nan	0.357
174	nan	0.257
175	nan	0.214
176	nan	0.726
177	nan	0.958
178	nan	0.64
179	nan	0.513
180	nan	0.509
181	nan	0.231
182	nan	0.085
183	nan	0.066
184	nan	0.046
185	0.008	0.041
186	0.005	0.053
187	0.005	0.082
188	0.005	0.045
189	0.004	0.045
190	0.009	0.071
191	0.004	0.106
192	nan	0.083
193	nan	0.087
194	nan	0.059
195	nan	0.048
196	nan	0.05
197	nan	0.06
198	nan	0.075
199	nan	0.069
200	nan	0.051
201	nan	0.047
202	nan	0.032
203	nan	0.028
204	nan	0.036
205	nan	0.043
206	nan	0.053
207	nan	0.091
208	nan	0.049
209	nan	0.108
210	nan	0.095
211	nan	0.108
212	nan	0.348
213	0.013	0.724
214	0.012	2.383
215	0.045	9.907
216	nan	4.483
217	0.466	1.496
218	0.09	0.251
219	0.261	0.192
220	0.047	0.117
221	0.06	0.071
222	0.129	0.068
223	0.026	nan
224	0.014	nan
225	0.017	nan
226	0.02	nan
227	nan	0.096
228	nan	0.099
229	nan	0.133
230	nan	0.07
231	nan	0.037
232	nan	0.062
233	nan	0.062
234	nan	0.036
235	nan	0.049
236	nan	0.075
237	nan	0.098
238	nan	0.093
239	nan	0.09
240	nan	0.092
241	nan	0.099
242	nan	0.063
243	nan	0.104
244	nan	0.158
245	nan	0.127
246	nan	0.079
247	nan	0.063
248	nan	0.124
249	nan	0.161
250	0.015	0.176
251	0.008	0.07
252	0.026	0.069
253	0.027	0.107
254	0.009	0.079
255	0.01	0.07
256	0.015	nan
257	nan	0.102
258	nan	0.191
259	nan	0.115
260	nan	0.074
261	nan	0.102
262	nan	0.109
263	nan	0.079
264	nan	0.058
265	nan	0.097
266	nan	0.131
267	nan	0.102
268	nan	0.07
269	0.015	0.044
270	0.011	0.044
271	0.008	0.052
272	0.008	0.079
273	nan	0.055
274	nan	0.105
275	nan	0.08
276	nan	0.063
277	nan	0.051
278	nan	0.093
279	nan	0.113
280	nan	0.086
281	nan	0.08
282	nan	0.087
283	nan	0.192
284	nan	0.211
285	nan	0.28
286	nan	0.323
287	nan	1.417
288	nan	0.672
289	nan	0.241
290	nan	0.104
291	nan	0.102
292	nan	0.116
293	nan	0.311
294	nan	0.15
295	nan	0.17
296	nan	0.092
297	nan	0.106
298	0.013	0.203
299	0.006	0.101
300	0.007	0.127
301	0.006	0.083
302	0.006	0.07
303	0.004	0.089
304	0.007	0.072
305	0.015	0.096
306	0.017	0.106
307	0.007	nan
308	0.005	nan
309	0.005	nan
310	0.006	nan
311	0.009	0.082
312	0.009	0.08
313	0.009	0.26
314	0.017	nan
315	0.045	0.161
316	0.094	0.134
317	0.018	0.086
318	0.014	0.067
319	0.01	0.044
320	0.01	0.048
321	0.009	nan
322	0.014	nan
323	0.015	nan
324	0.014	nan
325	0.025	0.041
326	0.016	0.114
327	0.009	0.057
328	0.002	0.03
329	0.003	nan
330	0.005	0.028
331	0.004	0.033
332	0.005	0.055
333	0.004	0.048
334	0.005	0.065
335	0.006	0.099
336	0.035	0.186
337	0.013	nan
338	0.005	0.155
339	0.004	0.738
340	0.007	0.253
341	0.007	0.192
342	0.008	nan
343	nan	0.28
344	nan	0.184
345	nan	0.089
346	nan	0.093
347	nan	0.124
348	nan	0.095
349	nan	0.067
350	nan	0.07
351	nan	0.078
352	nan	0.074
353	nan	0.061
354	nan	0.079
355	nan	0.109
356	nan	0.171
357	nan	0.072
358	nan	0.048
359	nan	0.065
360	nan	0.079
361	nan	0.069
362	nan	0.048
363	nan	0.075
364	nan	0.1
365	nan	0.074
366	0.005	0.041
367	0.007	nan
368	0.006	nan
369	0.007	nan
370	0.006	0.057
371	0.006	0.046
372	0.009	0.038
373	0.012	0.039
374	0.015	0.063
375	0.051	0.14
376	0.218	0.225
377	nan	0.106
378	nan	0.168
379	nan	0.372
380	nan	0.342
381	nan	0.29
382	nan	0.378
383	nan	0.174
384	nan	0.269
385	nan	0.446
386	nan	0.245
387	nan	0.237
388	nan	0.172
389	nan	0.095
390	nan	0.101
391	nan	0.097
392	nan	0.083
393	nan	0.125
394	nan	0.153
395	nan	0.095
396	nan	0.095
397	nan	0.182
398	nan	0.101
399	nan	0.06
400	nan	0.094
401	nan	0.153
402	nan	0.216
403	1.385	0.208
404	2.852	0.072
405	9.716	0.08
406	34.103	0.049
407	49.069	0.072
408	nan	0.058
409	nan	0.087
410	nan	0.069
411	nan	0.055
412	nan	0.075
413	nan	0.097
414	nan	0.068
415	nan	0.052
416	nan	0.05
417	nan	0.067
418	nan	0.075
419	nan	0.064
420	nan	0.064
421	nan	0.083
422	nan	0.076
423	nan	0.067
424	nan	0.103
425	nan	0.099
426	nan	0.098
427	nan	0.195
428	nan	0.362
429	nan	0.44
430	nan	0.342
431	nan	0.224
432	nan	0.325
433	nan	0.306
434	nan	0.317
435	nan	0.202
436	nan	0.112
437	nan	0.12
438	nan	0.158
439	nan	0.105
440	nan	0.066
441	nan	0.096
442	nan	0.128
443	nan	0.085
444	nan	0.072
445	nan	0.138
446	nan	0.138
447	nan	0.071
448	nan	0.088
449	nan	0.138
450	nan	0.096
451	nan	0.109
452	nan	0.397
453	nan	0.723
