index	1uld_A_1	7c68_A_1
1	nan	35646.125
2	nan	68221.245
3	nan	99769.861
4	nan	128134.42
5	nan	116415.238
6	nan	150801.811
7	nan	118447.582
8	nan	140073.861
9	nan	119395.316
10	nan	115596.378
11	nan	118257.902
12	nan	135204.77
13	nan	125723.121
14	nan	96812.641
15	nan	123137.262
16	nan	126817.132
17	nan	86134.639
18	nan	116314.824
19	nan	121949.587
20	nan	105334.364
21	nan	102316.402
22	nan	111209.844
23	nan	125937.199
24	nan	108720.665
25	nan	88670.016
26	nan	105187.192
27	nan	115590.233
28	nan	75045.097
29	nan	75007.26
30	nan	70565.627
31	nan	97495.797
32	nan	106930.893
33	nan	93497.665
34	nan	127264.127
35	72995.331	90781.966
36	85341.131	121354.682
37	90393.468	103181.732
38	98667.947	117361.401
39	136700.199	106094.6
40	106575.656	94588.274
41	134951.888	82491.967
42	98041.225	105865.92
43	94750.43	82724.186
44	111423.024	132387.124
45	122631.285	nan
46	nan	95706.459
47	nan	91623.102
48	nan	102449.618
49	nan	136502.738
50	nan	118494.707
51	nan	96953.845
52	nan	135891.23
53	nan	145400.285
54	nan	85397.306
55	nan	79223.732
56	nan	112004.186
57	93210.166	83716.763
58	116147.599	130256.026
59	64139.911	128996.392
60	75425.261	nan
61	112376.774	nan
62	131610.016	nan
63	117983.174	nan
64	117412.252	nan
65	103221.826	145326.491
66	147084.456	160712.403
67	147702.153	162516.058
68	165784.904	137584.71
69	151286.909	147210.849
70	136376.385	175017.611
71	117926.443	166776.935
72	nan	157334.008
73	nan	137481.02
74	nan	190473.104
75	nan	199301.255
76	nan	180081.087
77	nan	151553.072
78	nan	165909.811
79	nan	134286.928
80	nan	93671.72
81	157667.031	108245.824
82	109116.918	126523.745
83	130440.988	144977.641
84	109607.797	122122.393
85	nan	119348.369
86	nan	146498.967
87	nan	112012.22
88	nan	89089.543
89	nan	141003.249
90	nan	147734.618
91	nan	92013.776
92	nan	101738.749
93	nan	115119.326
94	nan	110494.01
95	nan	124733.596
96	103252.819	85385.496
97	90803.545	70587.972
98	62952.728	129607.609
99	132998.747	107877.131
100	139148.359	95271.182
101	130669.488	80571.649
102	150245.404	122714.232
103	139471.938	nan
104	126829.901	nan
105	144940.584	nan
106	144031.603	nan
107	160539.832	nan
108	154025.985	nan
109	107651.925	nan
110	91212.081	nan
111	101979.786	nan
112	nan	151752.155
113	nan	113530.757
114	nan	112650.417
115	nan	176260.175
116	nan	176166.262
117	nan	143204.582
118	nan	146058.002
119	nan	94504.956
120	nan	73255.945
121	nan	94680.794
122	nan	48210.026
123	nan	88324.052
124	nan	161686.742
125	137646.614	168511.074
126	158220.411	207119.692
127	159932.831	186106.696
128	153452.552	184389.194
129	133384.076	137319.091
130	140275.429	150397.838
131	147967.136	181671.722
132	144245.337	143000.072
133	120984.49	160847.365
134	126306.721	135855.35
135	nan	186444.308
136	91064.634	130261.23
137	72422.108	nan
138	nan	133002.345
139	nan	136435.404
140	nan	137052.054
141	nan	126438.929
142	nan	105960.579
143	nan	170252.237
144	nan	146568.29
145	nan	94685.14
146	nan	111372.103
147	nan	136250.626
148	nan	107772.426
149	nan	123729.043
150	nan	92848.087
151	nan	118276.741
152	nan	90975.362
153	nan	96612.056
154	nan	134838.577
155	nan	126691.425
156	nan	131595.745
157	nan	128886.476
158	nan	102402.819
159	nan	82491.913
160	nan	135324.022
161	nan	123699.03
162	nan	110092.258
163	nan	116095.296
164	nan	166292.363
165	nan	136122.475
166	nan	127343.783
167	nan	107778.687
168	nan	159600.392
169	nan	117241.194
170	nan	98421.24
171	nan	117119.398
172	nan	81990.659
173	nan	100347.857
174	nan	99352.463
175	nan	124578.781
176	nan	81002.878
177	nan	68099.616
178	nan	87527.317
179	nan	67292.461
180	nan	96744.128
181	nan	111095.523
182	nan	141259.632
183	nan	170915.718
184	nan	164081.901
185	101200.898	146772.912
186	127279.564	163152.584
187	137574.984	157149.579
188	134006.355	167187.571
189	121906.759	206083.669
190	131823.389	125596.508
191	160661.816	109508.833
192	nan	140923.325
193	nan	103776.794
194	nan	128826.224
195	nan	166697.505
196	nan	141255.749
197	nan	122744.438
198	nan	131111.254
199	nan	162218.866
200	nan	168891.501
201	nan	169963.978
202	nan	137260.657
203	nan	185131.726
204	nan	131995.216
205	nan	185014.524
206	nan	160951.258
207	nan	140128.485
208	nan	170483.207
209	nan	122298.789
210	nan	130959.913
211	nan	128384.021
212	nan	83900.638
213	113019.007	76046.108
214	107894.248	70968.97
215	87084.709	48444.198
216	nan	54949.667
217	55161.215	65553.584
218	81893.309	96559.591
219	73509.971	119925.134
220	72349.913	154146.599
221	97467.443	154555.65
222	59374.706	158983.465
223	78292.052	nan
224	81192.88	nan
225	80281.242	nan
226	95710.614	nan
227	nan	139242.864
228	nan	123898.94
229	nan	96615.259
230	nan	122086.497
231	nan	177097.855
232	nan	149519.501
233	nan	117860.999
234	nan	187127.49
235	nan	153131.19
236	nan	119755.03
237	nan	107019.899
238	nan	120493.357
239	nan	142768.254
240	nan	120251.284
241	nan	119488.131
242	nan	166607.999
243	nan	108533.454
244	nan	83119.609
245	nan	124344.855
246	nan	117189.927
247	nan	153928.688
248	nan	124636.847
249	nan	122010.113
250	102094.902	82763.738
251	101723.682	154608.479
252	95197.497	143386.102
253	69900.881	105063.932
254	113783.376	118221.993
255	110004.964	130282.193
256	89144.22	nan
257	nan	132580.455
258	nan	105998.122
259	nan	97680.915
260	nan	149596.838
261	nan	116883.115
262	nan	117798.624
263	nan	122816.869
264	nan	141317.204
265	nan	133685.735
266	nan	125749.077
267	nan	172091.154
268	nan	126104.931
269	100234.403	164136.662
270	92175.215	198424.257
271	109978.114	152342.437
272	141931.79	122238.819
273	nan	149275.711
274	nan	131551.081
275	nan	171248.977
276	nan	159763.827
277	nan	117640.727
278	nan	132942.749
279	nan	136306.115
280	nan	125721.765
281	nan	124659.443
282	nan	155338.693
283	nan	93972.692
284	nan	117500.99
285	nan	105323.788
286	nan	89145.581
287	nan	68852.463
288	nan	78016.369
289	nan	122121.684
290	nan	157454.241
291	nan	120521.85
292	nan	134430.44
293	nan	81574.354
294	nan	100369.411
295	nan	111985.789
296	nan	161332.761
297	nan	142763.181
298	143128.101	77082.004
299	130466.236	106328.895
300	134888.0	120734.272
301	149932.506	151924.364
302	143742.59	135050.435
303	148302.891	155855.06
304	94312.404	148593.058
305	107686.254	126342.786
306	78253.412	144507.509
307	106226.923	nan
308	131508.808	nan
309	125188.556	nan
310	135638.438	nan
311	111287.059	147470.34
312	120741.077	170698.984
313	110760.932	97216.454
314	76515.789	nan
315	92904.315	87671.27
316	64747.746	126293.021
317	94848.594	106959.703
318	100672.04	124702.188
319	83712.1	162589.408
320	98071.425	135574.209
321	96321.382	nan
322	107246.711	nan
323	80247.647	nan
324	99476.587	nan
325	68699.871	131792.958
326	91549.578	185323.37
327	120100.211	194270.597
328	178811.618	159704.483
329	151124.296	nan
330	165222.231	167947.365
331	149485.655	161218.119
332	164316.81	201907.906
333	127384.126	161127.396
334	120972.035	136865.671
335	143008.225	114700.968
336	69715.113	86574.423
337	96510.404	nan
338	153866.756	128011.657
339	145581.291	68597.915
340	136812.987	97928.328
341	140803.629	101585.342
342	123189.534	nan
343	nan	82890.633
344	nan	100163.521
345	nan	155694.727
346	nan	121875.589
347	nan	103716.0
348	nan	131000.39
349	nan	149988.395
350	nan	132864.618
351	nan	110729.257
352	nan	136726.916
353	nan	191515.942
354	nan	161981.878
355	nan	115442.295
356	nan	83917.819
357	nan	144403.067
358	nan	150321.067
359	nan	150162.491
360	nan	107764.438
361	nan	124402.317
362	nan	172172.724
363	nan	112435.077
364	nan	119790.126
365	nan	145445.94
366	124661.548	174563.369
367	153336.577	nan
368	129962.522	nan
369	142939.153	nan
370	117792.334	141294.977
371	138526.963	151512.358
372	108684.12	170046.151
373	124717.877	192376.07
374	87813.187	153709.654
375	79058.625	101709.284
376	63783.494	96319.442
377	nan	145791.91
378	nan	94969.039
379	nan	87432.269
380	nan	89260.699
381	nan	77951.358
382	nan	105742.291
383	nan	113514.282
384	nan	92019.868
385	nan	70758.97
386	nan	92148.632
387	nan	84706.128
388	nan	113092.291
389	nan	139165.447
390	nan	98502.781
391	nan	129083.051
392	nan	139827.715
393	nan	119550.317
394	nan	84521.062
395	nan	145335.071
396	nan	134669.366
397	nan	73470.34
398	nan	95426.023
399	nan	158984.903
400	nan	94592.634
401	nan	116656.023
402	nan	91468.026
403	42940.68	106744.975
404	45462.886	157492.307
405	42579.744	138407.777
406	33358.539	153857.366
407	28392.166	169127.27
408	nan	123602.204
409	nan	159486.201
410	nan	137839.478
411	nan	155039.884
412	nan	131276.065
413	nan	119340.757
414	nan	131151.723
415	nan	172520.779
416	nan	151310.649
417	nan	112546.109
418	nan	128128.644
419	nan	146919.554
420	nan	168029.954
421	nan	100902.337
422	nan	165258.795
423	nan	129851.335
424	nan	122466.461
425	nan	125377.16
426	nan	144526.187
427	nan	125938.573
428	nan	66166.973
429	nan	92965.423
430	nan	74518.164
431	nan	119563.868
432	nan	88840.252
433	nan	79867.458
434	nan	71151.787
435	nan	109350.135
436	nan	134292.215
437	nan	112434.184
438	nan	93552.478
439	nan	122589.803
440	nan	138017.629
441	nan	114423.757
442	nan	96108.327
443	nan	163708.949
444	nan	147805.364
445	nan	110421.622
446	nan	124675.962
447	nan	150858.824
448	nan	129585.324
449	nan	87808.609
450	nan	136311.463
451	nan	124025.162
452	nan	73271.736
453	nan	65358.192
