index	1v6x_A_1	6jys_A
1	0.652	nan
2	0.208	nan
3	nan	2.511
4	nan	0.55
5	nan	0.595
6	nan	0.152
7	nan	0.206
8	nan	0.141
9	nan	0.172
10	nan	0.121
11	0.371	0.156
12	0.159	0.059
13	0.079	0.06
14	0.053	0.077
15	0.084	0.071
16	0.073	0.047
17	0.057	0.025
18	0.092	0.018
19	0.23	0.017
20	0.3	0.022
21	0.222	0.031
22	0.096	0.042
23	0.06	0.056
24	nan	0.035
25	0.045	0.027
26	0.037	0.039
27	0.041	0.066
28	0.043	0.039
29	0.083	0.045
30	0.151	0.052
31	0.202	0.095
32	0.437	0.101
33	0.302	0.248
34	0.322	1.328
35	0.747	1.159
36	0.418	0.184
37	0.379	0.126
38	0.403	0.055
39	0.2	nan
40	0.175	nan
41	0.267	nan
42	0.182	nan
43	0.119	nan
44	0.176	nan
45	0.22	nan
46	0.125	nan
47	0.071	nan
48	0.067	nan
49	0.044	0.057
50	0.044	0.037
51	0.039	0.022
52	0.049	0.017
53	0.081	nan
54	0.098	nan
55	0.067	nan
56	0.053	nan
57	0.062	nan
58	0.071	nan
59	0.107	nan
60	0.097	nan
61	nan	0.02
62	0.093	0.018
63	0.118	0.022
64	0.234	0.024
65	0.414	0.035
66	0.543	0.043
67	0.677	0.03
68	0.421	0.046
69	0.232	0.038
70	0.239	0.035
71	0.167	0.018
72	0.244	nan
73	0.15	nan
74	0.075	nan
75	0.106	nan
76	0.14	nan
77	0.093	nan
78	nan	0.02
79	nan	0.02
80	nan	0.057
81	nan	0.072
82	nan	0.069
83	0.091	0.046
84	0.155	0.059
85	0.152	0.034
86	0.09	0.02
87	0.128	0.022
88	0.256	nan
89	0.249	nan
90	0.22	nan
91	0.076	nan
92	0.084	nan
93	0.057	nan
94	0.043	0.028
95	0.044	0.036
96	0.046	0.037
97	0.045	0.025
98	0.045	0.029
99	0.058	0.033
100	nan	0.056
101	nan	0.109
102	nan	0.129
103	nan	0.767
104	nan	0.361
105	0.109	0.564
106	nan	0.146
107	0.215	0.032
108	0.362	0.045
109	0.349	0.029
110	0.187	0.026
111	0.261	0.022
112	0.585	nan
113	0.606	nan
114	0.316	nan
115	0.452	0.023
116	0.676	0.033
117	0.494	0.036
118	0.421	0.037
119	0.4	0.05
120	0.549	0.201
121	0.499	nan
122	0.226	nan
123	0.207	nan
124	0.252	nan
125	0.185	nan
126	0.12	nan
127	0.132	nan
128	0.137	nan
129	0.094	nan
130	0.068	nan
131	0.095	nan
132	0.122	nan
133	0.101	nan
134	0.073	nan
135	0.12	nan
136	0.196	nan
137	0.167	nan
138	0.153	nan
139	0.185	nan
140	0.17	nan
141	0.1	nan
142	0.075	nan
143	0.045	nan
144	0.033	nan
145	0.021	nan
146	0.027	nan
147	0.036	0.129
148	0.049	0.243
149	0.087	0.184
150	0.148	0.1
151	0.126	0.194
152	0.222	nan
153	0.443	0.143
154	0.831	0.283
155	0.644	0.23
156	0.592	nan
157	0.159	0.317
158	0.257	0.061
159	0.223	nan
160	0.244	nan
161	0.407	nan
162	0.296	nan
163	0.3	nan
164	0.188	nan
165	0.189	nan
166	0.3	0.035
167	0.281	0.027
168	0.338	0.031
169	0.351	0.019
170	0.335	0.022
171	0.155	0.027
172	0.125	0.035
173	0.137	nan
174	0.12	nan
175	0.068	nan
176	0.058	nan
177	0.094	nan
178	0.097	nan
179	0.069	nan
180	0.104	nan
181	nan	0.034
182	nan	0.032
183	nan	0.028
184	nan	0.029
185	nan	0.024
186	nan	0.024
187	nan	0.025
188	nan	0.034
189	nan	0.029
190	nan	0.033
191	nan	0.058
192	nan	0.103
193	nan	0.527
194	nan	0.93
195	nan	2.343
196	nan	8.295
197	nan	9.374
198	0.163	10.73
199	0.118	4.076
200	0.16	3.093
201	0.189	5.08
202	0.188	1.038
203	0.11	0.341
204	0.063	nan
205	0.032	0.207
206	0.029	0.078
207	0.03	0.049
208	0.039	0.032
209	0.079	0.029
210	0.067	0.024
211	0.112	0.026
212	0.08	nan
213	0.105	nan
214	0.125	0.03
215	0.149	0.03
216	0.426	0.076
217	0.213	0.053
218	0.161	0.069
219	0.093	0.037
220	0.071	0.018
221	0.106	0.019
222	0.117	nan
223	0.1	nan
224	0.118	nan
225	0.168	nan
226	0.149	nan
227	0.115	nan
228	0.157	nan
229	0.189	nan
230	0.129	nan
231	0.183	0.016
232	0.45	0.02
233	0.563	0.031
234	0.409	0.031
235	0.174	nan
236	0.136	nan
237	0.105	nan
238	0.054	0.025
239	0.045	0.022
240	0.031	0.019
241	0.032	0.018
242	0.037	0.025
243	0.037	0.049
244	0.062	0.107
245	0.086	0.115
246	0.12	nan
247	0.265	nan
248	0.704	nan
249	1.336	nan
250	0.408	0.112
251	0.349	0.247
252	0.29	0.134
253	0.287	0.174
254	0.292	0.099
255	0.158	nan
256	0.096	nan
257	0.116	nan
258	0.126	nan
259	0.096	nan
260	0.086	nan
261	0.108	nan
262	0.126	nan
263	0.095	nan
264	0.078	nan
265	0.175	0.071
266	0.189	0.081
267	0.184	0.049
268	0.097	0.054
269	0.061	0.035
270	0.046	0.036
271	0.055	0.037
272	0.042	0.042
273	0.035	0.047
274	0.038	0.045
275	0.048	0.027
276	0.09	0.045
277	0.066	0.07
278	0.103	0.251
279	0.126	1.261
280	nan	0.863
281	nan	0.133
282	nan	0.124
283	0.082	0.052
284	0.076	0.051
285	0.06	0.044
286	0.098	0.057
287	0.108	0.048
288	0.078	nan
289	0.07	nan
290	0.094	nan
291	0.096	nan
292	0.084	nan
293	0.095	nan
294	0.09	nan
295	0.085	nan
296	0.132	nan
297	0.163	nan
298	nan	0.042
299	nan	0.049
300	nan	0.043
301	nan	0.027
302	nan	0.028
303	0.117	0.048
304	0.227	0.391
305	0.098	0.456
306	0.057	0.324
307	0.075	0.323
308	0.083	0.127
309	0.05	0.104
310	0.041	0.063
311	0.044	0.069
312	0.049	0.048
313	nan	0.12
314	nan	0.069
315	nan	0.139
316	nan	0.149
317	0.06	0.134
318	0.096	0.557
319	0.069	0.241
320	0.085	0.651
321	0.147	0.219
322	0.155	0.052
323	0.136	0.035
324	nan	0.024
325	nan	0.021
326	nan	0.027
327	nan	0.02
328	nan	0.026
329	nan	0.034
330	nan	0.045
331	nan	0.071
332	nan	0.056
333	nan	0.059
334	nan	0.106
335	nan	0.124
336	0.516	0.186
337	0.317	0.344
338	0.162	2.501
339	0.403	10.429
340	0.194	1.233
341	0.105	nan
342	0.058	nan
343	0.062	nan
344	0.08	nan
345	0.086	nan
346	0.119	nan
347	0.242	nan
348	0.373	0.493
349	0.184	0.087
350	0.173	0.062
351	0.11	0.042
352	0.079	0.027
353	0.046	0.023
354	nan	0.021
355	nan	0.025
356	0.049	0.017
357	0.057	0.02
358	0.058	0.036
359	0.059	0.029
360	0.061	0.027
361	0.064	0.038
362	0.071	0.035
363	0.067	0.026
364	0.084	0.041
365	0.132	0.095
366	0.228	0.097
367	0.227	nan
368	0.486	nan
369	1.887	nan
370	1.984	0.055
371	1.974	0.089
372	nan	0.115
373	0.775	0.184
374	0.659	0.224
375	0.973	0.117
376	nan	0.076
377	nan	0.036
378	0.337	0.032
379	0.214	0.032
380	0.229	0.039
381	0.181	0.047
382	0.119	0.04
383	0.139	0.074
384	0.127	0.123
385	0.256	0.429
386	0.364	1.377
387	0.383	1.278
388	0.345	0.607
389	0.226	0.426
390	0.124	0.134
391	0.094	0.14
392	0.14	0.125
393	0.163	nan
394	0.46	nan
395	0.961	nan
396	0.582	nan
397	0.772	nan
398	0.917	nan
399	0.856	nan
400	0.499	nan
401	0.44	nan
402	0.33	nan
403	0.15	nan
404	0.133	nan
405	0.129	nan
406	0.131	nan
407	0.253	nan
408	0.502	nan
409	0.57	nan
410	1.749	nan
411	1.433	nan
412	0.96	nan
413	0.392	nan
414	0.269	nan
415	0.161	nan
416	0.152	0.05
417	0.102	0.043
418	0.139	0.023
419	0.117	0.021
420	0.138	0.027
421	0.107	0.035
422	0.101	0.04
423	0.062	0.032
424	0.065	0.031
425	0.056	0.026
426	0.101	0.022
427	0.158	0.035
428	0.516	0.05
429	nan	0.11
430	nan	0.215
431	0.613	0.221
432	0.656	0.17
433	0.187	0.199
434	0.088	0.108
435	0.061	0.158
436	0.091	0.628
437	0.126	0.405
438	0.357	nan
439	0.484	nan
440	0.46	nan
441	0.638	nan
442	0.428	nan
443	0.393	nan
444	0.251	nan
445	0.175	nan
446	0.089	nan
447	0.101	nan
448	0.106	nan
449	0.237	nan
450	0.402	nan
451	0.362	nan
452	0.885	nan
453	0.393	nan
454	0.361	0.245
455	0.134	0.299
456	0.115	0.171
457	0.071	0.087
458	0.051	0.093
459	0.042	0.067
460	0.059	0.084
461	0.089	0.075
462	0.141	0.104
463	0.263	0.17
464	0.321	nan
465	0.141	nan
466	0.104	nan
467	0.063	0.073
468	0.067	0.129
469	0.048	0.2
470	0.072	0.377
471	0.129	nan
472	0.201	nan
473	0.155	nan
474	0.132	nan
475	0.074	nan
476	0.067	nan
477	0.112	nan
478	0.133	nan
479	0.309	nan
480	0.844	nan
481	0.489	nan
482	0.503	nan
483	0.561	nan
484	0.73	nan
485	0.484	nan
486	nan	0.482
487	0.424	0.387
488	0.274	0.347
489	0.174	0.143
490	0.108	0.209
491	0.108	0.17
492	0.102	0.215
493	0.204	nan
494	0.38	nan
495	0.39	nan
496	0.801	nan
497	0.616	nan
498	0.553	nan
499	0.304	nan
500	0.208	nan
501	0.121	nan
502	0.114	nan
503	0.132	nan
504	0.231	nan
505	0.264	nan
506	0.487	nan
