index	1v6x_A_1	6jys_A
1	78674.641	nan
2	97389.773	nan
3	nan	44041.658
4	nan	59375.822
5	nan	81908.963
6	nan	101278.709
7	nan	97342.571
8	nan	100533.829
9	nan	87056.614
10	nan	74886.307
11	85535.397	95128.313
12	114479.736	121253.4
13	147127.586	127170.55
14	187644.737	110182.015
15	142387.576	85799.096
16	168482.094	120246.827
17	178642.521	152608.598
18	139141.718	172290.889
19	91580.879	204327.515
20	101908.544	148841.87
21	99145.392	141547.735
22	112321.872	141004.424
23	131625.549	115741.89
24	nan	124998.705
25	146753.79	147998.571
26	217295.551	102605.385
27	167420.138	110216.636
28	178114.503	130056.191
29	151082.551	110493.734
30	142531.066	143726.75
31	120672.665	147013.529
32	87009.3	117563.611
33	91198.659	99646.994
34	103582.827	59969.704
35	84166.044	52727.025
36	76304.244	81590.016
37	77378.504	95668.644
38	99397.822	124893.268
39	109307.305	nan
40	119767.922	nan
41	92246.114	nan
42	111633.272	nan
43	157116.565	nan
44	126405.056	nan
45	87171.168	nan
46	127038.199	nan
47	146601.053	nan
48	154547.934	nan
49	154847.967	117993.953
50	183431.733	153117.966
51	168824.902	158101.951
52	195164.178	173563.38
53	121081.48	nan
54	114249.404	nan
55	137717.196	nan
56	155601.673	nan
57	140155.47	nan
58	158950.596	nan
59	124095.731	nan
60	144500.898	nan
61	nan	236330.087
62	154900.513	148531.554
63	135893.673	167464.084
64	114269.343	147777.911
65	83663.933	155018.444
66	82123.397	134793.977
67	92741.521	160593.013
68	72981.824	99368.582
69	100993.722	123311.148
70	103490.768	121654.391
71	101389.254	182939.776
72	86472.869	nan
73	120757.796	nan
74	165784.799	nan
75	106763.591	nan
76	95793.762	nan
77	157391.647	nan
78	nan	165032.348
79	nan	175237.063
80	nan	122143.789
81	nan	108622.34
82	nan	99028.771
83	123045.471	140514.278
84	102833.442	102338.441
85	92359.114	154182.567
86	168828.68	155582.26
87	107076.294	152165.457
88	74167.716	nan
89	92402.859	nan
90	113378.533	nan
91	123295.006	nan
92	118578.008	nan
93	155086.008	nan
94	133035.128	157656.353
95	185355.675	129542.295
96	134549.774	122945.882
97	159536.673	178885.357
98	156065.011	111470.86
99	183128.838	151793.404
100	nan	112529.183
101	nan	120728.792
102	nan	97400.75
103	nan	59900.564
104	nan	75441.927
105	105141.456	66162.603
106	nan	75625.826
107	100393.313	140257.424
108	87786.76	119682.628
109	82581.103	146129.974
110	116286.677	153581.975
111	112592.907	161614.568
112	90628.401	nan
113	71574.096	nan
114	120609.292	nan
115	93451.352	130974.185
116	74356.419	153838.187
117	92354.18	158242.678
118	103598.135	118283.26
119	116439.049	138276.895
120	88117.702	76464.981
121	91554.808	nan
122	131394.2	nan
123	119213.26	nan
124	96870.26	nan
125	137504.601	nan
126	133495.259	nan
127	132732.123	nan
128	114972.351	nan
129	137157.598	nan
130	162602.806	nan
131	124547.947	nan
132	137124.069	nan
133	146741.193	nan
134	140936.979	nan
135	121922.427	nan
136	82847.502	nan
137	103185.191	nan
138	103516.679	nan
139	112218.539	nan
140	85445.73	nan
141	131849.148	nan
142	137388.402	nan
143	136072.799	nan
144	138701.967	nan
145	171112.439	nan
146	182020.012	nan
147	159592.261	101209.94
148	137714.941	77704.086
149	113598.496	83704.963
150	153293.558	98994.969
151	125892.093	84660.091
152	130690.904	nan
153	94541.418	104185.529
154	68972.034	63925.823
155	99333.655	76396.402
156	83051.389	nan
157	147676.788	70091.567
158	131101.919	129013.268
159	102571.444	nan
160	96893.066	nan
161	77867.777	nan
162	105065.748	nan
163	110473.89	nan
164	142184.386	nan
165	120496.9	nan
166	88345.351	155863.825
167	118331.542	189639.776
168	109655.55	165472.247
169	80135.392	145580.576
170	81875.936	206134.741
171	105502.154	157943.387
172	133288.208	138443.026
173	108485.369	nan
174	113074.191	nan
175	169655.441	nan
176	137044.369	nan
177	105694.778	nan
178	131836.742	nan
179	180299.972	nan
180	107995.863	nan
181	nan	147736.445
182	nan	124646.182
183	nan	142659.109
184	nan	177727.451
185	nan	149321.239
186	nan	158381.302
187	nan	132388.983
188	nan	180048.08
189	nan	134531.861
190	nan	150925.356
191	nan	128961.03
192	nan	111225.399
193	nan	76417.803
194	nan	66735.13
195	nan	76512.561
196	nan	62586.463
197	nan	55828.885
198	105233.763	63242.137
199	140340.645	68085.81
200	125436.366	82270.645
201	98272.451	53967.747
202	100571.672	90543.965
203	150860.003	100318.642
204	121098.372	nan
205	161283.29	115386.447
206	175268.353	138026.981
207	137768.888	126572.638
208	152020.19	158296.725
209	140362.318	148785.944
210	102411.276	127317.816
211	125988.14	157244.796
212	150988.938	nan
213	144502.568	nan
214	127454.305	161633.736
215	94169.203	155115.888
216	78296.6	113120.235
217	86706.243	119635.403
218	136365.008	114501.104
219	137145.848	122356.454
220	156305.468	147973.87
221	109754.078	163879.754
222	147640.459	nan
223	141733.658	nan
224	111559.981	nan
225	95732.541	nan
226	98730.466	nan
227	138414.416	nan
228	97389.195	nan
229	92694.959	nan
230	109842.757	nan
231	108695.817	174485.285
232	74181.349	145402.87
233	59449.408	113660.713
234	92231.622	165520.659
235	102663.865	nan
236	118265.039	nan
237	136815.386	nan
238	125472.255	150510.173
239	159485.956	155223.596
240	166294.481	195519.128
241	209583.802	159820.868
242	138773.896	127376.999
243	131685.695	143164.368
244	159865.652	87995.882
245	118454.998	85616.074
246	119457.685	nan
247	106583.949	nan
248	70110.622	nan
249	61737.2	nan
250	91795.781	125248.855
251	100239.556	84518.582
252	98784.904	132026.953
253	90745.469	89845.194
254	90804.972	83333.771
255	94405.136	nan
256	125241.754	nan
257	116022.724	nan
258	106720.623	nan
259	140691.772	nan
260	154662.513	nan
261	116188.636	nan
262	110198.86	nan
263	127020.599	nan
264	148214.14	nan
265	96557.475	83317.388
266	96086.35	94229.848
267	117159.164	95693.929
268	128304.174	148626.987
269	128226.667	108802.874
270	168585.315	125342.744
271	194653.645	122504.734
272	158968.333	146301.925
273	169015.517	110884.779
274	137507.557	173331.482
275	147844.157	145879.75
276	155162.418	165460.546
277	150588.184	129476.707
278	122263.593	88145.282
279	146315.641	51080.853
280	nan	57269.478
281	nan	107651.397
282	nan	109260.477
283	175243.496	115228.989
284	149413.967	103509.324
285	163313.331	114398.204
286	124298.242	97992.379
287	134799.32	108575.187
288	136467.19	nan
289	159644.893	nan
290	130064.486	nan
291	148049.042	nan
292	157268.421	nan
293	127134.258	nan
294	134518.226	nan
295	159167.534	nan
296	125172.446	nan
297	107575.438	nan
298	nan	122500.438
299	nan	145391.183
300	nan	122134.562
301	nan	140275.366
302	nan	147256.201
303	122158.137	151198.204
304	95561.515	79443.712
305	104180.109	65117.606
306	160642.949	86112.185
307	127915.15	75405.842
308	206250.8	102709.724
309	153647.035	96912.329
310	172607.797	92104.681
311	165839.643	110988.021
312	120858.4	143704.164
313	nan	87085.784
314	nan	104198.062
315	nan	101276.168
316	nan	115022.471
317	193561.948	110725.894
318	160390.898	69996.074
319	137020.824	74319.226
320	151050.048	69916.313
321	111109.017	117130.189
322	120261.014	128630.961
323	142208.304	146224.353
324	nan	153404.66
325	nan	150806.762
326	nan	129167.102
327	nan	139699.918
328	nan	131749.538
329	nan	156265.312
330	nan	94574.869
331	nan	127155.887
332	nan	110511.373
333	nan	131321.879
334	nan	101774.84
335	nan	86693.136
336	68231.871	113735.269
337	87360.112	90665.923
338	118645.822	55086.391
339	88897.763	51889.845
340	101904.554	57315.791
341	138294.58	nan
342	170656.008	nan
343	163093.42	nan
344	153519.246	nan
345	131315.826	nan
346	122024.948	nan
347	122534.652	nan
348	69450.838	74575.163
349	126754.46	127535.978
350	116129.289	94978.373
351	117141.104	131129.525
352	143764.832	136937.591
353	194652.134	163130.35
354	nan	146423.023
355	nan	149950.703
356	190156.16	174652.03
357	120576.351	154003.03
358	147359.93	120634.168
359	176462.159	119967.281
360	165568.109	175133.872
361	152032.498	124526.802
362	140488.251	112084.129
363	162493.912	143721.946
364	152648.338	110191.261
365	120667.549	82892.48
366	112775.63	94068.894
367	129807.316	nan
368	94709.283	nan
369	61911.0	nan
370	57938.298	128108.797
371	58907.349	127202.395
372	nan	98571.676
373	85566.089	123099.339
374	93249.558	76229.821
375	70895.395	97475.009
376	nan	100253.157
377	nan	143458.375
378	110465.412	175693.761
379	126996.554	144482.614
380	143314.548	137645.442
381	120433.371	113896.036
382	131898.96	122456.637
383	129093.589	139594.833
384	195942.436	115750.548
385	114558.385	94621.918
386	131502.025	60345.792
387	127499.785	59629.866
388	131016.61	86712.055
389	120493.831	70512.424
390	161873.114	104298.353
391	157402.095	102843.233
392	153042.939	104055.348
393	154983.97	nan
394	112087.397	nan
395	63603.719	nan
396	104081.069	nan
397	94710.248	nan
398	93044.259	nan
399	78934.738	nan
400	92825.8	nan
401	114837.823	nan
402	114007.258	nan
403	121360.777	nan
404	157965.866	nan
405	146795.25	nan
406	170407.192	nan
407	116949.709	nan
408	92320.919	nan
409	104875.245	nan
410	68014.796	nan
411	71149.113	nan
412	95204.344	nan
413	101542.068	nan
414	133739.51	nan
415	142317.219	nan
416	131342.23	123009.278
417	121900.556	181812.134
418	141634.437	148480.448
419	115171.597	153498.396
420	123486.484	131926.924
421	117369.717	112798.847
422	147941.642	124632.113
423	188321.68	179898.087
424	139532.722	124272.992
425	149969.818	142762.287
426	131270.616	163894.65
427	154478.478	166857.821
428	85961.284	149163.792
429	nan	110716.671
430	nan	91360.519
431	100536.859	100039.669
432	81096.263	77275.774
433	127751.382	78476.459
434	166856.978	91004.46
435	157193.465	91308.597
436	153561.146	63038.123
437	178695.51	86781.385
438	114772.957	nan
439	113375.628	nan
440	102455.015	nan
441	112480.46	nan
442	95002.098	nan
443	120289.763	nan
444	127844.945	nan
445	124188.412	nan
446	165671.663	nan
447	144001.948	nan
448	159624.525	nan
449	114381.115	nan
450	108802.444	nan
451	110731.443	nan
452	57851.093	nan
453	115706.352	nan
454	105680.669	84876.43
455	115997.521	85042.684
456	145820.873	87628.326
457	155598.047	163411.028
458	157799.418	114132.417
459	137466.395	110054.566
460	138611.931	96771.519
461	139357.067	97429.982
462	123109.908	86768.386
463	119912.556	98375.904
464	82288.928	nan
465	145192.23	nan
466	145636.088	nan
467	137265.704	91009.153
468	154676.721	109771.163
469	197960.516	81762.74
470	155901.774	70264.578
471	117587.699	nan
472	138721.875	nan
473	148119.221	nan
474	138018.019	nan
475	161915.058	nan
476	156730.415	nan
477	158543.713	nan
478	191878.058	nan
479	123002.055	nan
480	86951.475	nan
481	121725.861	nan
482	134517.718	nan
483	117016.732	nan
484	104377.445	nan
485	94770.895	nan
486	nan	54777.168
487	120025.891	73774.307
488	131217.799	84580.73
489	130370.352	107046.75
490	147349.47	94931.152
491	145717.058	85362.079
492	168945.654	80680.285
493	120068.871	nan
494	106967.141	nan
495	106786.49	nan
496	83830.334	nan
497	82849.135	nan
498	113939.866	nan
499	115846.59	nan
500	155032.748	nan
501	160034.014	nan
502	128596.918	nan
503	116022.14	nan
504	118752.951	nan
505	102632.818	nan
506	92276.582	nan
