index	6jys_A	7c68_A_1
1	nan	11.271
2	nan	1.227
3	nan	0.426
4	nan	0.218
5	nan	0.105
6	nan	0.082
7	nan	0.076
8	nan	0.091
9	nan	0.097
10	nan	0.144
11	nan	0.259
12	nan	0.104
13	nan	0.345
14	nan	0.258
15	nan	0.139
16	nan	0.153
17	nan	0.174
18	nan	0.154
19	nan	0.141
20	nan	0.167
21	nan	0.202
22	nan	0.206
23	nan	0.173
24	nan	0.288
25	nan	0.481
26	nan	0.309
27	nan	0.262
28	nan	0.69
29	nan	1.052
30	nan	0.947
31	2.511	0.852
32	0.55	0.467
33	0.595	0.343
34	0.152	0.218
35	0.206	0.185
36	0.141	0.158
37	0.172	0.159
38	0.121	0.105
39	0.156	0.159
40	0.059	0.197
41	0.06	0.211
42	0.077	0.331
43	0.071	0.19
44	0.047	0.131
45	0.025	0.192
46	nan	0.249
47	nan	0.189
48	nan	0.153
49	nan	0.182
50	nan	0.219
51	0.018	0.168
52	0.017	0.2
53	0.022	0.426
54	0.031	0.436
55	0.042	0.422
56	0.056	0.493
57	0.035	0.354
58	nan	0.134
59	0.027	0.07
60	0.039	0.056
61	0.066	0.059
62	0.039	0.05
63	0.045	0.054
64	0.052	0.04
65	0.095	0.038
66	0.101	0.076
67	0.248	nan
68	1.328	nan
69	1.159	nan
70	nan	0.047
71	nan	0.039
72	nan	0.032
73	nan	0.036
74	nan	0.066
75	nan	0.064
76	0.184	0.103
77	0.126	0.181
78	0.055	0.223
79	0.057	0.145
80	0.037	0.078
81	0.022	0.099
82	0.017	0.082
83	0.02	nan
84	0.018	nan
85	0.022	nan
86	0.024	nan
87	0.035	nan
88	0.043	nan
89	0.03	nan
90	nan	0.097
91	nan	0.136
92	nan	0.153
93	nan	0.114
94	nan	0.105
95	nan	0.143
96	nan	0.229
97	nan	0.207
98	nan	0.21
99	nan	0.249
100	nan	0.286
101	nan	0.4
102	0.046	0.193
103	0.038	0.128
104	0.035	0.224
105	0.018	0.196
106	0.02	0.178
107	0.02	0.09
108	0.057	nan
109	0.072	nan
110	0.069	nan
111	0.046	0.086
112	0.059	0.097
113	0.034	0.058
114	0.02	nan
115	nan	0.048
116	nan	0.059
117	nan	0.055
118	nan	0.223
119	nan	2.337
120	nan	0.603
121	nan	2.688
122	nan	0.332
123	nan	0.069
124	nan	0.041
125	nan	0.037
126	nan	0.039
127	nan	0.04
128	nan	0.032
129	nan	0.028
130	0.022	0.039
131	0.028	0.066
132	0.036	0.052
133	nan	0.049
134	0.037	0.057
135	0.025	0.048
136	0.029	0.052
137	0.033	0.066
138	0.056	0.05
139	0.109	0.08
140	0.129	0.134
141	0.767	nan
142	0.361	nan
143	0.564	nan
144	0.146	nan
145	0.032	nan
146	0.045	nan
147	0.029	nan
148	0.026	nan
149	0.022	nan
150	nan	0.089
151	nan	0.093
152	nan	0.162
153	nan	0.182
154	0.023	0.143
155	0.033	0.23
156	0.036	0.171
157	0.037	0.254
158	0.05	0.189
159	0.201	0.271
160	0.129	0.159
161	0.243	nan
162	0.184	nan
163	0.1	nan
164	0.194	nan
165	0.143	0.068
166	0.283	0.083
167	0.23	0.108
168	0.317	0.079
169	0.061	0.143
170	0.035	nan
171	0.027	nan
172	0.031	nan
173	nan	0.178
174	nan	0.082
175	nan	0.071
176	nan	0.122
177	nan	0.138
178	nan	0.088
179	nan	0.08
180	nan	0.116
181	nan	0.104
182	nan	0.069
183	nan	0.121
184	nan	0.232
185	nan	0.247
186	0.019	0.741
187	0.022	0.357
188	0.027	0.257
189	0.035	0.214
190	0.034	0.726
191	0.032	0.958
192	0.028	0.64
193	0.029	0.513
194	nan	0.509
195	nan	0.231
196	nan	0.085
197	nan	0.066
198	0.024	0.046
199	0.024	0.041
200	0.025	0.053
201	0.034	0.082
202	0.029	0.045
203	0.033	0.045
204	0.058	0.071
205	nan	0.106
206	nan	0.083
207	nan	0.087
208	nan	0.059
209	nan	0.048
210	nan	0.05
211	nan	0.06
212	nan	0.075
213	nan	0.069
214	nan	0.051
215	nan	0.047
216	nan	0.032
217	nan	0.028
218	nan	0.036
219	nan	0.043
220	nan	0.053
221	nan	0.091
222	nan	0.049
223	0.103	0.108
224	0.527	0.095
225	0.93	0.108
226	2.343	0.348
227	8.295	0.724
228	9.374	2.383
229	10.73	9.907
230	4.076	nan
231	3.093	nan
232	5.08	nan
233	1.038	nan
234	0.341	nan
235	nan	4.483
236	0.207	1.496
237	0.078	0.251
238	0.049	0.192
239	0.032	0.117
240	0.029	0.071
241	0.024	0.068
242	0.026	nan
243	nan	0.096
244	nan	0.099
245	nan	0.133
246	nan	0.07
247	nan	0.037
248	nan	0.062
249	nan	0.062
250	nan	0.036
251	nan	0.049
252	nan	0.075
253	nan	0.098
254	nan	0.093
255	nan	0.09
256	nan	0.092
257	0.03	0.099
258	0.03	0.063
259	0.076	0.104
260	0.053	0.158
261	0.069	0.127
262	0.037	0.079
263	0.018	0.063
264	nan	0.124
265	nan	0.161
266	nan	0.176
267	nan	0.07
268	nan	0.069
269	nan	0.107
270	nan	0.079
271	nan	0.07
272	nan	0.102
273	nan	0.191
274	nan	0.115
275	nan	0.074
276	nan	0.102
277	nan	0.109
278	0.019	0.079
279	0.016	0.058
280	0.02	0.097
281	0.031	0.131
282	0.031	0.102
283	0.025	0.07
284	0.022	0.044
285	0.019	nan
286	0.018	nan
287	0.025	nan
288	0.049	nan
289	0.107	nan
290	0.115	nan
291	0.112	nan
292	0.247	nan
293	0.134	nan
294	0.174	nan
295	0.099	0.044
296	0.071	0.052
297	0.081	0.079
298	0.049	0.055
299	0.054	0.105
300	0.035	0.08
301	0.036	0.063
302	0.037	0.051
303	0.042	nan
304	0.047	nan
305	0.045	nan
306	0.027	nan
307	nan	0.093
308	nan	0.113
309	nan	0.086
310	nan	0.08
311	nan	0.087
312	0.045	0.192
313	0.07	0.211
314	0.251	0.28
315	1.261	0.323
316	0.863	1.417
317	0.133	0.672
318	0.124	nan
319	0.052	nan
320	0.051	nan
321	0.044	nan
322	0.057	nan
323	0.048	nan
324	0.042	0.241
325	0.049	0.104
326	0.043	0.102
327	0.027	0.116
328	0.028	0.311
329	0.048	0.15
330	0.391	nan
331	0.456	nan
332	0.324	nan
333	0.323	nan
334	0.127	nan
335	0.104	nan
336	nan	0.17
337	nan	0.092
338	nan	0.106
339	0.063	0.203
340	0.069	0.101
341	0.048	0.127
342	0.12	0.083
343	0.069	0.07
344	0.139	0.089
345	0.149	0.072
346	0.134	0.096
347	0.557	0.106
348	0.241	0.082
349	nan	0.08
350	nan	0.26
351	nan	0.161
352	0.651	0.134
353	0.219	0.086
354	0.052	0.067
355	0.035	0.044
356	nan	0.048
357	nan	0.041
358	nan	0.114
359	0.024	0.057
360	0.021	0.03
361	0.027	0.028
362	0.02	0.033
363	0.026	0.055
364	0.034	0.048
365	0.045	0.065
366	0.071	0.099
367	0.056	0.186
368	0.059	nan
369	0.106	nan
370	0.124	0.155
371	0.186	0.738
372	0.344	0.253
373	2.501	0.192
374	10.429	0.28
375	1.233	0.184
376	0.493	0.089
377	0.087	nan
378	0.062	nan
379	0.042	nan
380	0.027	nan
381	0.023	nan
382	0.021	nan
383	0.025	nan
384	nan	0.093
385	nan	0.124
386	nan	0.095
387	0.017	0.067
388	0.02	0.07
389	0.036	0.078
390	0.029	0.074
391	0.027	0.061
392	0.038	0.079
393	0.035	0.109
394	nan	0.171
395	0.026	0.072
396	0.041	0.048
397	0.095	0.065
398	0.097	0.079
399	0.055	0.069
400	0.089	nan
401	0.115	nan
402	0.184	nan
403	0.224	nan
404	0.117	nan
405	0.076	nan
406	0.036	nan
407	0.032	nan
408	0.032	nan
409	0.039	nan
410	0.047	nan
411	0.04	nan
412	0.074	nan
413	0.123	0.048
414	0.429	0.075
415	1.377	0.1
416	1.278	nan
417	0.607	nan
418	0.426	nan
419	0.134	nan
420	0.14	nan
421	0.125	0.074
422	0.05	0.041
423	0.043	0.057
424	0.023	0.046
425	0.021	0.038
426	0.027	0.039
427	0.035	0.063
428	0.04	nan
429	0.032	0.14
430	0.031	nan
431	nan	0.225
432	nan	0.106
433	nan	0.168
434	nan	0.372
435	nan	0.342
436	nan	0.29
437	nan	0.378
438	nan	0.174
439	nan	0.269
440	nan	0.446
441	nan	0.245
442	nan	0.237
443	nan	0.172
444	nan	0.095
445	nan	0.101
446	nan	0.097
447	nan	0.083
448	nan	0.125
449	nan	0.153
450	nan	0.095
451	nan	0.095
452	nan	0.182
453	nan	0.101
454	0.026	0.06
455	0.022	nan
456	0.035	nan
457	0.05	nan
458	0.11	nan
459	0.215	nan
460	0.221	nan
461	0.17	0.094
462	0.199	nan
463	0.108	0.153
464	0.158	0.216
465	0.628	0.208
466	0.405	0.072
467	0.245	0.08
468	0.299	0.049
469	0.171	nan
470	0.087	nan
471	0.093	nan
472	0.067	nan
473	0.084	nan
474	nan	0.072
475	nan	0.058
476	nan	0.087
477	nan	0.069
478	nan	0.055
479	nan	0.075
480	nan	0.097
481	nan	0.068
482	nan	0.052
483	nan	0.05
484	nan	0.067
485	nan	0.075
486	nan	0.064
487	nan	0.064
488	nan	0.083
489	nan	0.076
490	nan	0.067
491	nan	0.103
492	nan	0.099
493	nan	0.098
494	nan	0.195
495	0.075	0.362
496	0.104	nan
497	0.17	0.44
498	0.073	0.342
499	0.129	0.224
500	0.2	0.325
501	0.377	0.306
502	0.482	0.317
503	0.387	0.202
504	0.347	nan
505	0.143	nan
506	0.209	nan
507	0.17	nan
508	0.215	nan
509	nan	0.112
510	nan	0.12
511	nan	0.158
512	nan	0.105
513	nan	0.066
514	nan	0.096
515	nan	0.128
516	nan	0.085
517	nan	0.072
518	nan	0.138
519	nan	0.138
520	nan	0.071
521	nan	0.088
522	nan	0.138
523	nan	0.096
524	nan	0.109
525	nan	0.397
526	nan	0.723
