index	6jys_A	7c68_A_1
1	nan	35646.125
2	nan	68221.245
3	nan	99769.861
4	nan	128134.42
5	nan	116415.238
6	nan	150801.811
7	nan	118447.582
8	nan	140073.861
9	nan	119395.316
10	nan	115596.378
11	nan	118257.902
12	nan	135204.77
13	nan	125723.121
14	nan	96812.641
15	nan	123137.262
16	nan	126817.132
17	nan	86134.639
18	nan	116314.824
19	nan	121949.587
20	nan	105334.364
21	nan	102316.402
22	nan	111209.844
23	nan	125937.199
24	nan	108720.665
25	nan	88670.016
26	nan	105187.192
27	nan	115590.233
28	nan	75045.097
29	nan	75007.26
30	nan	70565.627
31	44041.658	97495.797
32	59375.822	106930.893
33	81908.963	93497.665
34	101278.709	127264.127
35	97342.571	90781.966
36	100533.829	121354.682
37	87056.614	103181.732
38	74886.307	117361.401
39	95128.313	106094.6
40	121253.4	94588.274
41	127170.55	82491.967
42	110182.015	105865.92
43	85799.096	82724.186
44	120246.827	132387.124
45	152608.598	95706.459
46	nan	91623.102
47	nan	102449.618
48	nan	136502.738
49	nan	118494.707
50	nan	96953.845
51	172290.889	135891.23
52	204327.515	145400.285
53	148841.87	85397.306
54	141547.735	79223.732
55	141004.424	112004.186
56	115741.89	83716.763
57	124998.705	130256.026
58	nan	128996.392
59	147998.571	145326.491
60	102605.385	160712.403
61	110216.636	162516.058
62	130056.191	137584.71
63	110493.734	147210.849
64	143726.75	175017.611
65	147013.529	166776.935
66	117563.611	157334.008
67	99646.994	nan
68	59969.704	nan
69	52727.025	nan
70	nan	137481.02
71	nan	190473.104
72	nan	199301.255
73	nan	180081.087
74	nan	151553.072
75	nan	165909.811
76	81590.016	134286.928
77	95668.644	93671.72
78	124893.268	108245.824
79	117993.953	126523.745
80	153117.966	144977.641
81	158101.951	122122.393
82	173563.38	119348.369
83	236330.087	nan
84	148531.554	nan
85	167464.084	nan
86	147777.911	nan
87	155018.444	nan
88	134793.977	nan
89	160593.013	nan
90	nan	146498.967
91	nan	112012.22
92	nan	89089.543
93	nan	141003.249
94	nan	147734.618
95	nan	92013.776
96	nan	101738.749
97	nan	115119.326
98	nan	110494.01
99	nan	124733.596
100	nan	85385.496
101	nan	70587.972
102	99368.582	129607.609
103	123311.148	107877.131
104	121654.391	95271.182
105	182939.776	80571.649
106	165032.348	122714.232
107	175237.063	151752.155
108	122143.789	nan
109	108622.34	nan
110	99028.771	nan
111	140514.278	113530.757
112	102338.441	112650.417
113	154182.567	176260.175
114	155582.26	nan
115	nan	176166.262
116	nan	143204.582
117	nan	146058.002
118	nan	94504.956
119	nan	73255.945
120	nan	94680.794
121	nan	48210.026
122	nan	88324.052
123	nan	161686.742
124	nan	168511.074
125	nan	207119.692
126	nan	186106.696
127	nan	184389.194
128	nan	137319.091
129	nan	150397.838
130	152165.457	181671.722
131	157656.353	143000.072
132	129542.295	160847.365
133	nan	135855.35
134	122945.882	186444.308
135	178885.357	130261.23
136	111470.86	133002.345
137	151793.404	136435.404
138	112529.183	137052.054
139	120728.792	126438.929
140	97400.75	105960.579
141	59900.564	nan
142	75441.927	nan
143	66162.603	nan
144	75625.826	nan
145	140257.424	nan
146	119682.628	nan
147	146129.974	nan
148	153581.975	nan
149	161614.568	nan
150	nan	170252.237
151	nan	146568.29
152	nan	94685.14
153	nan	111372.103
154	130974.185	136250.626
155	153838.187	107772.426
156	158242.678	123729.043
157	118283.26	92848.087
158	138276.895	118276.741
159	76464.981	90975.362
160	101209.94	96612.056
161	77704.086	nan
162	83704.963	nan
163	98994.969	nan
164	84660.091	nan
165	104185.529	134838.577
166	63925.823	126691.425
167	76396.402	131595.745
168	70091.567	128886.476
169	129013.268	102402.819
170	155863.825	nan
171	189639.776	nan
172	165472.247	nan
173	nan	82491.913
174	nan	135324.022
175	nan	123699.03
176	nan	110092.258
177	nan	116095.296
178	nan	166292.363
179	nan	136122.475
180	nan	127343.783
181	nan	107778.687
182	nan	159600.392
183	nan	117241.194
184	nan	98421.24
185	nan	117119.398
186	145580.576	81990.659
187	206134.741	100347.857
188	157943.387	99352.463
189	138443.026	124578.781
190	147736.445	81002.878
191	124646.182	68099.616
192	142659.109	87527.317
193	177727.451	67292.461
194	nan	96744.128
195	nan	111095.523
196	nan	141259.632
197	nan	170915.718
198	149321.239	164081.901
199	158381.302	146772.912
200	132388.983	163152.584
201	180048.08	157149.579
202	134531.861	167187.571
203	150925.356	206083.669
204	128961.03	125596.508
205	nan	109508.833
206	nan	140923.325
207	nan	103776.794
208	nan	128826.224
209	nan	166697.505
210	nan	141255.749
211	nan	122744.438
212	nan	131111.254
213	nan	162218.866
214	nan	168891.501
215	nan	169963.978
216	nan	137260.657
217	nan	185131.726
218	nan	131995.216
219	nan	185014.524
220	nan	160951.258
221	nan	140128.485
222	nan	170483.207
223	111225.399	122298.789
224	76417.803	130959.913
225	66735.13	128384.021
226	76512.561	83900.638
227	62586.463	76046.108
228	55828.885	70968.97
229	63242.137	48444.198
230	68085.81	nan
231	82270.645	nan
232	53967.747	nan
233	90543.965	nan
234	100318.642	nan
235	nan	54949.667
236	115386.447	65553.584
237	138026.981	96559.591
238	126572.638	119925.134
239	158296.725	154146.599
240	148785.944	154555.65
241	127317.816	158983.465
242	157244.796	nan
243	nan	139242.864
244	nan	123898.94
245	nan	96615.259
246	nan	122086.497
247	nan	177097.855
248	nan	149519.501
249	nan	117860.999
250	nan	187127.49
251	nan	153131.19
252	nan	119755.03
253	nan	107019.899
254	nan	120493.357
255	nan	142768.254
256	nan	120251.284
257	161633.736	119488.131
258	155115.888	166607.999
259	113120.235	108533.454
260	119635.403	83119.609
261	114501.104	124344.855
262	122356.454	117189.927
263	147973.87	153928.688
264	nan	124636.847
265	nan	122010.113
266	nan	82763.738
267	nan	154608.479
268	nan	143386.102
269	nan	105063.932
270	nan	118221.993
271	nan	130282.193
272	nan	132580.455
273	nan	105998.122
274	nan	97680.915
275	nan	149596.838
276	nan	116883.115
277	nan	117798.624
278	163879.754	122816.869
279	174485.285	141317.204
280	145402.87	133685.735
281	113660.713	125749.077
282	165520.659	172091.154
283	150510.173	126104.931
284	155223.596	164136.662
285	195519.128	nan
286	159820.868	nan
287	127376.999	nan
288	143164.368	nan
289	87995.882	nan
290	85616.074	nan
291	125248.855	nan
292	84518.582	nan
293	132026.953	nan
294	89845.194	nan
295	83333.771	198424.257
296	83317.388	152342.437
297	94229.848	122238.819
298	95693.929	149275.711
299	148626.987	131551.081
300	108802.874	171248.977
301	125342.744	159763.827
302	122504.734	117640.727
303	146301.925	nan
304	110884.779	nan
305	173331.482	nan
306	145879.75	nan
307	nan	132942.749
308	nan	136306.115
309	nan	125721.765
310	nan	124659.443
311	nan	155338.693
312	165460.546	93972.692
313	129476.707	117500.99
314	88145.282	105323.788
315	51080.853	89145.581
316	57269.478	68852.463
317	107651.397	78016.369
318	109260.477	nan
319	115228.989	nan
320	103509.324	nan
321	114398.204	nan
322	97992.379	nan
323	108575.187	nan
324	122500.438	122121.684
325	145391.183	157454.241
326	122134.562	120521.85
327	140275.366	134430.44
328	147256.201	81574.354
329	151198.204	100369.411
330	79443.712	nan
331	65117.606	nan
332	86112.185	nan
333	75405.842	nan
334	102709.724	nan
335	96912.329	nan
336	nan	111985.789
337	nan	161332.761
338	nan	142763.181
339	92104.681	77082.004
340	110988.021	106328.895
341	143704.164	120734.272
342	87085.784	151924.364
343	104198.062	135050.435
344	101276.168	155855.06
345	115022.471	148593.058
346	110725.894	126342.786
347	69996.074	144507.509
348	74319.226	147470.34
349	nan	170698.984
350	nan	97216.454
351	nan	87671.27
352	69916.313	126293.021
353	117130.189	106959.703
354	128630.961	124702.188
355	146224.353	162589.408
356	nan	135574.209
357	nan	131792.958
358	nan	185323.37
359	153404.66	194270.597
360	150806.762	159704.483
361	129167.102	167947.365
362	139699.918	161218.119
363	131749.538	201907.906
364	156265.312	161127.396
365	94574.869	136865.671
366	127155.887	114700.968
367	110511.373	86574.423
368	131321.879	nan
369	101774.84	nan
370	86693.136	128011.657
371	113735.269	68597.915
372	90665.923	97928.328
373	55086.391	101585.342
374	51889.845	82890.633
375	57315.791	100163.521
376	74575.163	155694.727
377	127535.978	nan
378	94978.373	nan
379	131129.525	nan
380	136937.591	nan
381	163130.35	nan
382	146423.023	nan
383	149950.703	nan
384	nan	121875.589
385	nan	103716.0
386	nan	131000.39
387	174652.03	149988.395
388	154003.03	132864.618
389	120634.168	110729.257
390	119967.281	136726.916
391	175133.872	191515.942
392	124526.802	161981.878
393	112084.129	115442.295
394	nan	83917.819
395	143721.946	144403.067
396	110191.261	150321.067
397	82892.48	150162.491
398	94068.894	107764.438
399	128108.797	124402.317
400	127202.395	nan
401	98571.676	nan
402	123099.339	nan
403	76229.821	nan
404	97475.009	nan
405	100253.157	nan
406	143458.375	nan
407	175693.761	nan
408	144482.614	nan
409	137645.442	nan
410	113896.036	nan
411	122456.637	nan
412	139594.833	nan
413	115750.548	172172.724
414	94621.918	112435.077
415	60345.792	119790.126
416	59629.866	nan
417	86712.055	nan
418	70512.424	nan
419	104298.353	nan
420	102843.233	nan
421	104055.348	145445.94
422	123009.278	174563.369
423	181812.134	141294.977
424	148480.448	151512.358
425	153498.396	170046.151
426	131926.924	192376.07
427	112798.847	153709.654
428	124632.113	nan
429	179898.087	101709.284
430	124272.992	nan
431	nan	96319.442
432	nan	145791.91
433	nan	94969.039
434	nan	87432.269
435	nan	89260.699
436	nan	77951.358
437	nan	105742.291
438	nan	113514.282
439	nan	92019.868
440	nan	70758.97
441	nan	92148.632
442	nan	84706.128
443	nan	113092.291
444	nan	139165.447
445	nan	98502.781
446	nan	129083.051
447	nan	139827.715
448	nan	119550.317
449	nan	84521.062
450	nan	145335.071
451	nan	134669.366
452	nan	73470.34
453	nan	95426.023
454	142762.287	158984.903
455	163894.65	nan
456	166857.821	nan
457	149163.792	nan
458	110716.671	nan
459	91360.519	nan
460	100039.669	nan
461	77275.774	94592.634
462	78476.459	nan
463	91004.46	116656.023
464	91308.597	91468.026
465	63038.123	106744.975
466	86781.385	157492.307
467	84876.43	138407.777
468	85042.684	153857.366
469	87628.326	nan
470	163411.028	nan
471	114132.417	nan
472	110054.566	nan
473	96771.519	nan
474	nan	169127.27
475	nan	123602.204
476	nan	159486.201
477	nan	137839.478
478	nan	155039.884
479	nan	131276.065
480	nan	119340.757
481	nan	131151.723
482	nan	172520.779
483	nan	151310.649
484	nan	112546.109
485	nan	128128.644
486	nan	146919.554
487	nan	168029.954
488	nan	100902.337
489	nan	165258.795
490	nan	129851.335
491	nan	122466.461
492	nan	125377.16
493	nan	144526.187
494	nan	125938.573
495	97429.982	66166.973
496	86768.386	nan
497	98375.904	92965.423
498	91009.153	74518.164
499	109771.163	119563.868
500	81762.74	88840.252
501	70264.578	79867.458
502	54777.168	71151.787
503	73774.307	109350.135
504	84580.73	nan
505	107046.75	nan
506	94931.152	nan
507	85362.079	nan
508	80680.285	nan
509	nan	134292.215
510	nan	112434.184
511	nan	93552.478
512	nan	122589.803
513	nan	138017.629
514	nan	114423.757
515	nan	96108.327
516	nan	163708.949
517	nan	147805.364
518	nan	110421.622
519	nan	124675.962
520	nan	150858.824
521	nan	129585.324
522	nan	87808.609
523	nan	136311.463
524	nan	124025.162
525	nan	73271.736
526	nan	65358.192
