index	1v6x_A_1	6orh_A
1	0.652	nan
2	0.208	nan
3	nan	16.791
4	nan	2.041
5	nan	1.486
6	nan	0.315
7	nan	0.169
8	nan	0.199
9	nan	0.132
10	nan	0.103
11	0.371	0.114
12	0.159	nan
13	0.079	0.177
14	0.053	0.161
15	0.084	0.111
16	0.073	0.073
17	0.057	0.076
18	0.092	0.092
19	0.23	0.074
20	0.3	0.065
21	0.222	0.094
22	nan	0.086
23	0.096	0.055
24	0.06	0.047
25	0.045	0.037
26	0.037	0.031
27	0.041	0.031
28	0.043	0.036
29	0.083	0.042
30	0.151	0.059
31	nan	0.069
32	0.202	0.052
33	0.437	0.053
34	0.302	0.044
35	0.322	0.086
36	0.747	0.133
37	nan	0.136
38	nan	0.179
39	nan	0.186
40	nan	0.252
41	nan	0.121
42	nan	0.137
43	nan	0.087
44	nan	0.289
45	nan	0.238
46	nan	0.266
47	nan	0.135
48	nan	0.147
49	nan	0.18
50	nan	0.105
51	nan	0.112
52	nan	0.114
53	nan	0.253
54	nan	0.155
55	nan	0.098
56	nan	0.12
57	0.418	0.081
58	0.379	0.069
59	0.403	0.077
60	0.2	0.072
61	0.175	0.051
62	0.267	0.071
63	0.182	0.079
64	0.119	0.057
65	nan	0.066
66	0.176	0.126
67	0.22	0.106
68	0.125	0.12
69	0.071	0.06
70	0.067	0.055
71	0.044	0.042
72	0.044	0.031
73	0.039	0.026
74	0.049	0.03
75	0.081	0.029
76	0.098	0.039
77	0.067	nan
78	0.053	0.035
79	0.062	0.042
80	0.071	0.042
81	0.107	0.043
82	0.097	nan
83	0.093	nan
84	nan	0.037
85	nan	0.048
86	nan	0.039
87	nan	0.041
88	nan	0.058
89	nan	0.094
90	nan	0.177
91	nan	0.4
92	nan	0.3
93	nan	0.34
94	nan	0.27
95	nan	0.119
96	nan	0.059
97	nan	0.057
98	nan	0.099
99	nan	0.136
100	0.118	0.095
101	0.234	0.134
102	nan	0.142
103	0.414	0.192
104	0.543	0.224
105	0.677	nan
106	0.421	0.134
107	0.232	0.224
108	0.239	0.179
109	0.167	nan
110	0.244	0.079
111	0.15	0.062
112	0.075	0.059
113	0.106	0.053
114	0.14	0.059
115	0.093	0.042
116	0.091	0.04
117	0.155	0.066
118	0.152	0.053
119	0.09	0.039
120	0.128	0.06
121	0.256	0.119
122	0.249	0.122
123	0.22	0.113
124	0.076	0.057
125	0.084	0.042
126	0.057	0.03
127	0.043	0.023
128	0.044	0.028
129	0.046	0.032
130	0.045	0.038
131	nan	0.052
132	0.045	0.078
133	0.058	0.074
134	0.109	0.059
135	0.215	0.081
136	0.362	0.091
137	0.349	0.15
138	0.187	nan
139	0.261	nan
140	0.585	nan
141	0.606	nan
142	0.316	0.421
143	0.452	0.171
144	0.676	0.154
145	0.494	0.249
146	nan	0.357
147	nan	0.807
148	0.421	0.271
149	0.4	0.185
150	0.549	0.283
151	0.499	0.213
152	0.226	0.108
153	0.207	0.119
154	0.252	0.139
155	0.185	0.12
156	0.12	0.1
157	0.132	0.094
158	0.137	0.098
159	0.094	0.08
160	0.068	0.074
161	0.095	0.084
162	0.122	0.102
163	0.101	0.088
164	0.073	0.081
165	0.12	0.127
166	0.196	0.139
167	0.167	0.123
168	0.153	nan
169	0.185	0.161
170	nan	0.055
171	nan	0.036
172	nan	0.051
173	nan	0.14
174	nan	0.074
175	0.17	0.078
176	0.1	0.055
177	0.075	0.045
178	0.045	0.045
179	0.033	0.039
180	0.021	0.048
181	0.027	0.055
182	0.036	0.107
183	0.049	nan
184	0.087	nan
185	0.148	0.234
186	0.126	0.294
187	0.222	0.42
188	0.443	0.668
189	0.831	3.26
190	0.644	nan
191	0.592	nan
192	0.159	nan
193	0.257	3.495
194	0.223	0.599
195	0.244	0.511
196	0.407	0.662
197	0.296	0.311
198	0.3	0.545
199	0.188	nan
200	0.189	nan
201	0.3	nan
202	0.281	nan
203	0.338	nan
204	0.351	0.316
205	0.335	nan
206	0.155	0.239
207	0.125	0.217
208	0.137	0.271
209	0.12	0.207
210	0.068	0.126
211	0.058	0.132
212	0.094	0.16
213	0.097	0.123
214	0.069	0.089
215	0.104	0.109
216	0.163	0.168
217	0.118	0.135
218	0.16	0.118
219	0.189	0.129
220	0.188	0.225
221	0.11	0.078
222	0.063	0.054
223	0.032	0.043
224	0.029	0.036
225	0.03	0.066
226	0.039	nan
227	0.079	nan
228	0.067	nan
229	0.112	nan
230	0.08	nan
231	nan	0.095
232	nan	0.1
233	nan	0.142
234	nan	0.076
235	nan	0.043
236	nan	0.037
237	nan	0.043
238	nan	0.054
239	nan	0.03
240	nan	0.062
241	nan	0.155
242	nan	0.095
243	nan	0.089
244	nan	0.04
245	nan	0.057
246	0.105	0.051
247	0.125	0.051
248	0.149	0.111
249	0.426	0.06
250	0.213	0.039
251	0.161	0.036
252	0.093	0.042
253	0.071	nan
254	0.106	nan
255	nan	0.038
256	nan	0.051
257	nan	0.1
258	nan	0.118
259	nan	0.278
260	nan	0.227
261	nan	0.13
262	nan	0.135
263	nan	0.364
264	nan	0.464
265	nan	0.229
266	0.117	0.146
267	0.1	0.13
268	0.118	0.123
269	0.168	0.073
270	0.149	0.038
271	0.115	0.041
272	0.157	0.041
273	0.189	0.045
274	0.129	nan
275	0.183	nan
276	0.45	nan
277	nan	0.075
278	0.563	0.205
279	0.409	0.263
280	nan	0.071
281	0.174	0.11
282	0.136	0.085
283	0.105	0.053
284	0.054	0.041
285	0.045	0.031
286	0.031	0.029
287	0.032	0.036
288	0.037	0.03
289	0.037	0.04
290	0.062	0.059
291	0.086	0.038
292	nan	0.068
293	0.12	0.095
294	0.265	nan
295	nan	0.202
296	nan	0.135
297	nan	0.073
298	nan	0.045
299	nan	0.057
300	nan	0.161
301	0.704	0.563
302	1.336	0.929
303	0.408	0.359
304	0.349	0.415
305	nan	0.098
306	0.29	0.188
307	0.287	0.169
308	nan	0.151
309	0.292	0.173
310	0.158	0.127
311	0.096	0.085
312	0.116	0.091
313	0.126	0.091
314	0.096	0.067
315	0.086	0.057
316	0.108	0.05
317	0.126	0.038
318	0.095	0.027
319	0.078	0.026
320	0.175	0.029
321	0.189	0.029
322	0.184	0.033
323	0.097	0.031
324	0.061	0.033
325	0.046	0.033
326	0.055	0.03
327	0.042	0.035
328	0.035	0.031
329	0.038	0.044
330	0.048	0.032
331	0.09	0.049
332	0.066	0.063
333	0.103	0.102
334	0.126	0.076
335	0.082	0.049
336	0.076	nan
337	0.06	nan
338	0.098	nan
339	0.108	nan
340	nan	0.075
341	nan	0.071
342	0.078	0.132
343	0.07	0.201
344	0.094	0.167
345	0.096	0.087
346	0.084	0.099
347	0.095	0.137
348	0.09	0.104
349	0.085	0.089
350	0.132	0.096
351	0.163	0.115
352	0.117	0.107
353	0.227	0.112
354	0.098	nan
355	0.057	nan
356	0.075	nan
357	0.083	nan
358	0.05	nan
359	0.041	nan
360	0.044	nan
361	0.049	nan
362	0.06	nan
363	0.096	nan
364	0.069	nan
365	0.085	nan
366	0.147	nan
367	0.155	nan
368	0.136	nan
369	0.516	nan
370	0.317	nan
371	0.162	nan
372	0.403	nan
373	0.194	nan
374	0.105	nan
375	0.058	nan
376	0.062	nan
377	0.08	nan
378	0.086	nan
379	0.119	nan
380	0.242	nan
381	0.373	nan
382	0.184	nan
383	0.173	nan
384	0.11	nan
385	0.079	nan
386	0.046	nan
387	0.049	nan
388	0.057	nan
389	0.058	0.144
390	0.059	0.151
391	0.061	0.161
392	0.064	0.215
393	0.071	0.185
394	0.067	0.138
395	0.084	0.215
396	0.132	0.533
397	0.228	0.374
398	0.227	nan
399	0.486	nan
400	nan	0.127
401	nan	0.118
402	nan	0.081
403	nan	0.14
404	1.887	0.167
405	1.984	0.141
406	1.974	0.148
407	0.775	0.133
408	nan	0.173
409	nan	0.201
410	nan	0.264
411	nan	0.17
412	nan	0.253
413	nan	0.532
414	nan	0.594
415	nan	0.724
416	nan	0.15
417	nan	0.154
418	nan	0.107
419	nan	0.12
420	nan	0.088
421	nan	0.06
422	nan	0.088
423	nan	0.198
424	0.659	0.469
425	0.973	0.498
426	0.337	0.623
427	0.214	0.832
428	0.229	0.268
429	0.181	0.091
430	0.119	0.065
431	0.139	0.116
432	0.127	0.139
433	0.256	0.259
434	0.364	0.404
435	0.383	0.856
436	0.345	0.341
437	0.226	0.193
438	0.124	0.154
439	0.094	0.12
440	0.14	nan
441	0.163	nan
442	0.46	nan
443	0.961	nan
444	0.582	nan
445	0.772	nan
446	0.917	nan
447	0.856	nan
448	0.499	nan
449	0.44	nan
450	0.33	0.102
451	0.15	0.104
452	0.133	nan
453	0.129	0.107
454	0.131	0.137
455	0.253	0.156
456	0.502	0.546
457	0.57	nan
458	1.749	nan
459	1.433	nan
460	0.96	nan
461	0.392	nan
462	0.269	0.779
463	0.161	0.277
464	0.152	0.347
465	0.102	0.223
466	0.139	0.118
467	0.117	0.122
468	0.138	0.074
469	0.107	nan
470	nan	0.054
471	0.101	0.056
472	0.062	0.045
473	0.065	0.042
474	0.056	0.04
475	0.101	0.091
476	0.158	0.057
477	0.516	0.129
478	0.613	0.128
479	0.656	0.065
480	0.187	0.061
481	0.088	0.086
482	0.061	0.054
483	0.091	0.052
484	0.126	0.065
485	0.357	nan
486	0.484	nan
487	0.46	nan
488	0.638	nan
489	0.428	nan
490	0.393	nan
491	0.251	nan
492	0.175	0.108
493	0.089	0.124
494	0.101	0.096
495	0.106	0.106
496	nan	0.121
497	0.237	0.283
498	nan	0.819
499	0.402	4.525
500	0.362	2.806
501	0.885	1.452
502	0.393	0.513
503	0.361	0.586
504	0.134	0.276
505	0.115	0.151
506	0.071	nan
507	0.051	nan
508	nan	0.166
509	nan	0.153
510	nan	0.184
511	0.042	0.051
512	0.059	0.045
513	0.089	0.039
514	0.141	0.037
515	0.263	0.036
516	0.321	nan
517	0.141	nan
518	0.104	0.032
519	0.063	0.028
520	0.067	0.038
521	0.048	0.084
522	0.072	0.114
523	0.129	0.169
524	0.201	0.43
525	0.155	0.223
526	0.132	0.368
527	0.074	0.236
528	0.067	0.267
529	0.112	nan
530	0.133	nan
531	0.309	nan
532	0.844	nan
533	0.489	nan
534	0.503	nan
535	0.561	nan
536	0.73	nan
537	0.484	nan
538	0.424	0.233
539	0.274	0.148
540	0.174	0.118
541	0.108	0.101
542	0.108	0.074
543	0.102	0.09
544	0.204	0.066
545	0.38	0.098
546	0.39	0.093
547	0.801	0.089
548	0.616	0.143
549	nan	0.171
550	nan	0.226
551	nan	0.111
552	nan	0.073
553	nan	0.045
554	0.553	0.053
555	0.304	nan
556	0.208	0.061
557	nan	0.055
558	0.121	0.082
559	0.114	0.058
560	0.132	0.08
561	0.231	0.124
562	0.264	0.257
563	0.487	0.708
