index	1v6x_A_1	6orh_A
1	78674.641	nan
2	97389.773	nan
3	nan	27963.242
4	nan	63720.264
5	nan	52871.813
6	nan	92457.933
7	nan	95322.484
8	nan	139406.406
9	nan	120122.436
10	nan	114185.764
11	85535.397	130764.915
12	114479.736	nan
13	147127.586	102765.805
14	187644.737	76638.741
15	142387.576	111484.559
16	168482.094	129685.228
17	178642.521	120401.214
18	139141.718	109675.788
19	91580.879	113834.627
20	101908.544	138780.831
21	99145.392	108146.745
22	nan	98786.949
23	112321.872	124630.078
24	131625.549	139948.425
25	146753.79	179790.402
26	217295.551	180747.296
27	167420.138	135340.952
28	178114.503	150335.385
29	151082.551	130967.634
30	142531.066	133466.152
31	nan	196431.321
32	120672.665	157189.011
33	87009.3	143669.465
34	91198.659	155668.454
35	103582.827	111088.886
36	84166.044	90413.715
37	nan	98906.853
38	nan	91252.038
39	nan	87086.465
40	nan	80283.759
41	nan	141315.941
42	nan	96270.721
43	nan	136659.304
44	nan	69907.292
45	nan	100060.193
46	nan	86443.114
47	nan	130190.008
48	nan	89472.542
49	nan	88306.429
50	nan	128239.565
51	nan	119898.25
52	nan	131710.398
53	nan	92010.424
54	nan	77136.37
55	nan	109147.418
56	nan	95199.157
57	76304.244	148074.785
58	77378.504	101017.195
59	99397.822	102165.958
60	109307.305	119041.879
61	119767.922	165058.459
62	92246.114	100043.481
63	111633.272	124423.226
64	157116.565	147046.357
65	nan	122707.926
66	126405.056	89810.917
67	87171.168	121312.622
68	127038.199	132987.042
69	146601.053	122451.804
70	154547.934	124140.462
71	154847.967	152747.031
72	183431.733	168071.322
73	168824.902	157838.106
74	195164.178	157876.864
75	121081.48	155786.714
76	114249.404	159162.522
77	137717.196	nan
78	155601.673	150493.598
79	140155.47	141671.608
80	158950.596	138315.413
81	124095.731	147696.552
82	144500.898	nan
83	154900.513	nan
84	nan	184217.817
85	nan	139914.735
86	nan	157677.09
87	nan	150949.629
88	nan	125108.926
89	nan	127004.464
90	nan	114560.957
91	nan	82591.45
92	nan	79132.201
93	nan	97894.799
94	nan	84870.45
95	nan	104864.086
96	nan	165020.127
97	nan	169371.692
98	nan	121668.797
99	nan	116410.379
100	135893.673	148464.859
101	114269.343	112753.37
102	nan	113090.17
103	83663.933	88750.287
104	82123.397	69409.289
105	92741.521	nan
106	72981.824	129370.745
107	100993.722	76155.141
108	103490.768	145768.014
109	101389.254	nan
110	86472.869	114715.223
111	120757.796	132127.026
112	165784.799	144369.673
113	106763.591	123248.142
114	95793.762	114554.22
115	157391.647	159940.73
116	123045.471	177384.198
117	102833.442	118898.244
118	92359.114	154583.751
119	168828.68	184856.015
120	107076.294	137884.28
121	74167.716	86512.4
122	92402.859	100218.34
123	113378.533	101902.915
124	123295.006	138925.939
125	118578.008	148992.258
126	155086.008	159764.366
127	133035.128	201339.597
128	185355.675	162147.485
129	134549.774	123725.677
130	159536.673	139578.888
131	nan	151688.722
132	156065.011	141790.982
133	183128.838	115447.384
134	105141.456	146327.598
135	100393.313	156243.778
136	87786.76	107179.677
137	82581.103	123629.485
138	116286.677	nan
139	112592.907	nan
140	90628.401	nan
141	71574.096	nan
142	120609.292	75926.015
143	93451.352	109621.465
144	74356.419	119936.854
145	92354.18	106080.209
146	nan	97275.761
147	nan	68763.895
148	103598.135	90700.973
149	116439.049	117397.178
150	88117.702	104578.351
151	91554.808	98404.617
152	131394.2	122511.319
153	119213.26	128382.888
154	96870.26	112374.555
155	137504.601	103226.613
156	133495.259	121417.272
157	132732.123	120844.715
158	114972.351	115601.348
159	137157.598	116650.071
160	162602.806	136134.722
161	124547.947	111569.489
162	137124.069	105213.919
163	146741.193	136596.175
164	140936.979	142329.624
165	121922.427	113840.837
166	82847.502	94577.744
167	103185.191	94453.093
168	103516.679	nan
169	112218.539	101495.01
170	nan	124890.957
171	nan	204835.972
172	nan	146068.568
173	nan	122591.111
174	nan	141078.759
175	85445.73	117171.555
176	131849.148	140287.226
177	137388.402	169329.129
178	136072.799	145414.232
179	138701.967	157411.761
180	171112.439	115271.339
181	182020.012	120540.019
182	159592.261	104782.761
183	137714.941	nan
184	113598.496	nan
185	153293.558	127306.42
186	125892.093	89290.646
187	130690.904	80543.835
188	94541.418	88700.616
189	68972.034	42537.09
190	99333.655	nan
191	83051.389	nan
192	147676.788	nan
193	131101.919	57310.194
194	102571.444	98107.702
195	96893.066	87476.918
196	77867.777	77170.539
197	105065.748	115078.665
198	110473.89	80033.44
199	142184.386	nan
200	120496.9	nan
201	88345.351	nan
202	118331.542	nan
203	109655.55	nan
204	80135.392	85024.068
205	81875.936	nan
206	105502.154	83927.297
207	133288.208	86745.773
208	108485.369	73060.783
209	113074.191	85922.489
210	169655.441	105552.529
211	137044.369	111447.194
212	105694.778	89353.672
213	131836.742	120212.374
214	180299.972	139730.35
215	107995.863	97231.442
216	105233.763	82427.095
217	140340.645	106191.418
218	125436.366	116114.164
219	98272.451	106734.626
220	100571.672	94688.616
221	150860.003	140302.789
222	121098.372	143716.46
223	161283.29	146507.183
224	175268.353	129478.651
225	137768.888	151728.171
226	152020.19	nan
227	140362.318	nan
228	102411.276	nan
229	125988.14	nan
230	150988.938	nan
231	nan	134291.689
232	nan	110825.401
233	nan	154340.302
234	nan	129567.905
235	nan	153225.321
236	nan	157478.677
237	nan	149314.817
238	nan	134269.488
239	nan	167421.109
240	nan	163330.594
241	nan	94696.994
242	nan	97409.983
243	nan	91368.891
244	nan	186826.088
245	nan	118912.442
246	144502.568	190721.6
247	127454.305	161195.438
248	94169.203	112061.583
249	78296.6	135283.729
250	86706.243	168139.962
251	136365.008	139165.994
252	137145.848	168768.156
253	156305.468	nan
254	109754.078	nan
255	nan	163508.799
256	nan	169833.992
257	nan	119336.687
258	nan	120512.497
259	nan	73430.519
260	nan	91314.278
261	nan	122852.75
262	nan	124761.681
263	nan	88820.362
264	nan	65080.46
265	nan	128526.449
266	147640.459	79426.532
267	141733.658	98979.92
268	111559.981	99566.022
269	95732.541	113244.039
270	98730.466	168172.328
271	138414.416	154888.911
272	97389.195	138219.5
273	92694.959	195252.038
274	109842.757	nan
275	108695.817	nan
276	74181.349	nan
277	nan	125281.126
278	59449.408	107729.371
279	92231.622	88806.116
280	nan	153950.541
281	102663.865	104886.84
282	118265.039	127777.653
283	136815.386	134726.931
284	125472.255	185488.205
285	159485.956	158611.998
286	166294.481	221340.295
287	209583.802	152401.735
288	138773.896	205254.95
289	131685.695	142527.147
290	159865.652	145605.707
291	118454.998	149855.918
292	nan	139571.455
293	119457.685	111147.75
294	106583.949	nan
295	nan	85923.937
296	nan	128595.579
297	nan	104270.694
298	nan	143735.775
299	nan	139067.428
300	nan	109794.428
301	70110.622	75396.765
302	61737.2	52999.346
303	91795.781	77169.567
304	100239.556	83458.972
305	nan	125348.761
306	98784.904	99776.23
307	90745.469	94181.46
308	nan	102960.941
309	90804.972	74186.65
310	94405.136	89722.878
311	125241.754	126609.924
312	116022.724	117062.698
313	106720.623	93003.818
314	140691.772	139696.841
315	154662.513	125307.409
316	116188.636	123583.335
317	110198.86	133290.799
318	127020.599	195902.365
319	148214.14	161778.538
320	96557.475	178395.993
321	96086.35	148847.343
322	117159.164	225910.196
323	128304.174	181168.823
324	128226.667	173780.998
325	168585.315	166867.652
326	194653.645	157662.92
327	158968.333	151049.173
328	169015.517	152030.072
329	137507.557	149830.808
330	147844.157	165266.273
331	155162.418	158060.01
332	150588.184	135778.996
333	122263.593	114097.277
334	146315.641	120033.705
335	175243.496	165606.392
336	149413.967	nan
337	163313.331	nan
338	124298.242	nan
339	134799.32	nan
340	nan	120653.004
341	nan	118768.351
342	136467.19	107322.37
343	159644.893	88005.711
344	130064.486	85200.946
345	148049.042	132037.644
346	157268.421	119065.521
347	127134.258	94035.663
348	134518.226	112355.607
349	159167.534	141065.2
350	125172.446	99279.127
351	107575.438	105033.068
352	122158.137	115651.58
353	95561.515	130187.224
354	104180.109	nan
355	160642.949	nan
356	127915.15	nan
357	206250.8	nan
358	153647.035	nan
359	172607.797	nan
360	165839.643	nan
361	120858.4	nan
362	193561.948	nan
363	160390.898	nan
364	137020.824	nan
365	151050.048	nan
366	111109.017	nan
367	120261.014	nan
368	142208.304	nan
369	68231.871	nan
370	87360.112	nan
371	118645.822	nan
372	88897.763	nan
373	101904.554	nan
374	138294.58	nan
375	170656.008	nan
376	163093.42	nan
377	153519.246	nan
378	131315.826	nan
379	122024.948	nan
380	122534.652	nan
381	69450.838	nan
382	126754.46	nan
383	116129.289	nan
384	117141.104	nan
385	143764.832	nan
386	194652.134	nan
387	190156.16	nan
388	120576.351	nan
389	147359.93	100161.359
390	176462.159	99665.871
391	165568.109	101206.939
392	152032.498	93566.779
393	140488.251	89622.594
394	162493.912	119464.416
395	152648.338	85849.538
396	120667.549	72997.569
397	112775.63	75524.88
398	129807.316	nan
399	94709.283	nan
400	nan	114565.224
401	nan	121714.403
402	nan	168539.685
403	nan	110681.652
404	61911.0	122786.555
405	57938.298	149886.376
406	58907.349	100355.461
407	85566.089	133422.165
408	nan	104731.713
409	nan	131577.692
410	nan	108723.082
411	nan	151480.124
412	nan	101157.977
413	nan	89227.459
414	nan	81840.669
415	nan	78314.139
416	nan	119525.986
417	nan	154186.246
418	nan	154255.459
419	nan	119262.278
420	nan	142253.0
421	nan	168067.894
422	nan	160131.442
423	nan	107597.117
424	93249.558	109689.772
425	70895.395	75483.746
426	110465.412	72362.395
427	126996.554	62586.314
428	143314.548	114927.761
429	120433.371	156556.232
430	131898.96	131088.287
431	129093.589	173284.843
432	195942.436	141489.83
433	114558.385	89460.223
434	131502.025	101137.399
435	127499.785	66810.374
436	131016.61	93419.947
437	120493.831	103505.489
438	161873.114	129745.922
439	157402.095	113347.189
440	153042.939	nan
441	154983.97	nan
442	112087.397	nan
443	63603.719	nan
444	104081.069	nan
445	94710.248	nan
446	93044.259	nan
447	78934.738	nan
448	92825.8	nan
449	114837.823	nan
450	114007.258	142622.703
451	121360.777	121898.713
452	157965.866	nan
453	146795.25	150261.861
454	170407.192	124971.225
455	116949.709	127718.241
456	92320.919	98735.278
457	104875.245	nan
458	68014.796	nan
459	71149.113	nan
460	95204.344	nan
461	101542.068	nan
462	133739.51	79508.469
463	142317.219	97766.194
464	131342.23	100497.204
465	121900.556	109263.172
466	141634.437	121442.462
467	115171.597	134009.472
468	123486.484	153239.162
469	117369.717	nan
470	nan	148343.07
471	147941.642	135549.654
472	188321.68	147583.311
473	139532.722	128506.187
474	149969.818	145126.453
475	131270.616	132901.01
476	154478.478	135023.032
477	85961.284	95154.953
478	100536.859	116175.552
479	81096.263	177270.135
480	127751.382	145602.448
481	166856.978	132269.324
482	157193.465	154558.518
483	153561.146	151846.374
484	178695.51	144663.321
485	114772.957	nan
486	113375.628	nan
487	102455.015	nan
488	112480.46	nan
489	95002.098	nan
490	120289.763	nan
491	127844.945	nan
492	124188.412	125823.745
493	165671.663	118488.188
494	144001.948	148705.799
495	159624.525	124355.092
496	nan	151528.434
497	114381.115	117643.084
498	nan	99803.902
499	108802.444	53374.272
500	110731.443	67532.584
501	57851.093	66638.365
502	115706.352	75899.788
503	105680.669	88735.317
504	115997.521	92816.24
505	145820.873	110322.37
506	155598.047	nan
507	157799.418	nan
508	nan	134661.05
509	nan	108121.511
510	nan	144385.844
511	137466.395	111609.134
512	138611.931	162598.925
513	139357.067	169387.317
514	123109.908	210085.335
515	119912.556	126305.159
516	82288.928	nan
517	145192.23	nan
518	145636.088	142167.408
519	137265.704	141378.584
520	154676.721	142744.286
521	197960.516	137380.089
522	155901.774	101146.714
523	117587.699	135066.612
524	138721.875	91324.973
525	148119.221	97266.78
526	138018.019	110672.005
527	161915.058	90942.713
528	156730.415	147621.243
529	158543.713	nan
530	191878.058	nan
531	123002.055	nan
532	86951.475	nan
533	121725.861	nan
534	134517.718	nan
535	117016.732	nan
536	104377.445	nan
537	94770.895	nan
538	120025.891	120664.495
539	131217.799	128565.932
540	130370.352	151073.647
541	147349.47	118327.947
542	145717.058	147015.942
543	168945.654	139736.125
544	120068.871	148872.633
545	106967.141	121405.527
546	106786.49	103025.806
547	83830.334	139114.888
548	82849.135	86756.83
549	nan	116131.15
550	nan	116895.973
551	nan	161617.402
552	nan	149073.965
553	nan	150187.852
554	113939.866	153922.743
555	115846.59	nan
556	155032.748	144634.003
557	nan	149649.773
558	160034.014	155650.093
559	128596.918	149293.223
560	116022.14	122347.299
561	118752.951	115216.819
562	102632.818	105034.367
563	92276.582	72925.206
