index	4k79_A	1ugy_A
1	2.003	nan
2	0.608	nan
3	0.583	nan
4	1.284	nan
5	0.97	0.519
6	0.429	0.821
7	0.556	0.494
8	0.509	nan
9	2.233	nan
10	3.395	nan
11	0.452	0.616
12	0.245	0.421
13	0.192	0.492
14	0.196	0.721
15	0.184	0.296
16	0.18	0.382
17	0.22	0.256
18	0.346	nan
19	0.333	0.16
20	0.32	0.192
21	0.261	0.144
22	0.389	0.297
23	0.591	0.255
24	0.958	0.24
25	1.118	0.257
26	0.505	0.127
27	0.456	0.083
28	0.45	0.177
29	0.37	0.216
30	0.331	0.485
31	0.162	0.292
32	nan	0.063
33	nan	0.068
34	nan	0.077
35	0.108	0.141
36	0.136	0.179
37	0.156	0.318
38	0.117	0.212
39	0.094	0.14
40	0.109	0.113
41	0.098	0.137
42	0.171	nan
43	0.133	nan
44	nan	0.405
45	0.153	2.28
46	0.132	2.515
47	0.365	1.672
48	0.584	0.64
49	0.505	0.547
50	0.328	0.448
51	0.344	0.409
52	0.468	nan
53	0.252	nan
54	nan	0.825
55	nan	0.42
56	nan	0.303
57	nan	0.317
58	0.228	0.156
59	0.449	0.413
60	0.202	1.32
61	0.179	2.557
62	0.131	3.722
63	0.09	0.316
64	0.072	0.452
65	0.118	0.523
66	0.129	0.653
67	0.109	0.459
68	0.086	0.43
69	0.1	0.377
70	0.071	0.426
71	nan	0.678
72	0.146	0.52
73	nan	1.061
74	nan	1.259
75	nan	0.373
76	0.086	0.414
77	0.13	0.245
78	0.142	0.327
79	0.383	0.401
80	0.547	0.318
81	0.348	0.552
82	0.253	0.418
83	0.256	0.134
84	0.235	nan
85	0.183	nan
86	0.181	nan
87	0.164	nan
88	0.114	nan
89	0.136	nan
90	nan	0.152
91	nan	0.445
92	nan	0.487
93	nan	1.145
94	nan	5.436
95	nan	4.085
96	nan	1.404
97	nan	0.385
98	0.12	0.141
99	0.078	0.086
100	nan	0.055
101	0.069	0.086
102	0.127	0.155
103	0.136	0.286
104	0.122	0.238
105	0.097	0.228
106	0.107	0.216
107	0.07	0.672
108	0.136	1.247
109	0.089	nan
110	0.165	nan
111	0.117	nan
112	0.317	2.065
113	0.511	0.543
114	0.338	0.445
115	0.253	0.519
116	0.248	0.28
117	0.223	nan
118	0.179	nan
119	0.181	0.264
120	0.148	0.11
121	0.108	0.187
122	nan	0.395
123	0.125	0.941
124	0.106	0.561
125	0.081	0.686
126	0.074	nan
127	0.133	0.925
128	0.151	1.555
129	0.13	1.342
130	0.107	1.096
131	0.119	0.759
132	0.063	0.92
133	nan	6.446
134	nan	11.471
135	0.168	1.404
136	0.077	0.431
137	0.105	0.227
138	0.119	0.165
139	0.327	0.18
140	0.449	0.28
141	0.304	0.436
142	0.275	0.542
143	0.283	nan
144	0.219	nan
145	0.191	nan
146	0.204	nan
147	0.153	nan
148	0.115	nan
149	0.148	nan
150	0.111	nan
151	0.08	nan
152	0.089	nan
153	0.135	nan
154	0.148	nan
155	0.116	nan
156	0.096	0.185
157	0.097	0.1
158	0.06	0.217
159	0.136	nan
160	0.08	nan
161	0.132	nan
162	0.088	nan
163	0.27	nan
164	0.273	nan
165	0.294	nan
166	0.275	nan
167	0.522	nan
168	0.277	nan
169	0.34	nan
170	0.5	nan
171	nan	0.146
172	0.239	0.077
173	0.188	0.082
174	0.401	0.099
175	0.161	0.331
176	0.169	nan
177	0.223	0.833
178	0.129	0.82
179	0.149	0.735
180	0.098	0.356
181	0.094	0.632
182	0.101	1.228
183	0.085	3.36
184	0.129	nan
185	0.106	nan
186	0.073	nan
187	0.133	nan
188	0.134	nan
189	0.311	nan
190	0.22	nan
191	0.288	nan
192	0.268	nan
193	0.107	nan
194	0.135	nan
195	0.196	nan
196	0.128	nan
197	0.098	nan
198	0.185	nan
199	0.201	nan
200	0.119	nan
201	0.162	nan
202	0.324	nan
203	0.298	nan
204	0.18	nan
205	0.275	nan
206	0.218	nan
207	0.091	nan
208	0.121	nan
209	0.336	nan
210	1.652	nan
211	3.625	nan
212	3.636	nan
213	0.704	nan
214	0.737	nan
215	0.36	nan
216	0.249	nan
217	0.198	nan
218	0.173	nan
219	0.175	nan
220	0.09	nan
221	0.099	nan
222	0.081	nan
223	0.262	nan
224	1.917	nan
225	0.775	nan
226	0.434	nan
227	0.34	nan
228	0.101	nan
229	0.086	nan
230	0.109	nan
231	0.26	nan
232	0.365	nan
233	1.132	nan
234	1.114	nan
235	2.177	nan
236	1.297	nan
237	0.554	nan
238	1.167	nan
239	1.482	nan
240	2.998	nan
241	1.54	nan
242	1.674	nan
243	18.93	nan
