index	4k79_A	1ugy_A
1	81826.894	nan
2	111154.124	nan
3	109111.623	nan
4	75461.17	nan
5	78543.578	108205.132
6	115573.174	78229.099
7	101626.131	101269.947
8	109878.678	nan
9	77809.71	nan
10	80200.003	nan
11	102972.121	86882.904
12	114107.983	90920.34
13	153007.558	102238.168
14	124686.597	108476.342
15	143936.373	115096.117
16	142849.701	104724.149
17	119193.402	106778.248
18	90851.904	nan
19	96123.33	169936.206
20	113233.052	141132.251
21	106078.974	119415.001
22	102132.534	120913.438
23	104032.402	126885.127
24	95558.954	124599.136
25	81525.035	138426.808
26	106090.94	164821.88
27	122457.929	139095.306
28	113705.096	130048.511
29	95705.459	96830.481
30	96627.685	72216.514
31	143918.377	119402.758
32	nan	192065.216
33	nan	175542.949
34	nan	218402.629
35	116747.823	144613.914
36	142449.016	126280.565
37	146595.493	122063.236
38	120292.997	145173.973
39	152996.205	141218.238
40	148547.693	133640.64
41	133621.217	135699.543
42	141987.987	nan
43	114128.862	nan
44	nan	103259.316
45	137208.427	64719.125
46	115679.417	80825.283
47	98391.808	75537.308
48	106151.366	92201.638
49	80452.053	85763.36
50	87855.036	86440.151
51	105720.871	130796.093
52	100940.289	nan
53	106234.594	nan
54	nan	69712.141
55	nan	82494.698
56	nan	107140.074
57	nan	115395.097
58	101748.486	143155.625
59	80111.153	73449.835
60	125861.313	71331.016
61	140169.933	71646.034
62	114526.129	86080.699
63	156158.636	99106.385
64	115725.031	93853.754
65	129165.864	95006.849
66	136697.645	100478.029
67	125970.552	82384.82
68	146992.528	99444.296
69	119681.196	96229.283
70	157519.753	107857.321
71	nan	81544.346
72	144885.838	92433.082
73	nan	86742.362
74	nan	68421.919
75	nan	101232.144
76	117730.322	108730.74
77	133208.492	131762.025
78	106819.747	107286.477
79	108456.907	111781.3
80	107927.99	122975.648
81	105674.838	128442.29
82	101044.21	180040.194
83	129626.828	127978.691
84	129763.686	nan
85	121357.521	nan
86	115815.562	nan
87	112167.678	nan
88	137432.811	nan
89	130594.627	nan
90	nan	140879.778
91	nan	147821.285
92	nan	98763.23
93	nan	99258.23
94	nan	55977.161
95	nan	60473.309
96	nan	72080.297
97	nan	108020.345
98	108570.322	152767.158
99	156360.951	173078.688
100	nan	155592.145
101	127642.165	193900.523
102	129959.741	147281.143
103	138914.958	138888.851
104	109120.746	116183.667
105	142442.085	114115.039
106	143085.659	127495.695
107	142652.784	81895.928
108	149828.562	66987.559
109	119388.074	nan
110	135562.138	nan
111	115123.64	nan
112	117222.586	69474.564
113	112320.657	93770.074
114	105967.056	87173.934
115	109158.345	125284.018
116	131449.16	110102.99
117	125139.801	nan
118	123401.639	nan
119	120339.539	112152.041
120	100058.347	186801.301
121	145364.285	130657.86
122	nan	115150.402
123	120969.709	97925.848
124	111896.788	111795.924
125	153261.994	86253.175
126	125824.025	nan
127	121390.173	96371.86
128	134565.396	76436.188
129	160216.017	82912.553
130	140497.216	84288.304
131	156185.455	88779.042
132	131686.696	89105.147
133	nan	50246.35
134	nan	55304.284
135	137255.77	102163.904
136	120563.75	108339.683
137	140394.003	128395.021
138	112040.453	137944.125
139	101295.525	164925.338
140	115503.427	112980.507
141	113710.49	106742.715
142	101620.923	142886.155
143	129416.537	nan
144	143104.366	nan
145	120593.089	nan
146	117754.818	nan
147	105590.614	nan
148	143276.145	nan
149	116830.055	nan
150	100755.713	nan
151	152275.441	nan
152	119060.026	nan
153	127320.664	nan
154	133440.259	nan
155	169601.311	nan
156	141101.987	136542.512
157	147748.689	143670.982
158	119688.931	145185.35
159	146930.481	nan
160	117039.413	nan
161	139091.87	nan
162	125168.8	nan
163	147371.537	nan
164	124285.858	nan
165	112759.84	nan
166	87189.976	nan
167	110296.349	nan
168	131700.854	nan
169	98259.422	nan
170	100502.213	nan
171	nan	101115.284
172	85738.263	139131.961
173	122828.887	174353.674
174	87635.074	141364.929
175	107797.976	102457.018
176	121873.671	nan
177	103174.138	89259.842
178	123912.629	88275.936
179	158872.165	93525.733
180	128878.861	92682.356
181	155185.413	101439.731
182	130184.39	87839.536
183	117008.748	56771.808
184	140567.575	nan
185	131521.46	nan
186	131351.983	nan
187	135089.708	nan
188	161783.4	nan
189	116998.788	nan
190	142255.235	nan
191	131804.103	nan
192	115648.715	nan
193	155962.485	nan
194	136690.005	nan
195	105825.395	nan
196	143938.979	nan
197	160817.032	nan
198	126970.884	nan
199	96860.741	nan
200	147113.637	nan
201	121061.673	nan
202	71482.699	nan
203	95449.684	nan
204	125060.152	nan
205	94194.605	nan
206	119271.122	nan
207	156517.89	nan
208	175484.395	nan
209	106100.159	nan
210	88765.817	nan
211	46139.539	nan
212	56579.472	nan
213	83002.137	nan
214	76712.576	nan
215	90442.39	nan
216	117046.869	nan
217	137210.0	nan
218	112274.37	nan
219	132358.659	nan
220	181283.088	nan
221	132987.935	nan
222	151565.891	nan
223	114056.696	nan
224	74556.868	nan
225	74416.566	nan
226	89382.177	nan
227	103908.298	nan
228	137411.599	nan
229	172864.431	nan
230	122758.631	nan
231	120770.124	nan
232	129686.348	nan
233	91555.97	nan
234	80005.942	nan
235	66980.117	nan
236	84617.734	nan
237	118757.513	nan
238	105339.737	nan
239	84843.223	nan
240	68194.663	nan
241	79968.765	nan
242	89060.611	nan
243	42737.82	nan
