index	6orh_A	7c68_A_1
1	nan	11.271
2	nan	1.227
3	16.791	0.426
4	2.041	0.218
5	1.486	0.105
6	0.315	0.082
7	0.169	0.076
8	0.199	0.091
9	0.132	nan
10	0.103	0.097
11	0.114	0.144
12	nan	0.259
13	nan	0.104
14	nan	0.345
15	nan	0.258
16	nan	0.139
17	0.177	0.153
18	0.161	0.174
19	0.111	0.154
20	0.073	0.141
21	0.076	0.167
22	0.092	0.202
23	0.074	0.206
24	0.065	0.173
25	0.094	0.288
26	0.086	0.481
27	0.055	0.309
28	nan	0.262
29	nan	0.69
30	nan	1.052
31	nan	0.947
32	nan	0.852
33	nan	0.467
34	nan	0.343
35	0.047	0.218
36	0.037	0.185
37	0.031	0.158
38	0.031	0.159
39	0.036	0.105
40	0.042	0.159
41	nan	0.197
42	nan	0.211
43	nan	0.331
44	nan	0.19
45	0.059	0.131
46	0.069	0.192
47	nan	0.249
48	0.052	0.189
49	0.053	0.153
50	0.044	0.182
51	0.086	0.219
52	0.133	0.168
53	0.136	0.2
54	0.179	nan
55	0.186	nan
56	nan	0.426
57	nan	0.436
58	nan	0.422
59	nan	0.493
60	nan	0.354
61	nan	0.134
62	nan	0.07
63	nan	0.056
64	nan	0.059
65	0.252	0.05
66	0.121	0.054
67	0.137	0.04
68	0.087	0.038
69	0.289	0.076
70	0.238	0.047
71	nan	0.039
72	0.266	0.032
73	0.135	0.036
74	0.147	0.066
75	0.18	0.064
76	0.105	0.103
77	0.112	nan
78	0.114	0.181
79	0.253	0.223
80	0.155	0.145
81	0.098	0.078
82	nan	0.099
83	nan	0.082
84	nan	0.097
85	nan	0.136
86	nan	0.153
87	0.12	0.114
88	0.081	0.105
89	0.069	0.143
90	0.077	0.229
91	0.072	0.207
92	0.051	nan
93	nan	0.21
94	nan	0.249
95	nan	0.286
96	nan	0.4
97	nan	0.193
98	nan	0.128
99	0.071	0.224
100	0.079	0.196
101	0.057	0.178
102	0.066	0.09
103	0.126	0.086
104	0.106	0.097
105	0.12	0.058
106	0.06	nan
107	0.055	nan
108	nan	0.048
109	nan	0.059
110	nan	0.055
111	nan	0.223
112	nan	2.337
113	nan	0.603
114	nan	2.688
115	nan	0.332
116	nan	0.069
117	nan	0.041
118	nan	0.037
119	nan	0.039
120	nan	0.04
121	0.042	0.032
122	0.031	0.028
123	0.026	0.039
124	0.03	0.066
125	0.029	0.052
126	0.039	0.049
127	0.035	nan
128	0.042	nan
129	0.042	0.057
130	0.043	0.048
131	0.037	0.052
132	0.048	0.066
133	0.039	0.05
134	0.041	0.08
135	0.058	0.134
136	0.094	nan
137	nan	0.089
138	nan	0.093
139	nan	0.162
140	nan	0.182
141	nan	0.143
142	nan	0.23
143	nan	0.171
144	nan	0.254
145	nan	0.189
146	nan	0.271
147	nan	0.159
148	0.177	0.068
149	0.4	0.083
150	0.3	0.108
151	0.34	0.079
152	0.27	0.143
153	nan	0.178
154	nan	0.082
155	nan	0.071
156	nan	0.122
157	nan	0.138
158	nan	0.088
159	nan	0.08
160	0.119	0.116
161	0.059	0.104
162	0.057	0.069
163	0.099	0.121
164	nan	0.232
165	nan	0.247
166	nan	0.741
167	nan	0.357
168	0.136	0.257
169	0.095	0.214
170	0.134	0.726
171	0.142	0.958
172	0.192	0.64
173	0.224	0.513
174	0.134	0.509
175	0.224	nan
176	nan	0.231
177	nan	0.085
178	nan	0.066
179	nan	0.046
180	nan	0.041
181	nan	0.053
182	nan	0.082
183	nan	0.045
184	nan	0.045
185	nan	0.071
186	0.179	0.106
187	0.079	0.083
188	0.062	0.087
189	0.059	0.059
190	0.053	0.048
191	0.059	0.05
192	0.042	0.06
193	0.04	0.075
194	0.066	0.069
195	0.053	0.051
196	0.039	0.047
197	0.06	0.032
198	0.119	0.028
199	0.122	0.036
200	0.113	0.043
201	nan	0.053
202	nan	0.091
203	0.057	0.049
204	0.042	0.108
205	0.03	0.095
206	0.023	0.108
207	0.028	0.348
208	0.032	0.724
209	0.038	2.383
210	0.052	nan
211	0.078	nan
212	0.074	nan
213	0.059	nan
214	0.081	nan
215	nan	9.907
216	nan	4.483
217	nan	1.496
218	nan	0.251
219	0.091	0.192
220	0.15	0.117
221	0.421	0.071
222	0.171	0.068
223	0.154	0.096
224	0.249	nan
225	0.357	nan
226	0.807	nan
227	0.271	nan
228	0.185	nan
229	0.283	0.099
230	0.213	0.133
231	0.108	0.07
232	0.119	0.037
233	0.139	0.062
234	0.12	0.062
235	0.1	0.036
236	0.094	0.049
237	0.098	0.075
238	0.08	0.098
239	0.074	0.093
240	0.084	0.09
241	0.102	0.092
242	0.088	0.099
243	0.081	0.063
244	0.127	0.104
245	0.139	0.158
246	0.123	0.127
247	0.161	nan
248	0.055	nan
249	0.036	nan
250	0.051	nan
251	0.14	nan
252	0.074	nan
253	0.078	nan
254	0.055	nan
255	0.045	nan
256	0.045	nan
257	0.039	nan
258	0.048	nan
259	0.055	nan
260	0.107	nan
261	0.234	nan
262	0.294	nan
263	0.42	nan
264	0.668	nan
265	3.26	nan
266	3.495	nan
267	0.599	nan
268	0.511	nan
269	0.662	nan
270	0.311	nan
271	0.545	nan
272	0.316	nan
273	0.239	nan
274	nan	0.079
275	nan	0.063
276	0.217	0.124
277	0.271	0.161
278	0.207	0.176
279	0.126	0.07
280	0.132	0.069
281	0.16	0.107
282	0.123	0.079
283	nan	0.07
284	0.089	0.102
285	0.109	0.191
286	0.168	0.115
287	0.135	0.074
288	0.118	0.102
289	0.129	0.109
290	0.225	nan
291	0.078	nan
292	0.054	nan
293	0.043	nan
294	0.036	nan
295	nan	0.079
296	0.066	0.058
297	0.095	0.097
298	0.1	0.131
299	0.142	0.102
300	0.076	0.07
301	0.043	0.044
302	nan	0.044
303	0.037	0.052
304	0.043	0.079
305	0.054	0.055
306	0.03	0.105
307	0.062	nan
308	0.155	nan
309	0.095	nan
310	0.089	nan
311	0.04	nan
312	0.057	nan
313	0.051	nan
314	0.051	nan
315	0.111	nan
316	0.06	nan
317	0.039	nan
318	0.036	nan
319	0.042	nan
320	0.038	nan
321	0.051	nan
322	nan	0.08
323	nan	0.063
324	0.1	0.051
325	0.118	0.093
326	0.278	0.113
327	0.227	0.086
328	0.13	nan
329	0.135	0.08
330	0.364	0.087
331	0.464	0.192
332	0.229	0.211
333	0.146	0.28
334	0.13	0.323
335	0.123	1.417
336	0.073	0.672
337	0.038	0.241
338	0.041	nan
339	0.041	nan
340	0.045	nan
341	nan	0.104
342	0.075	0.102
343	0.205	0.116
344	0.263	0.311
345	0.071	0.15
346	0.11	0.17
347	0.085	0.092
348	0.053	0.106
349	0.041	0.203
350	0.031	0.101
351	0.029	0.127
352	nan	0.083
353	0.036	0.07
354	0.03	0.089
355	0.04	0.072
356	0.059	0.096
357	nan	0.106
358	0.038	0.082
359	0.068	0.08
360	0.095	0.26
361	0.202	0.161
362	0.135	0.134
363	0.073	0.086
364	0.045	0.067
365	nan	0.044
366	nan	0.048
367	nan	0.041
368	nan	0.114
369	nan	0.057
370	nan	0.03
371	nan	0.028
372	nan	0.033
373	nan	0.055
374	0.057	0.048
375	0.161	0.065
376	0.563	0.099
377	0.929	0.186
378	0.359	0.155
379	0.415	0.738
380	0.098	0.253
381	0.188	nan
382	nan	0.192
383	nan	0.28
384	nan	0.184
385	nan	0.089
386	nan	0.093
387	nan	0.124
388	nan	0.095
389	nan	0.067
390	nan	0.07
391	nan	0.078
392	nan	0.074
393	nan	0.061
394	nan	0.079
395	nan	0.109
396	nan	0.171
397	nan	0.072
398	0.169	0.048
399	0.151	0.065
400	0.173	0.079
401	0.127	0.069
402	0.085	0.048
403	0.091	0.075
404	0.091	0.1
405	0.067	0.074
406	0.057	0.041
407	nan	0.057
408	nan	0.046
409	nan	0.038
410	nan	0.039
411	nan	0.063
412	nan	0.14
413	nan	0.225
414	nan	0.106
415	nan	0.168
416	nan	0.372
417	0.05	0.342
418	0.038	0.29
419	0.027	0.378
420	0.026	0.174
421	0.029	0.269
422	0.029	0.446
423	0.033	0.245
424	0.031	nan
425	nan	0.237
426	nan	0.172
427	nan	0.095
428	nan	0.101
429	nan	0.097
430	nan	0.083
431	nan	0.125
432	nan	0.153
433	nan	0.095
434	nan	0.095
435	0.033	0.182
436	0.033	0.101
437	0.03	0.06
438	0.035	0.094
439	0.031	0.153
440	0.044	0.216
441	0.032	0.208
442	0.049	0.072
443	0.063	0.08
444	nan	0.049
445	nan	0.072
446	nan	0.058
447	nan	0.087
448	nan	0.069
449	nan	0.055
450	nan	0.075
451	nan	0.097
452	nan	0.068
453	nan	0.052
454	nan	0.05
455	nan	0.067
456	nan	0.075
457	nan	0.064
458	nan	0.064
459	nan	0.083
460	nan	0.076
461	nan	0.067
462	nan	0.103
463	nan	0.099
464	nan	0.098
465	0.102	0.195
466	0.076	0.362
467	0.049	0.44
468	0.075	0.342
469	0.071	0.224
470	nan	0.325
471	0.132	0.306
472	0.201	0.317
473	0.167	0.202
474	0.087	0.112
475	0.099	0.12
476	0.137	0.158
477	0.104	0.105
478	0.089	0.066
479	0.096	0.096
480	0.115	0.128
481	0.107	0.085
482	0.112	0.072
483	0.144	0.138
484	0.151	0.138
485	0.161	0.071
486	0.215	0.088
487	0.185	0.138
488	0.138	0.096
489	0.215	0.109
490	0.533	0.397
491	0.374	0.723
492	0.127	nan
493	0.118	nan
494	0.081	nan
495	0.14	nan
496	0.167	nan
497	0.141	nan
498	0.148	nan
499	0.133	nan
500	0.173	nan
501	0.201	nan
502	0.264	nan
503	0.17	nan
504	0.253	nan
505	0.532	nan
506	0.594	nan
507	0.724	nan
508	0.15	nan
509	0.154	nan
510	0.107	nan
511	0.12	nan
512	0.088	nan
513	0.06	nan
514	0.088	nan
515	0.198	nan
516	0.469	nan
517	0.498	nan
518	0.623	nan
519	0.832	nan
520	0.268	nan
521	0.091	nan
522	0.065	nan
523	0.116	nan
524	0.139	nan
525	0.259	nan
526	0.404	nan
527	0.856	nan
528	0.341	nan
529	0.193	nan
530	0.154	nan
531	0.12	nan
532	0.102	nan
533	0.104	nan
534	0.107	nan
535	0.137	nan
536	0.156	nan
537	0.546	nan
538	0.779	nan
539	0.277	nan
540	0.347	nan
541	0.223	nan
542	0.118	nan
543	0.122	nan
544	0.074	nan
545	0.054	nan
546	0.056	nan
547	0.045	nan
548	0.042	nan
549	0.04	nan
550	0.091	nan
551	0.057	nan
552	0.129	nan
553	0.128	nan
554	0.065	nan
555	0.061	nan
556	0.086	nan
557	0.054	nan
558	0.052	nan
559	0.065	nan
560	0.108	nan
561	0.124	nan
562	0.096	nan
563	0.106	nan
564	0.121	nan
565	0.283	nan
566	0.819	nan
567	4.525	nan
568	2.806	nan
569	1.452	nan
570	0.513	nan
571	0.586	nan
572	0.276	nan
573	0.151	nan
574	0.166	nan
575	0.153	nan
576	0.184	nan
577	0.051	nan
578	0.045	nan
579	0.039	nan
580	0.037	nan
581	0.036	nan
582	0.032	nan
583	0.028	nan
584	0.038	nan
585	0.084	nan
586	0.114	nan
587	0.169	nan
588	0.43	nan
589	0.223	nan
590	0.368	nan
591	0.236	nan
592	0.267	nan
593	0.233	nan
594	0.148	nan
595	0.118	nan
596	0.101	nan
597	0.074	nan
598	0.09	nan
599	0.066	nan
600	0.098	nan
601	0.093	nan
602	0.089	nan
603	0.143	nan
604	0.171	nan
605	0.226	nan
606	0.111	nan
607	0.073	nan
608	0.045	nan
609	0.053	nan
610	0.061	nan
611	0.055	nan
612	0.082	nan
613	0.058	nan
614	0.08	nan
615	0.124	nan
616	0.257	nan
617	0.708	nan
