index	6orh_A	7c68_A_1
1	nan	35646.125
2	nan	68221.245
3	27963.242	99769.861
4	63720.264	128134.42
5	52871.813	116415.238
6	92457.933	150801.811
7	95322.484	118447.582
8	139406.406	140073.861
9	120122.436	nan
10	114185.764	119395.316
11	130764.915	115596.378
12	nan	118257.902
13	nan	135204.77
14	nan	125723.121
15	nan	96812.641
16	nan	123137.262
17	102765.805	126817.132
18	76638.741	86134.639
19	111484.559	116314.824
20	129685.228	121949.587
21	120401.214	105334.364
22	109675.788	102316.402
23	113834.627	111209.844
24	138780.831	125937.199
25	108146.745	108720.665
26	98786.949	88670.016
27	124630.078	105187.192
28	nan	115590.233
29	nan	75045.097
30	nan	75007.26
31	nan	70565.627
32	nan	97495.797
33	nan	106930.893
34	nan	93497.665
35	139948.425	127264.127
36	179790.402	90781.966
37	180747.296	121354.682
38	135340.952	103181.732
39	150335.385	117361.401
40	130967.634	106094.6
41	nan	94588.274
42	nan	82491.967
43	nan	105865.92
44	nan	82724.186
45	133466.152	132387.124
46	196431.321	95706.459
47	nan	91623.102
48	157189.011	102449.618
49	143669.465	136502.738
50	155668.454	118494.707
51	111088.886	96953.845
52	90413.715	135891.23
53	98906.853	145400.285
54	91252.038	nan
55	87086.465	nan
56	nan	85397.306
57	nan	79223.732
58	nan	112004.186
59	nan	83716.763
60	nan	130256.026
61	nan	128996.392
62	nan	145326.491
63	nan	160712.403
64	nan	162516.058
65	80283.759	137584.71
66	141315.941	147210.849
67	96270.721	175017.611
68	136659.304	166776.935
69	69907.292	157334.008
70	100060.193	137481.02
71	nan	190473.104
72	86443.114	199301.255
73	130190.008	180081.087
74	89472.542	151553.072
75	88306.429	165909.811
76	128239.565	134286.928
77	119898.25	nan
78	131710.398	93671.72
79	92010.424	108245.824
80	77136.37	126523.745
81	109147.418	144977.641
82	nan	122122.393
83	nan	119348.369
84	nan	146498.967
85	nan	112012.22
86	nan	89089.543
87	95199.157	141003.249
88	148074.785	147734.618
89	101017.195	92013.776
90	102165.958	101738.749
91	119041.879	115119.326
92	165058.459	nan
93	nan	110494.01
94	nan	124733.596
95	nan	85385.496
96	nan	70587.972
97	nan	129607.609
98	nan	107877.131
99	100043.481	95271.182
100	124423.226	80571.649
101	147046.357	122714.232
102	122707.926	151752.155
103	89810.917	113530.757
104	121312.622	112650.417
105	132987.042	176260.175
106	122451.804	nan
107	124140.462	nan
108	nan	176166.262
109	nan	143204.582
110	nan	146058.002
111	nan	94504.956
112	nan	73255.945
113	nan	94680.794
114	nan	48210.026
115	nan	88324.052
116	nan	161686.742
117	nan	168511.074
118	nan	207119.692
119	nan	186106.696
120	nan	184389.194
121	152747.031	137319.091
122	168071.322	150397.838
123	157838.106	181671.722
124	157876.864	143000.072
125	155786.714	160847.365
126	159162.522	135855.35
127	150493.598	nan
128	141671.608	nan
129	138315.413	186444.308
130	147696.552	130261.23
131	184217.817	133002.345
132	139914.735	136435.404
133	157677.09	137052.054
134	150949.629	126438.929
135	125108.926	105960.579
136	127004.464	nan
137	nan	170252.237
138	nan	146568.29
139	nan	94685.14
140	nan	111372.103
141	nan	136250.626
142	nan	107772.426
143	nan	123729.043
144	nan	92848.087
145	nan	118276.741
146	nan	90975.362
147	nan	96612.056
148	114560.957	134838.577
149	82591.45	126691.425
150	79132.201	131595.745
151	97894.799	128886.476
152	84870.45	102402.819
153	nan	82491.913
154	nan	135324.022
155	nan	123699.03
156	nan	110092.258
157	nan	116095.296
158	nan	166292.363
159	nan	136122.475
160	104864.086	127343.783
161	165020.127	107778.687
162	169371.692	159600.392
163	121668.797	117241.194
164	nan	98421.24
165	nan	117119.398
166	nan	81990.659
167	nan	100347.857
168	116410.379	99352.463
169	148464.859	124578.781
170	112753.37	81002.878
171	113090.17	68099.616
172	88750.287	87527.317
173	69409.289	67292.461
174	129370.745	96744.128
175	76155.141	nan
176	nan	111095.523
177	nan	141259.632
178	nan	170915.718
179	nan	164081.901
180	nan	146772.912
181	nan	163152.584
182	nan	157149.579
183	nan	167187.571
184	nan	206083.669
185	nan	125596.508
186	145768.014	109508.833
187	114715.223	140923.325
188	132127.026	103776.794
189	144369.673	128826.224
190	123248.142	166697.505
191	114554.22	141255.749
192	159940.73	122744.438
193	177384.198	131111.254
194	118898.244	162218.866
195	154583.751	168891.501
196	184856.015	169963.978
197	137884.28	137260.657
198	86512.4	185131.726
199	100218.34	131995.216
200	101902.915	185014.524
201	nan	160951.258
202	nan	140128.485
203	138925.939	170483.207
204	148992.258	122298.789
205	159764.366	130959.913
206	201339.597	128384.021
207	162147.485	83900.638
208	123725.677	76046.108
209	139578.888	70968.97
210	151688.722	nan
211	141790.982	nan
212	115447.384	nan
213	146327.598	nan
214	156243.778	nan
215	nan	48444.198
216	nan	54949.667
217	nan	65553.584
218	nan	96559.591
219	107179.677	119925.134
220	123629.485	154146.599
221	75926.015	154555.65
222	109621.465	158983.465
223	119936.854	139242.864
224	106080.209	nan
225	97275.761	nan
226	68763.895	nan
227	90700.973	nan
228	117397.178	nan
229	104578.351	123898.94
230	98404.617	96615.259
231	122511.319	122086.497
232	128382.888	177097.855
233	112374.555	149519.501
234	103226.613	117860.999
235	121417.272	187127.49
236	120844.715	153131.19
237	115601.348	119755.03
238	116650.071	107019.899
239	136134.722	120493.357
240	111569.489	142768.254
241	105213.919	120251.284
242	136596.175	119488.131
243	142329.624	166607.999
244	113840.837	108533.454
245	94577.744	83119.609
246	94453.093	124344.855
247	101495.01	nan
248	124890.957	nan
249	204835.972	nan
250	146068.568	nan
251	122591.111	nan
252	141078.759	nan
253	117171.555	nan
254	140287.226	nan
255	169329.129	nan
256	145414.232	nan
257	157411.761	nan
258	115271.339	nan
259	120540.019	nan
260	104782.761	nan
261	127306.42	nan
262	89290.646	nan
263	80543.835	nan
264	88700.616	nan
265	42537.09	nan
266	57310.194	nan
267	98107.702	nan
268	87476.918	nan
269	77170.539	nan
270	115078.665	nan
271	80033.44	nan
272	85024.068	nan
273	83927.297	nan
274	nan	117189.927
275	nan	153928.688
276	86745.773	124636.847
277	73060.783	122010.113
278	85922.489	82763.738
279	105552.529	154608.479
280	111447.194	143386.102
281	89353.672	105063.932
282	120212.374	118221.993
283	nan	130282.193
284	139730.35	132580.455
285	97231.442	105998.122
286	82427.095	97680.915
287	106191.418	149596.838
288	116114.164	116883.115
289	106734.626	117798.624
290	94688.616	nan
291	140302.789	nan
292	143716.46	nan
293	146507.183	nan
294	129478.651	nan
295	nan	122816.869
296	151728.171	141317.204
297	134291.689	133685.735
298	110825.401	125749.077
299	154340.302	172091.154
300	129567.905	126104.931
301	153225.321	164136.662
302	nan	198424.257
303	157478.677	152342.437
304	149314.817	122238.819
305	134269.488	149275.711
306	167421.109	131551.081
307	163330.594	nan
308	94696.994	nan
309	97409.983	nan
310	91368.891	nan
311	186826.088	nan
312	118912.442	nan
313	190721.6	nan
314	161195.438	nan
315	112061.583	nan
316	135283.729	nan
317	168139.962	nan
318	139165.994	nan
319	168768.156	nan
320	163508.799	nan
321	169833.992	nan
322	nan	171248.977
323	nan	159763.827
324	119336.687	117640.727
325	120512.497	132942.749
326	73430.519	136306.115
327	91314.278	125721.765
328	122852.75	nan
329	124761.681	124659.443
330	88820.362	155338.693
331	65080.46	93972.692
332	128526.449	117500.99
333	79426.532	105323.788
334	98979.92	89145.581
335	99566.022	68852.463
336	113244.039	78016.369
337	168172.328	122121.684
338	154888.911	nan
339	138219.5	nan
340	195252.038	nan
341	nan	157454.241
342	125281.126	120521.85
343	107729.371	134430.44
344	88806.116	81574.354
345	153950.541	100369.411
346	104886.84	111985.789
347	127777.653	161332.761
348	134726.931	142763.181
349	185488.205	77082.004
350	158611.998	106328.895
351	221340.295	120734.272
352	nan	151924.364
353	152401.735	135050.435
354	205254.95	155855.06
355	142527.147	148593.058
356	145605.707	126342.786
357	nan	144507.509
358	149855.918	147470.34
359	139571.455	170698.984
360	111147.75	97216.454
361	85923.937	87671.27
362	128595.579	126293.021
363	104270.694	106959.703
364	143735.775	124702.188
365	nan	162589.408
366	nan	135574.209
367	nan	131792.958
368	nan	185323.37
369	nan	194270.597
370	nan	159704.483
371	nan	167947.365
372	nan	161218.119
373	nan	201907.906
374	139067.428	161127.396
375	109794.428	136865.671
376	75396.765	114700.968
377	52999.346	86574.423
378	77169.567	128011.657
379	83458.972	68597.915
380	125348.761	97928.328
381	99776.23	nan
382	nan	101585.342
383	nan	82890.633
384	nan	100163.521
385	nan	155694.727
386	nan	121875.589
387	nan	103716.0
388	nan	131000.39
389	nan	149988.395
390	nan	132864.618
391	nan	110729.257
392	nan	136726.916
393	nan	191515.942
394	nan	161981.878
395	nan	115442.295
396	nan	83917.819
397	nan	144403.067
398	94181.46	150321.067
399	102960.941	150162.491
400	74186.65	107764.438
401	89722.878	124402.317
402	126609.924	172172.724
403	117062.698	112435.077
404	93003.818	119790.126
405	139696.841	145445.94
406	125307.409	174563.369
407	nan	141294.977
408	nan	151512.358
409	nan	170046.151
410	nan	192376.07
411	nan	153709.654
412	nan	101709.284
413	nan	96319.442
414	nan	145791.91
415	nan	94969.039
416	nan	87432.269
417	123583.335	89260.699
418	133290.799	77951.358
419	195902.365	105742.291
420	161778.538	113514.282
421	178395.993	92019.868
422	148847.343	70758.97
423	225910.196	92148.632
424	181168.823	nan
425	nan	84706.128
426	nan	113092.291
427	nan	139165.447
428	nan	98502.781
429	nan	129083.051
430	nan	139827.715
431	nan	119550.317
432	nan	84521.062
433	nan	145335.071
434	nan	134669.366
435	173780.998	73470.34
436	166867.652	95426.023
437	157662.92	158984.903
438	151049.173	94592.634
439	152030.072	116656.023
440	149830.808	91468.026
441	165266.273	106744.975
442	158060.01	157492.307
443	135778.996	138407.777
444	nan	153857.366
445	nan	169127.27
446	nan	123602.204
447	nan	159486.201
448	nan	137839.478
449	nan	155039.884
450	nan	131276.065
451	nan	119340.757
452	nan	131151.723
453	nan	172520.779
454	nan	151310.649
455	nan	112546.109
456	nan	128128.644
457	nan	146919.554
458	nan	168029.954
459	nan	100902.337
460	nan	165258.795
461	nan	129851.335
462	nan	122466.461
463	nan	125377.16
464	nan	144526.187
465	114097.277	125938.573
466	120033.705	66166.973
467	165606.392	92965.423
468	120653.004	74518.164
469	118768.351	119563.868
470	nan	88840.252
471	107322.37	79867.458
472	88005.711	71151.787
473	85200.946	109350.135
474	132037.644	134292.215
475	119065.521	112434.184
476	94035.663	93552.478
477	112355.607	122589.803
478	141065.2	138017.629
479	99279.127	114423.757
480	105033.068	96108.327
481	115651.58	163708.949
482	130187.224	147805.364
483	100161.359	110421.622
484	99665.871	124675.962
485	101206.939	150858.824
486	93566.779	129585.324
487	89622.594	87808.609
488	119464.416	136311.463
489	85849.538	124025.162
490	72997.569	73271.736
491	75524.88	65358.192
492	114565.224	nan
493	121714.403	nan
494	168539.685	nan
495	110681.652	nan
496	122786.555	nan
497	149886.376	nan
498	100355.461	nan
499	133422.165	nan
500	104731.713	nan
501	131577.692	nan
502	108723.082	nan
503	151480.124	nan
504	101157.977	nan
505	89227.459	nan
506	81840.669	nan
507	78314.139	nan
508	119525.986	nan
509	154186.246	nan
510	154255.459	nan
511	119262.278	nan
512	142253.0	nan
513	168067.894	nan
514	160131.442	nan
515	107597.117	nan
516	109689.772	nan
517	75483.746	nan
518	72362.395	nan
519	62586.314	nan
520	114927.761	nan
521	156556.232	nan
522	131088.287	nan
523	173284.843	nan
524	141489.83	nan
525	89460.223	nan
526	101137.399	nan
527	66810.374	nan
528	93419.947	nan
529	103505.489	nan
530	129745.922	nan
531	113347.189	nan
532	142622.703	nan
533	121898.713	nan
534	150261.861	nan
535	124971.225	nan
536	127718.241	nan
537	98735.278	nan
538	79508.469	nan
539	97766.194	nan
540	100497.204	nan
541	109263.172	nan
542	121442.462	nan
543	134009.472	nan
544	153239.162	nan
545	148343.07	nan
546	135549.654	nan
547	147583.311	nan
548	128506.187	nan
549	145126.453	nan
550	132901.01	nan
551	135023.032	nan
552	95154.953	nan
553	116175.552	nan
554	177270.135	nan
555	145602.448	nan
556	132269.324	nan
557	154558.518	nan
558	151846.374	nan
559	144663.321	nan
560	125823.745	nan
561	118488.188	nan
562	148705.799	nan
563	124355.092	nan
564	151528.434	nan
565	117643.084	nan
566	99803.902	nan
567	53374.272	nan
568	67532.584	nan
569	66638.365	nan
570	75899.788	nan
571	88735.317	nan
572	92816.24	nan
573	110322.37	nan
574	134661.05	nan
575	108121.511	nan
576	144385.844	nan
577	111609.134	nan
578	162598.925	nan
579	169387.317	nan
580	210085.335	nan
581	126305.159	nan
582	142167.408	nan
583	141378.584	nan
584	142744.286	nan
585	137380.089	nan
586	101146.714	nan
587	135066.612	nan
588	91324.973	nan
589	97266.78	nan
590	110672.005	nan
591	90942.713	nan
592	147621.243	nan
593	120664.495	nan
594	128565.932	nan
595	151073.647	nan
596	118327.947	nan
597	147015.942	nan
598	139736.125	nan
599	148872.633	nan
600	121405.527	nan
601	103025.806	nan
602	139114.888	nan
603	86756.83	nan
604	116131.15	nan
605	116895.973	nan
606	161617.402	nan
607	149073.965	nan
608	150187.852	nan
609	153922.743	nan
610	144634.003	nan
611	149649.773	nan
612	155650.093	nan
613	149293.223	nan
614	122347.299	nan
615	115216.819	nan
616	105034.367	nan
617	72925.206	nan
