index	1uld_A_1	1v6x_A_1
1	0.029	nan
2	nan	0.652
3	nan	0.208
4	nan	0.371
5	nan	0.159
6	nan	0.079
7	nan	0.053
8	nan	0.084
9	nan	0.073
10	nan	0.057
11	nan	0.092
12	nan	0.23
13	nan	0.3
14	0.013	0.222
15	0.011	0.096
16	0.007	0.06
17	0.007	0.045
18	0.005	0.037
19	0.006	0.041
20	0.006	0.043
21	nan	0.083
22	nan	0.151
23	nan	0.202
24	nan	0.437
25	nan	0.302
26	nan	0.322
27	nan	0.747
28	nan	0.418
29	nan	0.379
30	nan	0.403
31	nan	0.2
32	nan	0.175
33	nan	0.267
34	nan	0.182
35	nan	0.119
36	nan	0.176
37	nan	0.22
38	nan	0.125
39	nan	0.071
40	nan	0.067
41	0.006	0.044
42	0.005	0.044
43	0.008	0.039
44	0.007	0.049
45	0.011	0.081
46	0.042	0.098
47	0.032	nan
48	nan	0.067
49	nan	0.053
50	nan	0.062
51	nan	0.071
52	nan	0.107
53	nan	0.097
54	nan	0.093
55	nan	0.118
56	nan	0.234
57	nan	0.414
58	nan	0.543
59	nan	0.677
60	nan	0.421
61	nan	0.232
62	nan	0.239
63	nan	0.167
64	nan	0.244
65	nan	0.15
66	nan	0.075
67	nan	0.106
68	nan	0.14
69	nan	0.093
70	nan	0.091
71	nan	0.155
72	nan	0.152
73	nan	0.09
74	nan	0.128
75	nan	0.256
76	nan	0.249
77	nan	0.22
78	nan	0.076
79	nan	0.084
80	nan	0.057
81	nan	0.043
82	nan	0.044
83	nan	0.046
84	nan	0.045
85	nan	0.045
86	nan	0.058
87	nan	0.109
88	nan	0.215
89	nan	0.362
90	nan	0.349
91	nan	0.187
92	nan	0.261
93	nan	0.585
94	nan	0.606
95	nan	0.316
96	nan	0.452
97	nan	0.676
98	nan	0.494
99	nan	0.421
100	nan	0.4
101	nan	0.549
102	nan	0.499
103	nan	0.226
104	nan	0.207
105	nan	0.252
106	nan	0.185
107	nan	0.12
108	nan	0.132
109	nan	0.137
110	nan	0.094
111	nan	0.068
112	nan	0.095
113	nan	0.122
114	nan	0.101
115	nan	0.073
116	nan	0.12
117	nan	0.196
118	nan	0.167
119	nan	0.153
120	nan	0.185
121	nan	0.17
122	nan	0.1
123	nan	0.075
124	nan	0.045
125	0.008	0.033
126	0.006	0.021
127	0.009	0.027
128	nan	0.036
129	nan	0.049
130	nan	0.087
131	nan	0.148
132	nan	0.126
133	nan	0.222
134	nan	0.443
135	nan	0.831
136	nan	0.644
137	nan	0.592
138	nan	0.159
139	nan	0.257
140	nan	0.223
141	nan	0.244
142	nan	0.407
143	nan	0.296
144	nan	0.3
145	nan	0.188
146	nan	0.189
147	nan	0.3
148	nan	0.281
149	nan	0.338
150	nan	0.351
151	nan	0.335
152	nan	0.155
153	nan	0.125
154	nan	0.137
155	nan	0.12
156	nan	0.068
157	nan	0.058
158	nan	0.094
159	nan	0.097
160	nan	0.069
161	nan	0.104
162	nan	0.163
163	nan	0.118
164	nan	0.16
165	nan	0.189
166	0.005	0.188
167	0.008	0.11
168	0.004	0.063
169	0.005	0.032
170	0.005	0.029
171	0.005	0.03
172	0.006	0.039
173	0.006	0.079
174	0.004	0.067
175	nan	0.112
176	nan	0.08
177	nan	0.105
178	nan	0.125
179	nan	0.149
180	nan	0.426
181	nan	0.213
182	nan	0.161
183	nan	0.093
184	nan	0.071
185	nan	0.106
186	nan	0.117
187	nan	0.1
188	nan	0.118
189	nan	0.168
190	nan	0.149
191	nan	0.115
192	nan	0.157
193	nan	0.189
194	nan	0.129
195	nan	0.183
196	nan	0.45
197	nan	0.563
198	nan	0.409
199	nan	0.174
200	nan	0.136
201	nan	0.105
202	nan	0.054
203	nan	0.045
204	nan	0.031
205	nan	0.032
206	nan	0.037
207	nan	0.037
208	nan	0.062
209	nan	0.086
210	nan	0.12
211	nan	0.265
212	nan	0.704
213	nan	1.336
214	0.009	0.408
215	0.007	0.349
216	0.009	0.29
217	0.01	0.287
218	0.035	0.292
219	0.04	0.158
220	0.009	0.096
221	0.008	0.116
222	nan	0.126
223	nan	0.096
224	nan	0.086
225	nan	0.108
226	nan	0.126
227	nan	0.095
228	nan	0.078
229	nan	0.175
230	nan	0.189
231	nan	0.184
232	nan	0.097
233	nan	0.061
234	nan	0.046
235	nan	0.055
236	nan	0.042
237	nan	0.035
238	nan	0.038
239	nan	0.048
240	0.006	0.09
241	0.005	0.066
242	0.008	0.103
243	0.004	nan
244	nan	0.126
245	nan	0.082
246	nan	0.076
247	nan	0.06
248	nan	0.098
249	nan	0.108
250	nan	0.078
251	nan	0.07
252	nan	0.094
253	nan	0.096
254	nan	0.084
255	nan	0.095
256	nan	0.09
257	nan	0.085
258	nan	0.132
259	nan	0.163
260	nan	0.117
261	nan	0.227
262	nan	0.098
263	nan	0.057
264	nan	0.075
265	nan	0.083
266	nan	0.05
267	nan	0.041
268	nan	0.044
269	nan	0.049
270	0.004	0.06
271	nan	0.096
272	nan	0.069
273	nan	0.085
274	nan	0.147
275	nan	0.155
276	nan	0.136
277	nan	0.516
278	nan	0.317
279	nan	0.162
280	nan	0.403
281	nan	0.194
282	nan	0.105
283	nan	0.058
284	nan	0.062
285	0.002	0.08
286	0.002	0.086
287	0.002	0.119
288	0.019	0.242
289	0.028	0.373
290	0.009	0.184
291	0.004	0.173
292	0.003	0.11
293	0.002	nan
294	0.003	nan
295	0.003	0.079
296	0.004	0.046
297	0.004	0.049
298	0.004	nan
299	0.006	nan
300	nan	0.057
301	nan	0.058
302	nan	0.059
303	nan	0.061
304	nan	0.064
305	nan	0.071
306	0.011	0.067
307	0.039	0.084
308	0.022	0.132
309	0.008	0.228
310	0.005	0.227
311	0.005	0.486
312	0.005	nan
313	0.004	nan
314	0.009	nan
315	0.004	nan
316	0.013	nan
317	0.012	nan
318	0.045	nan
319	0.466	1.887
320	0.09	1.984
321	0.261	1.974
322	0.047	0.775
323	0.06	0.659
324	0.129	0.973
325	0.026	0.337
326	0.014	0.214
327	nan	0.229
328	nan	0.181
329	nan	0.119
330	0.017	0.139
331	0.02	0.127
332	0.015	0.256
333	0.008	0.364
334	0.026	nan
335	nan	0.383
336	nan	0.345
337	nan	0.226
338	nan	0.124
339	nan	0.094
340	nan	0.14
341	0.027	0.163
342	nan	0.46
343	nan	0.961
344	0.009	0.582
345	0.01	0.772
346	0.015	0.917
347	0.015	0.856
348	0.011	0.499
349	0.008	0.44
350	0.008	0.33
351	0.013	0.15
352	0.006	0.133
353	0.007	0.129
354	0.006	0.131
355	nan	0.253
356	nan	0.502
357	nan	0.57
358	nan	1.749
359	nan	1.433
360	nan	0.96
361	nan	0.392
362	nan	0.269
363	nan	0.161
364	nan	0.152
365	nan	0.102
366	0.006	0.139
367	0.004	0.117
368	0.007	0.138
369	0.015	0.107
370	0.017	0.101
371	0.007	0.062
372	0.005	nan
373	0.005	0.065
374	0.006	0.056
375	0.009	0.101
376	0.009	0.158
377	0.009	0.516
378	nan	0.613
379	0.017	0.656
380	0.045	0.187
381	0.094	0.088
382	0.018	0.061
383	0.014	0.091
384	0.01	0.126
385	0.01	0.357
386	0.009	0.484
387	nan	0.46
388	nan	0.638
389	nan	0.428
390	nan	0.393
391	nan	0.251
392	nan	0.175
393	nan	0.089
394	nan	0.101
395	nan	0.106
396	nan	0.237
397	nan	0.402
398	0.014	0.362
399	0.015	0.885
400	0.014	0.393
401	nan	0.361
402	nan	0.134
403	nan	0.115
404	nan	0.071
405	nan	0.051
406	0.025	0.042
407	0.016	0.059
408	0.009	0.089
409	0.002	0.141
410	0.003	0.263
411	0.005	0.321
412	0.004	nan
413	nan	0.141
414	0.005	0.104
415	0.004	0.063
416	0.005	0.067
417	0.006	0.048
418	0.035	0.072
419	0.013	0.129
420	0.005	0.201
421	nan	0.155
422	nan	0.132
423	nan	0.074
424	nan	0.067
425	0.004	0.112
426	nan	0.133
427	0.007	0.309
428	0.007	0.844
429	0.008	0.489
430	0.005	0.503
431	0.007	0.561
432	0.006	0.73
433	nan	0.484
434	nan	0.424
435	nan	0.274
436	0.007	0.174
437	0.006	0.108
438	0.006	0.108
439	nan	0.102
440	0.009	0.204
441	0.012	0.38
442	0.015	0.39
443	0.051	0.801
444	nan	0.616
445	nan	0.553
446	nan	0.304
447	nan	0.208
448	nan	0.121
449	nan	0.114
450	0.218	0.132
451	1.385	nan
452	2.852	nan
453	9.716	nan
454	34.103	nan
455	49.069	nan
456	nan	0.231
457	nan	0.264
458	nan	0.487
