index	1uld_A_1	1v6x_A_1
1	72995.331	nan
2	nan	78674.641
3	nan	97389.773
4	nan	85535.397
5	nan	114479.736
6	nan	147127.586
7	nan	187644.737
8	nan	142387.576
9	nan	168482.094
10	nan	178642.521
11	nan	139141.718
12	nan	91580.879
13	nan	101908.544
14	85341.131	99145.392
15	90393.468	112321.872
16	98667.947	131625.549
17	136700.199	146753.79
18	106575.656	217295.551
19	134951.888	167420.138
20	98041.225	178114.503
21	nan	151082.551
22	nan	142531.066
23	nan	120672.665
24	nan	87009.3
25	nan	91198.659
26	nan	103582.827
27	nan	84166.044
28	nan	76304.244
29	nan	77378.504
30	nan	99397.822
31	nan	109307.305
32	nan	119767.922
33	nan	92246.114
34	nan	111633.272
35	nan	157116.565
36	nan	126405.056
37	nan	87171.168
38	nan	127038.199
39	nan	146601.053
40	nan	154547.934
41	94750.43	154847.967
42	111423.024	183431.733
43	122631.285	168824.902
44	93210.166	195164.178
45	116147.599	121081.48
46	64139.911	114249.404
47	75425.261	nan
48	nan	137717.196
49	nan	155601.673
50	nan	140155.47
51	nan	158950.596
52	nan	124095.731
53	nan	144500.898
54	nan	154900.513
55	nan	135893.673
56	nan	114269.343
57	nan	83663.933
58	nan	82123.397
59	nan	92741.521
60	nan	72981.824
61	nan	100993.722
62	nan	103490.768
63	nan	101389.254
64	nan	86472.869
65	nan	120757.796
66	nan	165784.799
67	nan	106763.591
68	nan	95793.762
69	nan	157391.647
70	nan	123045.471
71	nan	102833.442
72	nan	92359.114
73	nan	168828.68
74	nan	107076.294
75	nan	74167.716
76	nan	92402.859
77	nan	113378.533
78	nan	123295.006
79	nan	118578.008
80	nan	155086.008
81	nan	133035.128
82	nan	185355.675
83	nan	134549.774
84	nan	159536.673
85	nan	156065.011
86	nan	183128.838
87	nan	105141.456
88	nan	100393.313
89	nan	87786.76
90	nan	82581.103
91	nan	116286.677
92	nan	112592.907
93	nan	90628.401
94	nan	71574.096
95	nan	120609.292
96	nan	93451.352
97	nan	74356.419
98	nan	92354.18
99	nan	103598.135
100	nan	116439.049
101	nan	88117.702
102	nan	91554.808
103	nan	131394.2
104	nan	119213.26
105	nan	96870.26
106	nan	137504.601
107	nan	133495.259
108	nan	132732.123
109	nan	114972.351
110	nan	137157.598
111	nan	162602.806
112	nan	124547.947
113	nan	137124.069
114	nan	146741.193
115	nan	140936.979
116	nan	121922.427
117	nan	82847.502
118	nan	103185.191
119	nan	103516.679
120	nan	112218.539
121	nan	85445.73
122	nan	131849.148
123	nan	137388.402
124	nan	136072.799
125	112376.774	138701.967
126	131610.016	171112.439
127	117983.174	182020.012
128	nan	159592.261
129	nan	137714.941
130	nan	113598.496
131	nan	153293.558
132	nan	125892.093
133	nan	130690.904
134	nan	94541.418
135	nan	68972.034
136	nan	99333.655
137	nan	83051.389
138	nan	147676.788
139	nan	131101.919
140	nan	102571.444
141	nan	96893.066
142	nan	77867.777
143	nan	105065.748
144	nan	110473.89
145	nan	142184.386
146	nan	120496.9
147	nan	88345.351
148	nan	118331.542
149	nan	109655.55
150	nan	80135.392
151	nan	81875.936
152	nan	105502.154
153	nan	133288.208
154	nan	108485.369
155	nan	113074.191
156	nan	169655.441
157	nan	137044.369
158	nan	105694.778
159	nan	131836.742
160	nan	180299.972
161	nan	107995.863
162	nan	105233.763
163	nan	140340.645
164	nan	125436.366
165	nan	98272.451
166	117412.252	100571.672
167	103221.826	150860.003
168	147084.456	121098.372
169	147702.153	161283.29
170	165784.904	175268.353
171	151286.909	137768.888
172	136376.385	152020.19
173	117926.443	140362.318
174	157667.031	102411.276
175	nan	125988.14
176	nan	150988.938
177	nan	144502.568
178	nan	127454.305
179	nan	94169.203
180	nan	78296.6
181	nan	86706.243
182	nan	136365.008
183	nan	137145.848
184	nan	156305.468
185	nan	109754.078
186	nan	147640.459
187	nan	141733.658
188	nan	111559.981
189	nan	95732.541
190	nan	98730.466
191	nan	138414.416
192	nan	97389.195
193	nan	92694.959
194	nan	109842.757
195	nan	108695.817
196	nan	74181.349
197	nan	59449.408
198	nan	92231.622
199	nan	102663.865
200	nan	118265.039
201	nan	136815.386
202	nan	125472.255
203	nan	159485.956
204	nan	166294.481
205	nan	209583.802
206	nan	138773.896
207	nan	131685.695
208	nan	159865.652
209	nan	118454.998
210	nan	119457.685
211	nan	106583.949
212	nan	70110.622
213	nan	61737.2
214	109116.918	91795.781
215	130440.988	100239.556
216	109607.797	98784.904
217	103252.819	90745.469
218	90803.545	90804.972
219	62952.728	94405.136
220	132998.747	125241.754
221	139148.359	116022.724
222	nan	106720.623
223	nan	140691.772
224	nan	154662.513
225	nan	116188.636
226	nan	110198.86
227	nan	127020.599
228	nan	148214.14
229	nan	96557.475
230	nan	96086.35
231	nan	117159.164
232	nan	128304.174
233	nan	128226.667
234	nan	168585.315
235	nan	194653.645
236	nan	158968.333
237	nan	169015.517
238	nan	137507.557
239	nan	147844.157
240	130669.488	155162.418
241	150245.404	150588.184
242	139471.938	122263.593
243	126829.901	nan
244	nan	146315.641
245	nan	175243.496
246	nan	149413.967
247	nan	163313.331
248	nan	124298.242
249	nan	134799.32
250	nan	136467.19
251	nan	159644.893
252	nan	130064.486
253	nan	148049.042
254	nan	157268.421
255	nan	127134.258
256	nan	134518.226
257	nan	159167.534
258	nan	125172.446
259	nan	107575.438
260	nan	122158.137
261	nan	95561.515
262	nan	104180.109
263	nan	160642.949
264	nan	127915.15
265	nan	206250.8
266	nan	153647.035
267	nan	172607.797
268	nan	165839.643
269	nan	120858.4
270	144940.584	193561.948
271	nan	160390.898
272	nan	137020.824
273	nan	151050.048
274	nan	111109.017
275	nan	120261.014
276	nan	142208.304
277	nan	68231.871
278	nan	87360.112
279	nan	118645.822
280	nan	88897.763
281	nan	101904.554
282	nan	138294.58
283	nan	170656.008
284	nan	163093.42
285	144031.603	153519.246
286	160539.832	131315.826
287	154025.985	122024.948
288	107651.925	122534.652
289	91212.081	69450.838
290	101979.786	126754.46
291	137646.614	116129.289
292	158220.411	117141.104
293	159932.831	nan
294	153452.552	nan
295	133384.076	143764.832
296	140275.429	194652.134
297	147967.136	190156.16
298	144245.337	nan
299	120984.49	nan
300	nan	120576.351
301	nan	147359.93
302	nan	176462.159
303	nan	165568.109
304	nan	152032.498
305	nan	140488.251
306	126306.721	162493.912
307	91064.634	152648.338
308	72422.108	120667.549
309	101200.898	112775.63
310	127279.564	129807.316
311	137574.984	94709.283
312	134006.355	nan
313	121906.759	nan
314	131823.389	nan
315	160661.816	nan
316	113019.007	nan
317	107894.248	nan
318	87084.709	nan
319	55161.215	61911.0
320	81893.309	57938.298
321	73509.971	58907.349
322	72349.913	85566.089
323	97467.443	93249.558
324	59374.706	70895.395
325	78292.052	110465.412
326	81192.88	126996.554
327	nan	143314.548
328	nan	120433.371
329	nan	131898.96
330	80281.242	129093.589
331	95710.614	195942.436
332	102094.902	114558.385
333	101723.682	131502.025
334	95197.497	nan
335	nan	127499.785
336	nan	131016.61
337	nan	120493.831
338	nan	161873.114
339	nan	157402.095
340	nan	153042.939
341	69900.881	154983.97
342	nan	112087.397
343	nan	63603.719
344	113783.376	104081.069
345	110004.964	94710.248
346	89144.22	93044.259
347	100234.403	78934.738
348	92175.215	92825.8
349	109978.114	114837.823
350	141931.79	114007.258
351	143128.101	121360.777
352	130466.236	157965.866
353	134888.0	146795.25
354	149932.506	170407.192
355	nan	116949.709
356	nan	92320.919
357	nan	104875.245
358	nan	68014.796
359	nan	71149.113
360	nan	95204.344
361	nan	101542.068
362	nan	133739.51
363	nan	142317.219
364	nan	131342.23
365	nan	121900.556
366	143742.59	141634.437
367	148302.891	115171.597
368	94312.404	123486.484
369	107686.254	117369.717
370	78253.412	147941.642
371	106226.923	188321.68
372	131508.808	nan
373	125188.556	139532.722
374	135638.438	149969.818
375	111287.059	131270.616
376	120741.077	154478.478
377	110760.932	85961.284
378	nan	100536.859
379	76515.789	81096.263
380	92904.315	127751.382
381	64747.746	166856.978
382	94848.594	157193.465
383	100672.04	153561.146
384	83712.1	178695.51
385	98071.425	114772.957
386	96321.382	113375.628
387	nan	102455.015
388	nan	112480.46
389	nan	95002.098
390	nan	120289.763
391	nan	127844.945
392	nan	124188.412
393	nan	165671.663
394	nan	144001.948
395	nan	159624.525
396	nan	114381.115
397	nan	108802.444
398	107246.711	110731.443
399	80247.647	57851.093
400	99476.587	115706.352
401	nan	105680.669
402	nan	115997.521
403	nan	145820.873
404	nan	155598.047
405	nan	157799.418
406	68699.871	137466.395
407	91549.578	138611.931
408	120100.211	139357.067
409	178811.618	123109.908
410	151124.296	119912.556
411	165222.231	82288.928
412	149485.655	nan
413	nan	145192.23
414	164316.81	145636.088
415	127384.126	137265.704
416	120972.035	154676.721
417	143008.225	197960.516
418	69715.113	155901.774
419	96510.404	117587.699
420	153866.756	138721.875
421	nan	148119.221
422	nan	138018.019
423	nan	161915.058
424	nan	156730.415
425	145581.291	158543.713
426	nan	191878.058
427	136812.987	123002.055
428	140803.629	86951.475
429	123189.534	121725.861
430	124661.548	134517.718
431	153336.577	117016.732
432	129962.522	104377.445
433	nan	94770.895
434	nan	120025.891
435	nan	131217.799
436	142939.153	130370.352
437	117792.334	147349.47
438	138526.963	145717.058
439	nan	168945.654
440	108684.12	120068.871
441	124717.877	106967.141
442	87813.187	106786.49
443	79058.625	83830.334
444	nan	82849.135
445	nan	113939.866
446	nan	115846.59
447	nan	155032.748
448	nan	160034.014
449	nan	128596.918
450	63783.494	116022.14
451	42940.68	nan
452	45462.886	nan
453	42579.744	nan
454	33358.539	nan
455	28392.166	nan
456	nan	118752.951
457	nan	102632.818
458	nan	92276.582
