index	1ovs_A_1	1ugy_A_1
1	31.627	nan
2	4.515	nan
3	0.179	nan
4	0.088	nan
5	0.098	nan
6	0.162	nan
7	0.12	nan
8	0.159	nan
9	0.246	nan
10	0.108	nan
11	0.118	nan
12	0.135	nan
13	0.071	0.519
14	0.069	0.821
15	0.063	0.494
16	0.064	0.616
17	0.08	0.421
18	0.051	0.492
19	0.045	0.721
20	0.03	0.296
21	0.042	0.382
22	0.087	0.256
23	0.203	nan
24	0.18	0.16
25	0.083	nan
26	0.041	0.192
27	0.046	0.144
28	0.049	0.297
29	0.058	0.255
30	0.052	0.24
31	0.047	0.257
32	0.046	0.127
33	0.128	0.083
34	nan	0.177
35	nan	0.216
36	nan	0.485
37	0.259	0.292
38	0.328	0.063
39	0.128	0.068
40	nan	0.077
41	0.144	0.141
42	0.152	0.179
43	0.1	0.318
44	0.091	0.212
45	0.077	0.14
46	0.078	0.113
47	0.085	0.137
48	0.087	0.405
49	0.106	2.28
50	nan	2.515
51	0.29	1.672
52	0.137	0.64
53	0.183	0.547
54	0.08	nan
55	0.076	0.448
56	0.089	0.409
57	0.109	0.825
58	0.229	0.42
59	0.08	0.303
60	0.164	0.317
61	0.071	0.156
62	0.047	nan
63	0.089	0.413
64	nan	1.32
65	0.218	2.557
66	0.167	3.722
67	nan	0.316
68	0.051	0.452
69	0.061	0.523
70	0.062	0.653
71	0.077	0.459
72	0.077	0.43
73	0.092	0.377
74	0.049	0.426
75	0.062	0.678
76	0.081	nan
77	0.787	0.52
78	nan	1.061
79	nan	1.259
80	0.654	0.373
81	0.335	0.414
82	0.116	0.245
83	0.063	nan
84	0.081	0.327
85	0.076	0.401
86	0.068	0.318
87	0.079	0.552
88	0.299	0.418
89	0.166	0.134
90	0.491	0.152
91	0.659	0.445
92	2.333	0.487
93	nan	1.145
94	10.201	5.436
95	6.865	4.085
96	3.276	1.404
97	0.694	0.385
98	0.172	0.141
99	0.094	0.086
100	nan	0.055
101	nan	0.086
102	0.067	0.155
103	0.085	0.286
104	0.056	0.238
105	0.038	0.228
106	0.025	0.216
107	0.04	0.672
108	nan	1.247
109	nan	2.065
110	nan	0.543
111	nan	0.445
112	nan	0.519
113	nan	0.28
114	nan	0.264
115	nan	0.11
116	nan	0.187
117	nan	0.395
118	nan	0.941
119	nan	0.561
120	nan	0.686
121	nan	0.925
122	nan	1.555
123	nan	1.342
124	nan	1.096
125	0.083	0.759
126	0.809	0.92
127	1.625	6.446
128	2.027	11.471
129	0.447	1.404
130	0.469	0.431
131	0.047	0.227
132	0.047	nan
133	0.029	0.165
134	nan	0.18
135	nan	0.28
136	nan	0.436
137	nan	0.542
138	nan	0.185
139	nan	0.1
140	nan	0.217
141	nan	0.146
142	nan	0.077
143	nan	0.082
144	0.026	0.099
145	0.042	0.331
146	0.065	0.833
147	0.071	0.82
148	0.068	0.735
149	0.095	0.356
150	0.132	0.632
151	0.288	1.228
152	0.614	nan
153	21.83	nan
154	nan	3.36
