index	1ovs_A_1	1ugy_A_1
1	34275.312	nan
2	51844.601	nan
3	91261.332	nan
4	168995.3	nan
5	111450.802	nan
6	104832.545	nan
7	104631.813	nan
8	117746.504	nan
9	91686.423	nan
10	120151.193	nan
11	93698.014	nan
12	113420.125	nan
13	98827.114	108205.132
14	123114.241	78229.099
15	153409.599	101269.947
16	144127.82	86882.904
17	131598.213	90920.34
18	186485.047	102238.168
19	137592.554	108476.342
20	201022.597	115096.117
21	136338.933	104724.149
22	137793.646	106778.248
23	85079.117	nan
24	127208.803	169936.206
25	119878.242	nan
26	157272.045	141132.251
27	146903.213	119415.001
28	167348.206	120913.438
29	130301.601	126885.127
30	154860.843	124599.136
31	133463.918	138426.808
32	151531.781	164821.88
33	108933.87	139095.306
34	nan	130048.511
35	nan	96830.481
36	nan	72216.514
37	80316.913	119402.758
38	75688.617	192065.216
39	98725.242	175542.949
40	nan	218402.629
41	115648.327	144613.914
42	117980.689	126280.565
43	108528.495	122063.236
44	110624.567	145173.973
45	118436.585	141218.238
46	149316.286	133640.64
47	114464.285	135699.543
48	129020.957	103259.316
49	101025.384	64719.125
50	nan	80825.283
51	73697.164	75537.308
52	99835.015	92201.638
53	114120.439	85763.36
54	114548.448	nan
55	126239.632	86440.151
56	142336.214	130796.093
57	100582.746	69712.141
58	85376.476	82494.698
59	93328.051	107140.074
60	109463.738	115395.097
61	120783.493	143155.625
62	161726.686	nan
63	139416.278	73449.835
64	nan	71331.016
65	86595.219	71646.034
66	99558.621	86080.699
67	nan	99106.385
68	159066.697	93853.754
69	122293.27	95006.849
70	162848.667	100478.029
71	128870.577	82384.82
72	158053.777	99444.296
73	127312.32	96229.283
74	161504.052	107857.321
75	148601.814	81544.346
76	130112.727	nan
77	68231.114	92433.082
78	nan	86742.362
79	nan	68421.919
80	77516.61	101232.144
81	67727.441	108730.74
82	96830.074	131762.025
83	144017.515	nan
84	102838.777	107286.477
85	128703.041	111781.3
86	114984.24	122975.648
87	128089.753	128442.29
88	108385.83	180040.194
89	89617.221	127978.691
90	86671.797	140879.778
91	86071.737	147821.285
92	68768.651	98763.23
93	nan	99258.23
94	50132.137	55977.161
95	52831.338	60473.309
96	61037.631	72080.297
97	85727.982	108020.345
98	114240.605	152767.158
99	108387.598	173078.688
100	nan	155592.145
101	nan	193900.523
102	162122.598	147281.143
103	132223.165	138888.851
104	157034.764	116183.667
105	182136.184	114115.039
106	173863.225	127495.695
107	131047.508	81895.928
108	nan	66987.559
109	nan	69474.564
110	nan	93770.074
111	nan	87173.934
112	nan	125284.018
113	nan	110102.99
114	nan	112152.041
115	nan	186801.301
116	nan	130657.86
117	nan	115150.402
118	nan	97925.848
119	nan	111795.924
120	nan	86253.175
121	nan	96371.86
122	nan	76436.188
123	nan	82912.553
124	nan	84288.304
125	124091.034	88779.042
126	99914.909	89105.147
127	56175.362	50246.35
128	55815.414	55304.284
129	78038.059	102163.904
130	79158.539	108339.683
131	107214.628	128395.021
132	132852.762	nan
133	166657.201	137944.125
134	nan	164925.338
135	nan	112980.507
136	nan	106742.715
137	nan	142886.155
138	nan	136542.512
139	nan	143670.982
140	nan	145185.35
141	nan	101115.284
142	nan	139131.961
143	nan	174353.674
144	221512.152	141364.929
145	161298.973	102457.018
146	162509.104	89259.842
147	137203.68	88275.936
148	143719.905	93525.733
149	130391.292	92682.356
150	101123.427	101439.731
151	97492.25	87839.536
152	69622.425	nan
153	38210.971	nan
154	nan	56771.808
