index	displacement
1	0.072
2	0.064
3	0.072
4	0.068
5	0.061
6	0.054
7	0.041
8	0.047
9	0.037
10	0.04
11	0.036
12	0.024
13	0.021
14	0.022
15	0.016
16	0.023
17	0.024
18	0.03
19	0.022
20	0.012
21	0.012
22	0.014
23	0.026
24	0.032
25	0.048
26	0.063
27	0.078
28	0.1
29	0.118
30	0.14
31	0.136
32	0.16
33	0.159
34	0.128
35	0.122
36	0.098
37	0.085
38	0.064
39	0.05
40	0.035
41	0.033
42	0.041
43	0.039
44	0.049
45	0.054
46	0.046
47	0.032
48	0.032
49	0.028
50	0.039
51	0.043
52	0.033
53	0.024
54	0.013
55	0.008
56	0.005
57	0.007
58	0.004
59	0.009
60	0.016
61	0.025
62	0.02
63	0.028
64	0.029
65	0.041
66	0.059
67	0.075
68	0.099
69	0.122
70	0.135
71	0.167
72	0.16
73	0.159
74	0.131
75	0.115
76	0.121
77	0.102
78	0.088
79	0.065
80	0.062
81	0.044
82	0.03
83	0.02
84	0.013
85	0.007
86	0.014
87	0.014
88	0.026
89	0.032
90	0.037
91	0.052
92	0.05
93	0.037
94	0.043
95	0.042
96	0.056
97	0.047
98	0.031
99	0.022
100	0.022
101	0.035
102	0.043
103	0.054
104	0.066
105	0.085
106	0.085
107	0.072
108	0.052
109	0.045
110	0.034
111	0.034
112	0.041
113	0.04
114	0.052
115	0.061
116	0.06
117	0.077
118	0.091
119	0.083
120	0.104
121	0.099
122	0.082
123	0.06
124	0.049
125	0.067
126	0.056
127	0.046
128	0.056
129	0.053
130	0.059
131	0.068
132	0.067
133	0.084
134	0.089
135	0.116
136	0.119
137	0.131
138	0.11
139	0.09
140	0.085
141	0.062
142	0.064
143	0.076
144	0.062
145	0.07
146	0.073
147	0.088
148	0.079
149	0.091
150	0.085
151	0.083
152	0.075
153	0.079
154	0.095
155	0.087
156	0.095
157	0.103
158	0.089
159	0.071
160	0.05
161	0.043
162	0.029
163	0.029
164	0.019
165	0.022
166	0.022
167	0.031
168	0.048
169	0.065
170	0.087
171	0.107
172	0.136
173	0.144
174	0.117
175	0.109
176	0.086
177	0.094
178	0.076
179	0.092
180	0.103
181	0.089
182	0.087
183	0.1
184	0.08
185	0.095
186	0.116
187	0.145
188	0.139
189	0.124
190	0.12
191	0.095
192	0.08
193	0.065
194	0.07
195	0.065
196	0.087
197	0.1
198	0.105
199	0.127
200	0.141
201	0.166
202	0.181
203	0.206
204	0.19
205	0.156
206	0.132
207	0.105
208	0.087
209	0.068
210	0.05
211	0.047
212	0.034
213	0.035
214	0.032
215	0.029
216	0.045
217	0.047
218	0.067
219	0.08
220	0.078
221	0.075
222	0.071
223	0.072
224	0.058
225	0.056
226	0.054
227	0.048
228	0.054
229	0.048
230	0.057
231	0.044
232	0.031
233	0.019
234	0.02
235	0.032
236	0.025
237	0.017
238	0.027
239	0.033
240	0.022
241	0.021
242	0.034
243	0.035
244	0.051
245	0.06
246	0.075
247	0.098
248	0.112
249	0.107
250	0.112
251	0.102
252	0.117
253	0.1
254	0.104
255	0.088
256	0.094
257	0.086
258	0.087
259	0.09
260	0.111
261	0.119
262	0.122
263	0.122
264	0.11
265	0.117
266	0.124
267	0.113
268	0.112
269	0.088
270	0.092
271	0.08
272	0.072
273	0.062
274	0.074
275	0.086
276	0.111
277	0.125
278	0.155
279	0.154
280	0.168
281	0.153
282	0.124
283	0.109
284	0.083
285	0.084
286	0.08
287	0.073
288	0.065
289	0.046
290	0.053
291	0.063
292	0.062
293	0.071
294	0.083
295	0.091
296	0.118
297	0.124
298	0.123
299	0.147
300	0.162
301	0.165
302	0.196
303	0.184
304	0.195
305	0.169
306	0.178
307	0.174
308	0.146
309	0.247
310	0.188
311	0.178
312	0.135
313	0.111
314	0.079
315	0.062
316	0.074
317	0.055
318	0.062
319	0.04
320	0.039
321	0.03
322	0.015
323	0.004
324	0.001
325	0.001
326	0.004
327	0.007
328	0.008
329	0.011
330	0.013
331	0.014
332	0.027
333	0.032
334	0.031
335	0.022
336	0.022
337	0.012
338	0.011
339	0.008
340	0.004
341	0.006
342	0.006
343	0.017
344	0.013
345	0.024
346	0.016
347	0.028
348	0.016
349	0.012
350	0.029
351	0.044
352	0.072
353	0.083
354	0.105
355	0.074
356	0.081
357	0.055
358	0.059
359	0.055
360	0.046
361	0.029
362	0.026
363	0.015
364	0.009
365	0.004
366	0.014
367	0.024
368	0.018
369	0.033
370	0.05
371	0.081
372	0.113
373	0.157
374	0.209
375	0.225
376	0.269
377	0.299
378	0.287
379	0.316
380	0.259
381	0.245
382	0.189
383	0.191
384	0.242
385	0.227
386	0.199
387	0.171
388	0.188
389	0.145
390	0.143
391	0.114
392	0.097
393	0.128
394	0.163
395	0.18
396	0.19
397	0.159
398	0.179
399	0.176
400	0.195
401	0.149
402	0.138
403	0.097
404	0.087
405	0.084
406	0.08
407	0.051
408	0.032
409	0.045
410	0.032
411	0.024
412	0.019
413	0.029
414	0.04
415	0.057
416	0.054
417	0.076
418	0.084
419	0.115
420	0.138
421	0.159
422	0.2
423	0.244
424	0.246
425	0.314
426	0.373
427	0.374
428	0.451
429	0.409
430	0.374
431	0.311
432	0.242
433	0.281
434	0.23
435	0.188
436	0.184
437	0.152
438	0.131
439	0.107
440	0.091
441	0.08
442	0.068
443	0.075
444	0.115
445	0.143
446	0.156
447	0.114
448	0.129
449	0.111
450	0.125
451	0.17
452	0.159
453	0.161
454	0.134
455	0.149
456	0.151
457	0.162
458	0.188
459	0.191
460	0.221
461	0.254
462	0.287
463	0.252
464	0.293
465	0.309
466	0.298
467	0.256
468	0.201
469	0.164
470	0.116
471	0.095
472	0.07
473	0.052
474	0.057
475	0.046
476	0.045
477	0.062
478	0.053
479	0.072
480	0.048
481	0.048
482	0.049
483	0.032
484	0.023
485	0.012
486	0.007
487	0.007
488	0.018
489	0.032
490	0.049
491	0.08
492	0.091
493	0.13
494	0.127
495	0.147
496	0.184
497	0.158
498	0.122
499	0.099
500	0.115
501	0.106
502	0.075
503	0.062
504	0.065
505	0.041
506	0.039
507	0.036
508	0.049
509	0.075
510	0.087
511	0.068
512	0.058
513	0.057
514	0.034
515	0.026
516	0.026
517	0.012
518	0.01
519	0.009
520	0.012
521	0.024
522	0.025
523	0.048
524	0.058
525	0.088
526	0.091
527	0.071
528	0.053
529	0.083
530	0.084
531	0.051
532	0.039
533	0.025
534	0.013
535	0.004
536	0.001
537	0.002
538	0.012
539	0.015
540	0.008
541	0.005
542	0.013
543	0.026
544	0.023
545	0.022
546	0.039
547	0.056
548	0.052
549	0.054
550	0.083
551	0.103
552	0.134
553	0.168
554	0.162
555	0.216
556	0.201
557	0.157
558	0.138
559	0.136
560	0.144
561	0.122
562	0.129
563	0.112
564	0.151
565	0.172
566	0.187
567	0.236
568	0.27
569	0.244
570	0.23
571	0.185
572	0.149
573	0.124
574	0.125
575	0.094
576	0.096
577	0.081
578	0.087
579	0.101
580	0.078
581	0.051
582	0.04
583	0.047
584	0.055
585	0.065
586	0.077
587	0.055
588	0.036
589	0.024
590	0.018
591	0.035
592	0.041
593	0.061
594	0.095
595	0.107
596	0.132
597	0.105
598	0.12
599	0.113
600	0.092
601	0.092
602	0.126
603	0.138
604	0.187
605	0.206
606	0.199
607	0.206
608	0.195
609	0.158
610	0.192
611	0.188
612	0.168
613	0.142
614	0.156
615	0.121
616	0.102
617	0.141
618	0.147
619	0.186
620	0.151
621	0.139
622	0.11
623	0.106
624	0.119
625	0.085
626	0.065
627	0.035
628	0.037
629	0.058
630	0.038
631	0.027
632	0.01
633	0.009
634	0.004
635	0.016
636	0.032
637	0.028
638	0.024
639	0.012
640	0.007
641	0.006
642	0.015
643	0.017
644	0.033
645	0.044
646	0.068
647	0.063
648	0.09
649	0.097
650	0.059
651	0.052
652	0.028
653	0.018
654	0.005
655	0.001
656	0.002
657	0.007
658	0.012
659	0.028
660	0.047
661	0.072
662	0.084
663	0.064
664	0.044
665	0.026
666	0.013
667	0.003
668	0.003
669	0.01
670	0.027
671	0.047
672	0.055
673	0.042
674	0.064
675	0.052
676	0.029
677	0.036
678	0.062
679	0.078
680	0.108
681	0.124
682	0.164
683	0.187
684	0.199
685	0.251
686	0.234
687	0.293
688	0.274
689	0.31
690	0.24
691	0.201
692	0.253
693	0.208
694	0.149
695	0.122
696	0.101
697	0.075
698	0.084
699	0.079
700	0.107
701	0.135
702	0.135
703	0.102
704	0.075
705	0.045
706	0.025
707	0.011
708	0.005
709	0.008
710	0.005
711	0.002
712	0.001
713	0.007
714	0.018
715	0.016
716	0.018
717	0.018
718	0.018
719	0.009
720	0.022
721	0.048
722	0.075
723	0.09
724	0.075
725	0.107
726	0.121
727	0.168
728	0.186
729	0.229
730	0.264
731	0.333
732	0.403
733	0.492
734	0.616
735	0.636
736	0.724
737	0.628
738	0.58
739	0.487
740	0.38
741	0.414
742	0.342
743	0.28
744	0.254
745	0.214
746	0.171
747	0.143
748	0.103
749	0.1
750	0.072
751	0.106
752	0.127
753	0.119
754	0.108
755	0.072
756	0.048
757	0.034
758	0.016
759	0.029
760	0.045
761	0.071
762	0.083
763	0.125
764	0.156
765	0.198
766	0.246
767	0.27
768	0.309
769	0.346
770	0.363
771	0.291
772	0.316
773	0.286
774	0.253
775	0.256
776	0.21
777	0.187
778	0.152
779	0.125
780	0.112
781	0.081
782	0.088
783	0.068
784	0.071
785	0.107
786	0.126
787	0.183
788	0.228
789	0.202
790	0.142
791	0.112
792	0.067
793	0.052
794	0.023
795	0.027
796	0.042
797	0.025
798	0.035
799	0.038
800	0.023
801	0.031
802	0.06
803	0.074
804	0.051
805	0.033
806	0.031
807	0.017
808	0.008
809	0.005
810	0.007
811	0.011
812	0.027
813	0.037
814	0.044
815	0.068
816	0.088
817	0.124
818	0.153
819	0.176
820	0.151
821	0.112
822	0.074
823	0.046
824	0.033
825	0.014
826	0.008
827	0.001
828	0.003
829	0.013
830	0.027
831	0.06
832	0.083
833	0.13
834	0.154
835	0.148
836	0.113
837	0.14
838	0.108
839	0.073
840	0.039
841	0.034
842	0.013
843	0.005
844	0.002
845	0.003
846	0.013
847	0.02
848	0.022
849	0.028
850	0.052
851	0.052
852	0.04
853	0.059
854	0.082
855	0.075
856	0.069
857	0.098
858	0.117
859	0.103
860	0.128
861	0.129
862	0.123
863	0.165
864	0.153
865	0.118
866	0.124
867	0.129
868	0.145
869	0.124
870	0.129
871	0.1
872	0.127
873	0.129
874	0.159
875	0.183
876	0.204
877	0.208
878	0.19
879	0.157
880	0.117
881	0.113
882	0.124
883	0.1
884	0.104
885	0.082
886	0.08
887	0.079
888	0.05
889	0.041
890	0.039
891	0.051
892	0.07
893	0.084
894	0.115
895	0.098
896	0.104
897	0.077
898	0.047
899	0.035
900	0.017
901	0.027
902	0.029
903	0.042
904	0.053
905	0.05
906	0.083
907	0.083
908	0.087
909	0.094
910	0.133
911	0.145
912	0.184
913	0.199
914	0.184
915	0.197
916	0.209
917	0.195
918	0.24
919	0.218
920	0.204
921	0.171
922	0.177
923	0.146
924	0.107
925	0.072
926	0.062
927	0.064
928	0.052
929	0.038
930	0.026
931	0.016
932	0.013
933	0.006
934	0.002
935	0.001
936	0.0
937	0.001
938	0.001
939	0.0
940	0.002
941	0.004
942	0.005
943	0.002
944	0.001
945	0.002
946	0.001
947	0.002
948	0.005
949	0.008
950	0.012
951	0.02
952	0.031
953	0.043
954	0.058
955	0.059
956	0.076
957	0.082
958	0.061
959	0.057
960	0.042
961	0.037
962	0.023
963	0.018
964	0.01
965	0.011
966	0.02
967	0.026
968	0.038
969	0.041
970	0.049
971	0.038
972	0.039
973	0.028
974	0.029
975	0.023
976	0.013
977	0.012
978	0.011
979	0.011
980	0.006
981	0.001
982	0.003
983	0.002
984	0.0
985	0.001
986	0.001
987	0.001
988	0.003
989	0.003
990	0.005
991	0.006
992	0.006
993	0.013
994	0.016
995	0.027
996	0.033
997	0.047
998	0.038
999	0.023
1000	0.025
1001	0.014
1002	0.006
1003	0.002
1004	0.0
1005	0.001
1006	0.004
1007	0.008
1008	0.011
1009	0.02
1010	0.015
1011	0.014
1012	0.008
1013	0.008
1014	0.016
1015	0.018
1016	0.032
1017	0.033
1018	0.045
1019	0.027
1020	0.024
1021	0.012
1022	0.007
1023	0.007
1024	0.003
1025	0.004
1026	0.006
1027	0.013
1028	0.019
1029	0.028
1030	0.03
1031	0.025
1032	0.015
1033	0.018
1034	0.015
1035	0.018
1036	0.016
1037	0.022
1038	0.024
1039	0.035
1040	0.05
1041	0.064
1042	0.088
1043	0.101
1044	0.115
1045	0.093
1046	0.095
1047	0.084
1048	0.06
1049	0.06
1050	0.043
1051	0.036
1052	0.032
1053	0.031
1054	0.022
1055	0.023
1056	0.014
1057	0.022
1058	0.022
1059	0.036
1060	0.029
1061	0.028
1062	0.015
1063	0.013
1064	0.011
1065	0.006
1066	0.012
1067	0.01
1068	0.004
1069	0.002
1070	0.005
1071	0.01
1072	0.014
1073	0.026
1074	0.032
1075	0.045
1076	0.051
1077	0.049
1078	0.043
1079	0.027
1080	0.026
1081	0.017
1082	0.012
1083	0.017
1084	0.013
1085	0.011
1086	0.008
1087	0.006
1088	0.007
1089	0.007
1090	0.013
1091	0.015
1092	0.021
1093	0.035
1094	0.049
1095	0.063
1096	0.084
1097	0.075
1098	0.055
1099	0.055
1100	0.039
1101	0.04
1102	0.027
1103	0.036
1104	0.041
1105	0.031
1106	0.026
1107	0.03
1108	0.019
1109	0.022
1110	0.027
1111	0.041
1112	0.036
1113	0.042
1114	0.049
1115	0.04
1116	0.043
1117	0.044
1118	0.039
1119	0.037
1120	0.05
1121	0.053
1122	0.052
1123	0.062
1124	0.064
1125	0.082
1126	0.086
1127	0.092
1128	0.079
1129	0.064
1130	0.051
1131	0.038
1132	0.026
1133	0.018
1134	0.009
1135	0.01
1136	0.008
1137	0.015
1138	0.015
1139	0.022
1140	0.033
1141	0.04
1142	0.054
1143	0.064
1144	0.063
1145	0.077
1146	0.077
1147	0.059
1148	0.039
1149	0.031
1150	0.022
1151	0.014
1152	0.015
1153	0.012
1154	0.018
1155	0.013
1156	0.006
1157	0.005
1158	0.008
1159	0.014
1160	0.016
1161	0.016
1162	0.022
1163	0.03
1164	0.031
1165	0.035
1166	0.043
1167	0.05
1168	0.058
1169	0.067
1170	0.066
1171	0.08
1172	0.08
1173	0.07
1174	0.061
1175	0.052
1176	0.05
1177	0.035
1178	0.029
1179	0.019
1180	0.018
1181	0.013
1182	0.017
1183	0.021
1184	0.026
1185	0.03
1186	0.028
1187	0.029
1188	0.022
1189	0.029
1190	0.035
1191	0.037
1192	0.045
1193	0.039
1194	0.048
1195	0.052
1196	0.045
1197	0.032
1198	0.031
1199	0.031
1200	0.041
1201	0.041
1202	0.053
1203	0.052
1204	0.065
1205	0.06
1206	0.047
1207	0.035
1208	0.023
1209	0.018
1210	0.014
1211	0.007
1212	0.002
1213	0.0
1214	0.002
1215	0.005
1216	0.009
1217	0.017
1218	0.026
1219	0.037
1220	0.048
1221	0.062
1222	0.07
1223	0.077
1224	0.088
1225	0.08
1226	0.091
1227	0.082
1228	0.079
1229	0.062
1230	0.056
1231	0.053
1232	0.039
