index	displacement
1	0.053
2	0.069
3	0.068
4	0.054
5	0.053
6	0.046
7	0.046
8	0.041
9	0.033
10	0.025
11	0.02
12	0.02
13	0.027
14	0.025
15	0.025
16	0.021
17	0.025
18	0.022
19	0.022
20	0.026
21	0.021
22	0.02
23	0.015
24	0.01
25	0.008
26	0.009
27	0.006
28	0.006
29	0.004
30	0.003
31	0.003
32	0.001
33	0.001
34	0.003
35	0.006
36	0.009
37	0.014
38	0.017
39	0.024
40	0.027
41	0.027
42	0.028
43	0.035
44	0.037
45	0.04
46	0.047
47	0.047
48	0.046
49	0.042
50	0.037
51	0.032
52	0.037
53	0.038
54	0.047
55	0.047
56	0.046
57	0.036
58	0.041
59	0.044
60	0.035
61	0.034
62	0.044
63	0.053
64	0.069
65	0.085
66	0.099
67	0.096
68	0.106
69	0.108
70	0.1
71	0.106
72	0.09
73	0.084
74	0.068
75	0.071
76	0.086
77	0.086
78	0.079
79	0.076
80	0.083
81	0.072
82	0.078
83	0.07
84	0.059
85	0.064
86	0.075
87	0.084
88	0.092
89	0.082
90	0.087
91	0.074
92	0.077
93	0.072
94	0.06
95	0.05
96	0.04
97	0.046
98	0.054
99	0.048
100	0.04
101	0.037
102	0.029
103	0.022
104	0.017
105	0.018
106	0.022
107	0.029
108	0.03
109	0.034
110	0.04
111	0.052
112	0.065
113	0.076
114	0.096
115	0.113
116	0.108
117	0.114
118	0.123
119	0.111
120	0.12
121	0.114
122	0.097
123	0.079
124	0.072
125	0.087
126	0.086
127	0.07
128	0.067
129	0.054
130	0.053
131	0.045
132	0.043
133	0.037
134	0.033
135	0.033
136	0.045
137	0.05
138	0.057
139	0.047
140	0.051
141	0.052
142	0.053
143	0.064
144	0.07
145	0.067
146	0.059
147	0.061
148	0.063
149	0.061
150	0.067
151	0.061
152	0.066
153	0.08
154	0.096
155	0.094
156	0.113
157	0.12
158	0.123
159	0.117
160	0.106
161	0.086
162	0.071
163	0.057
164	0.048
165	0.036
166	0.029
167	0.023
168	0.022
169	0.024
170	0.022
171	0.031
172	0.033
173	0.031
174	0.025
175	0.016
176	0.013
177	0.009
178	0.009
179	0.008
180	0.011
181	0.016
182	0.024
183	0.029
184	0.037
185	0.044
186	0.041
187	0.039
188	0.048
189	0.041
190	0.03
191	0.03
192	0.035
193	0.038
194	0.027
195	0.026
196	0.02
197	0.014
198	0.013
199	0.01
200	0.012
201	0.014
202	0.017
203	0.015
204	0.013
205	0.012
206	0.009
207	0.01
208	0.011
209	0.011
210	0.013
211	0.009
212	0.01
213	0.008
214	0.012
215	0.015
216	0.017
217	0.024
218	0.025
219	0.02
220	0.013
221	0.013
222	0.008
223	0.006
224	0.004
225	0.007
226	0.006
227	0.01
228	0.01
229	0.015
230	0.017
231	0.023
232	0.025
233	0.032
234	0.038
235	0.036
236	0.038
237	0.047
238	0.049
239	0.047
240	0.051
241	0.06
242	0.06
243	0.056
244	0.057
245	0.053
246	0.048
247	0.052
248	0.046
249	0.038
250	0.035
251	0.037
252	0.035
253	0.034
254	0.031
255	0.026
256	0.028
257	0.026
258	0.032
259	0.031
260	0.032
261	0.036
262	0.03
263	0.029
264	0.021
265	0.022
266	0.026
267	0.024
268	0.026
269	0.028
270	0.028
271	0.034
272	0.029
273	0.028
274	0.021
275	0.019
276	0.016
277	0.015
278	0.015
279	0.01
280	0.007
281	0.003
282	0.002
283	0.004
284	0.004
285	0.007
286	0.008
287	0.012
288	0.015
289	0.016
290	0.022
291	0.023
292	0.028
293	0.031
294	0.038
295	0.042
296	0.045
297	0.047
298	0.046
299	0.042
300	0.041
301	0.034
302	0.034
303	0.034
304	0.029
305	0.026
306	0.026
307	0.019
308	0.015
309	0.067
310	0.066
311	0.079
312	0.07
313	0.077
314	0.076
315	0.073
316	0.092
317	0.085
318	0.1
319	0.09
320	0.08
321	0.065
322	0.052
323	0.041
324	0.051
325	0.045
326	0.059
327	0.055
328	0.037
329	0.043
330	0.05
331	0.066
332	0.085
333	0.117
334	0.138
335	0.161
336	0.185
337	0.185
338	0.185
339	0.15
340	0.184
341	0.171
342	0.139
343	0.14
344	0.11
345	0.092
346	0.08
347	0.066
348	0.054
349	0.047
350	0.049
351	0.04
352	0.042
353	0.046
354	0.036
355	0.03
356	0.029
357	0.032
358	0.043
359	0.056
360	0.053
361	0.039
362	0.029
363	0.021
364	0.022
365	0.026
366	0.026
367	0.034
368	0.043
369	0.063
370	0.058
371	0.075
372	0.08
373	0.101
374	0.128
375	0.15
376	0.18
377	0.209
378	0.227
379	0.258
380	0.247
381	0.235
382	0.21
383	0.194
384	0.205
385	0.181
386	0.163
387	0.132
388	0.129
389	0.1
390	0.085
391	0.063
392	0.054
393	0.065
394	0.086
395	0.088
396	0.1
397	0.088
398	0.088
399	0.096
400	0.085
401	0.068
402	0.064
403	0.066
404	0.084
405	0.082
406	0.067
407	0.049
408	0.05
409	0.072
410	0.079
411	0.089
412	0.095
413	0.128
414	0.14
415	0.137
416	0.115
417	0.112
418	0.095
419	0.095
420	0.104
421	0.099
422	0.117
423	0.131
424	0.127
425	0.165
426	0.19
427	0.165
428	0.214
429	0.216
430	0.179
431	0.135
432	0.113
433	0.148
434	0.124
435	0.113
436	0.131
437	0.13
438	0.132
439	0.143
440	0.133
441	0.148
442	0.146
443	0.176
444	0.183
445	0.193
446	0.174
447	0.148
448	0.139
449	0.109
450	0.105
451	0.126
452	0.114
453	0.133
454	0.135
455	0.157
456	0.15
457	0.172
458	0.171
459	0.178
460	0.166
461	0.169
462	0.19
463	0.172
464	0.184
465	0.19
466	0.173
467	0.147
468	0.116
469	0.105
470	0.082
471	0.083
472	0.067
473	0.072
474	0.077
475	0.091
476	0.115
477	0.144
478	0.145
479	0.158
480	0.089
481	0.103
482	0.153
483	0.142
484	0.134
485	0.136
486	0.099
487	0.114
488	0.14
489	0.12
490	0.127
491	0.143
492	0.122
493	0.142
494	0.167
495	0.171
496	0.167
497	0.158
498	0.148
499	0.127
500	0.106
501	0.081
502	0.083
503	0.07
504	0.086
505	0.102
506	0.101
507	0.121
508	0.145
509	0.172
510	0.176
511	0.175
512	0.198
513	0.183
514	0.169
515	0.144
516	0.145
517	0.115
518	0.089
519	0.097
520	0.079
521	0.091
522	0.083
523	0.088
524	0.123
525	0.133
526	0.17
527	0.185
528	0.183
529	0.217
530	0.224
531	0.182
532	0.135
533	0.132
534	0.123
535	0.097
536	0.101
537	0.079
538	0.079
539	0.061
540	0.051
541	0.036
542	0.038
543	0.044
544	0.034
545	0.03
546	0.038
547	0.036
548	0.029
549	0.034
550	0.04
551	0.034
552	0.045
553	0.041
554	0.051
555	0.063
556	0.075
557	0.079
558	0.097
559	0.1
560	0.13
561	0.131
562	0.159
563	0.162
564	0.195
565	0.235
566	0.233
567	0.306
568	0.344
569	0.287
570	0.295
571	0.243
572	0.241
573	0.217
574	0.186
575	0.155
576	0.129
577	0.101
578	0.089
579	0.066
580	0.064
581	0.064
582	0.088
583	0.115
584	0.142
585	0.172
586	0.199
587	0.22
588	0.225
589	0.229
590	0.223
591	0.23
592	0.211
593	0.209
594	0.238
595	0.216
596	0.215
597	0.171
598	0.174
599	0.171
600	0.129
601	0.122
602	0.127
603	0.116
604	0.142
605	0.126
606	0.106
607	0.124
608	0.124
609	0.143
610	0.175
611	0.182
612	0.198
613	0.19
614	0.217
615	0.232
616	0.24
617	0.163
618	0.232
619	0.204
620	0.181
621	0.169
622	0.14
623	0.135
624	0.134
625	0.107
626	0.089
627	0.063
628	0.056
629	0.07
630	0.062
631	0.05
632	0.04
633	0.053
634	0.043
635	0.034
636	0.037
637	0.026
638	0.033
639	0.035
640	0.031
641	0.033
642	0.038
643	0.028
644	0.028
645	0.022
646	0.024
647	0.03
648	0.027
649	0.033
650	0.035
651	0.049
652	0.048
653	0.064
654	0.057
655	0.074
656	0.066
657	0.067
658	0.083
659	0.106
660	0.126
661	0.134
662	0.161
663	0.149
664	0.151
665	0.124
666	0.116
667	0.101
668	0.094
669	0.088
670	0.098
671	0.1
672	0.087
673	0.061
674	0.058
675	0.076
676	0.063
677	0.06
678	0.072
679	0.097
680	0.118
681	0.137
682	0.152
683	0.144
684	0.154
685	0.154
686	0.144
687	0.146
688	0.133
689	0.122
690	0.11
691	0.116
692	0.126
693	0.13
694	0.13
695	0.128
696	0.144
697	0.133
698	0.142
699	0.14
700	0.134
701	0.156
702	0.16
703	0.166
704	0.155
705	0.145
706	0.136
707	0.132
708	0.14
709	0.105
710	0.095
711	0.122
712	0.113
713	0.106
714	0.113
715	0.098
716	0.077
717	0.078
718	0.061
719	0.06
720	0.048
721	0.053
722	0.051
723	0.053
724	0.049
725	0.047
726	0.051
727	0.065
728	0.087
729	0.102
730	0.126
731	0.16
732	0.189
733	0.202
734	0.26
735	0.23
736	0.242
737	0.206
738	0.147
739	0.102
740	0.092
741	0.11
742	0.111
743	0.086
744	0.083
745	0.066
746	0.07
747	0.068
748	0.074
749	0.075
750	0.079
751	0.086
752	0.101
753	0.126
754	0.123
755	0.108
756	0.122
757	0.115
758	0.13
759	0.144
760	0.136
761	0.129
762	0.114
763	0.111
764	0.102
765	0.093
766	0.093
767	0.076
768	0.078
769	0.095
770	0.12
771	0.123
772	0.15
773	0.164
774	0.176
775	0.162
776	0.152
777	0.126
778	0.105
779	0.085
780	0.063
781	0.049
782	0.033
783	0.025
784	0.029
785	0.034
786	0.039
787	0.057
788	0.07
789	0.074
790	0.06
791	0.041
792	0.033
793	0.034
794	0.032
795	0.038
796	0.051
797	0.065
798	0.078
799	0.098
800	0.106
801	0.133
802	0.125
803	0.151
804	0.175
805	0.169
806	0.138
807	0.116
808	0.133
809	0.13
810	0.105
811	0.097
812	0.096
813	0.077
814	0.068
815	0.059
816	0.058
817	0.074
818	0.071
819	0.055
820	0.043
821	0.048
822	0.039
823	0.043
824	0.042
825	0.035
826	0.037
827	0.025
828	0.02
829	0.014
830	0.015
831	0.013
832	0.017
833	0.025
834	0.033
835	0.032
836	0.024
837	0.029
838	0.029
839	0.019
840	0.013
841	0.012
842	0.013
843	0.021
844	0.026
845	0.04
846	0.052
847	0.063
848	0.062
849	0.072
850	0.091
851	0.098
852	0.102
853	0.117
854	0.133
855	0.138
856	0.146
857	0.162
858	0.175
859	0.179
860	0.193
861	0.2
862	0.179
863	0.209
864	0.185
865	0.155
866	0.135
867	0.14
868	0.131
869	0.126
870	0.125
871	0.109
872	0.139
873	0.157
874	0.193
875	0.233
876	0.241
877	0.225
878	0.193
879	0.145
880	0.112
881	0.093
882	0.099
883	0.086
884	0.095
885	0.102
886	0.109
887	0.132
888	0.117
889	0.095
890	0.076
891	0.069
892	0.061
893	0.058
894	0.054
895	0.038
896	0.026
897	0.02
898	0.02
899	0.026
900	0.029
901	0.044
902	0.062
903	0.078
904	0.098
905	0.088
906	0.116
907	0.112
908	0.112
909	0.116
910	0.147
911	0.157
912	0.172
913	0.181
914	0.177
915	0.165
916	0.17
917	0.15
918	0.145
919	0.134
920	0.102
921	0.093
922	0.093
923	0.069
924	0.065
925	0.15
926	0.093
927	0.071
928	0.062
929	0.054
930	0.046
931	0.049
932	0.052
933	0.05
934	0.049
935	0.06
936	0.052
937	0.045
938	0.053
939	0.048
940	0.055
941	0.052
942	0.053
943	0.049
944	0.043
945	0.047
946	0.051
947	0.062
948	0.071
949	0.078
950	0.081
951	0.093
952	0.106
953	0.125
954	0.145
955	0.146
956	0.174
957	0.159
958	0.125
959	0.115
960	0.102
961	0.088
962	0.072
963	0.059
964	0.052
965	0.057
966	0.062
967	0.062
968	0.072
969	0.073
970	0.07
971	0.058
972	0.059
973	0.052
974	0.056
975	0.053
976	0.042
977	0.044
978	0.037
979	0.037
980	0.032
981	0.037
982	0.029
983	0.027
984	0.036
985	0.036
986	0.026
987	0.02
988	0.013
989	0.009
990	0.008
991	0.013
992	0.014
993	0.021
994	0.026
995	0.035
996	0.042
997	0.054
998	0.052
999	0.038
1000	0.036
1001	0.026
1002	0.02
1003	0.016
1004	0.01
1005	0.012
1006	0.008
1007	0.01
1008	0.011
1009	0.007
1010	0.004
1011	0.004
1012	0.005
1013	0.01
1014	0.011
1015	0.014
1016	0.017
1017	0.019
1018	0.027
1019	0.033
1020	0.035
1021	0.029
1022	0.024
1023	0.03
1024	0.034
1025	0.035
1026	0.044
1027	0.054
1028	0.065
1029	0.067
1030	0.068
1031	0.061
1032	0.052
1033	0.051
1034	0.041
1035	0.034
1036	0.025
1037	0.02
1038	0.015
1039	0.012
1040	0.014
1041	0.021
1042	0.024
1043	0.029
1044	0.039
1045	0.038
1046	0.044
1047	0.043
1048	0.037
1049	0.035
1050	0.026
1051	0.031
1052	0.036
1053	0.044
1054	0.042
1055	0.048
1056	0.042
1057	0.05
1058	0.05
1059	0.057
1060	0.047
1061	0.038
1062	0.03
1063	0.033
1064	0.026
1065	0.023
1066	0.023
1067	0.015
1068	0.013
1069	0.016
1070	0.024
1071	0.029
1072	0.032
1073	0.043
1074	0.044
1075	0.056
1076	0.053
1077	0.044
1078	0.038
1079	0.029
1080	0.022
1081	0.017
1082	0.01
1083	0.009
1084	0.007
1085	0.012
1086	0.015
1087	0.023
1088	0.028
1089	0.038
1090	0.048
1091	0.057
1092	0.065
1093	0.074
1094	0.089
1095	0.093
1096	0.11
1097	0.099
1098	0.085
1099	0.095
1100	0.089
1101	0.09
1102	0.085
1103	0.091
1104	0.082
1105	0.068
1106	0.054
1107	0.046
1108	0.036
1109	0.03
1110	0.036
1111	0.039
1112	0.03
1113	0.034
1114	0.044
1115	0.043
1116	0.041
1117	0.045
1118	0.056
1119	0.07
1120	0.091
1121	0.102
1122	0.112
1123	0.136
1124	0.148
1125	0.176
1126	0.181
1127	0.196
1128	0.173
1129	0.15
1130	0.134
1131	0.113
1132	0.096
1133	0.089
1134	0.08
1135	0.081
1136	0.074
1137	0.077
1138	0.07
1139	0.07
1140	0.08
1141	0.076
1142	0.088
1143	0.104
1144	0.113
1145	0.126
1146	0.136
1147	0.128
1148	0.109
1149	0.089
1150	0.087
1151	0.073
1152	0.08
1153	0.073
1154	0.079
1155	0.069
1156	0.059
1157	0.048
1158	0.047
1159	0.057
1160	0.052
1161	0.042
1162	0.05
1163	0.057
1164	0.048
1165	0.046
1166	0.058
1167	0.062
1168	0.06
1169	0.08
1170	0.088
1171	0.109
1172	0.122
1173	0.119
1174	0.116
1175	0.099
1176	0.099
1177	0.079
1178	0.069
1179	0.053
1180	0.026
1181	0.005
1182	0.009
1183	0.014
1184	0.03
1185	0.026
1186	0.007
1187	0.029
1188	0.033
1189	0.065
1190	0.088
1191	0.094
1192	0.106
1193	0.092
1194	0.103
1195	0.094
1196	0.089
1197	0.079
1198	0.088
1199	0.093
1200	0.113
1201	0.114
1202	0.133
1203	0.136
1204	0.155
1205	0.148
1206	0.131
1207	0.111
1208	0.089
1209	0.075
1210	0.055
1211	0.035
1212	0.021
1213	0.02
1214	0.016
1215	0.021
1216	0.048
1217	0.058
1218	0.062
1219	0.071
1220	0.083
1221	0.1
1222	0.115
1223	0.132
1224	0.154
1225	0.151
1226	0.174
1227	0.156
1228	0.156
1229	0.134
1230	0.125
1231	0.128
1232	0.103
