index	displacement
1	0.002
2	0.003
3	0.005
4	0.008
5	0.008
6	0.009
7	0.008
8	0.011
9	0.012
10	0.018
11	0.018
12	0.018
13	0.014
14	0.012
15	0.01
16	0.011
17	0.009
18	0.011
19	0.009
20	0.007
21	0.01
22	0.012
23	0.017
24	0.023
25	0.027
26	0.029
27	0.033
28	0.04
29	0.046
30	0.052
31	0.048
32	0.058
33	0.057
34	0.046
35	0.042
36	0.034
37	0.029
38	0.022
39	0.017
40	0.012
41	0.011
42	0.013
43	0.011
44	0.012
45	0.011
46	0.008
47	0.006
48	0.009
49	0.009
50	0.014
51	0.017
52	0.012
53	0.009
54	0.005
55	0.003
56	0.003
57	0.004
58	0.003
59	0.003
60	0.005
61	0.006
62	0.004
63	0.005
64	0.005
65	0.009
66	0.011
67	0.01
68	0.014
69	0.014
70	0.018
71	0.02
72	0.02
73	0.017
74	0.016
75	0.014
76	0.011
77	0.011
78	0.013
79	0.011
80	0.014
81	0.012
82	0.011
83	0.009
84	0.005
85	0.005
86	0.007
87	0.011
88	0.016
89	0.017
90	0.023
91	0.026
92	0.031
93	0.024
94	0.025
95	0.02
96	0.022
97	0.017
98	0.012
99	0.009
100	0.007
101	0.01
102	0.012
103	0.017
104	0.021
105	0.025
106	0.023
107	0.016
108	0.011
109	0.008
110	0.005
111	0.003
112	0.003
113	0.003
114	0.005
115	0.008
116	0.008
117	0.009
118	0.013
119	0.014
120	0.014
121	0.009
122	0.008
123	0.008
124	0.005
125	0.004
126	0.004
127	0.003
128	0.002
129	0.004
130	0.005
131	0.009
132	0.011
133	0.017
134	0.021
135	0.028
136	0.025
137	0.03
138	0.023
139	0.021
140	0.023
141	0.018
142	0.023
143	0.027
144	0.02
145	0.017
146	0.015
147	0.014
148	0.009
149	0.009
150	0.005
151	0.005
152	0.003
153	0.002
154	0.003
155	0.005
156	0.007
157	0.011
158	0.014
159	0.01
160	0.009
161	0.005
162	0.003
163	0.003
164	0.003
165	0.005
166	0.007
167	0.011
168	0.014
169	0.017
170	0.023
171	0.024
172	0.032
173	0.035
174	0.03
175	0.033
176	0.028
177	0.032
178	0.027
179	0.033
180	0.035
181	0.029
182	0.027
183	0.031
184	0.025
185	0.031
186	0.034
187	0.046
188	0.049
189	0.048
190	0.046
191	0.036
192	0.033
193	0.028
194	0.027
195	0.024
196	0.031
197	0.034
198	0.035
199	0.041
200	0.044
201	0.05
202	0.053
203	0.063
204	0.06
205	0.049
206	0.045
207	0.036
208	0.031
209	0.026
210	0.021
211	0.023
212	0.02
213	0.022
214	0.017
215	0.016
216	0.018
217	0.014
218	0.018
219	0.026
220	0.032
221	0.036
222	0.044
223	0.041
224	0.034
225	0.027
226	0.026
227	0.021
228	0.022
229	0.018
230	0.02
231	0.015
232	0.011
233	0.007
234	0.007
235	0.008
236	0.006
237	0.004
238	0.005
239	0.005
240	0.003
241	0.002
242	0.003
243	0.004
244	0.004
245	0.006
246	0.011
247	0.013
248	0.02
249	0.023
250	0.024
251	0.02
252	0.024
253	0.023
254	0.026
255	0.025
256	0.026
257	0.025
258	0.024
259	0.024
260	0.027
261	0.028
262	0.03
263	0.03
264	0.032
265	0.032
266	0.033
267	0.03
268	0.027
269	0.022
270	0.022
271	0.019
272	0.019
273	0.017
274	0.022
275	0.025
276	0.034
277	0.039
278	0.049
279	0.054
280	0.062
281	0.061
282	0.052
283	0.049
284	0.04
285	0.04
286	0.042
287	0.036
288	0.034
289	0.026
290	0.024
291	0.023
292	0.02
293	0.02
294	0.019
295	0.017
296	0.021
297	0.02
298	0.02
299	0.027
300	0.032
301	0.038
302	0.046
303	0.043
304	0.049
305	0.044
306	0.049
307	0.054
308	0.051
309	0.452
310	0.393
311	0.343
312	0.254
313	0.232
314	0.176
315	0.178
316	0.195
317	0.153
318	0.141
319	0.095
320	0.102
321	0.11
322	0.077
323	0.045
324	0.023
325	0.02
326	0.006
327	0.003
328	0.011
329	0.02
330	0.048
331	0.048
332	0.06
333	0.058
334	0.048
335	0.027
336	0.019
337	0.012
338	0.008
339	0.007
340	0.005
341	0.005
342	0.008
343	0.02
344	0.015
345	0.026
346	0.022
347	0.035
348	0.023
349	0.033
350	0.055
351	0.09
352	0.125
353	0.151
354	0.201
355	0.165
356	0.151
357	0.093
358	0.088
359	0.071
360	0.047
361	0.042
362	0.043
363	0.049
364	0.029
365	0.018
366	0.009
367	0.006
368	0.004
369	0.005
370	0.009
371	0.028
372	0.044
373	0.08
374	0.128
375	0.16
376	0.225
377	0.277
378	0.295
379	0.365
380	0.303
381	0.292
382	0.209
383	0.19
384	0.239
385	0.199
386	0.167
387	0.119
388	0.134
389	0.091
390	0.078
391	0.055
392	0.029
393	0.044
394	0.071
395	0.104
396	0.126
397	0.117
398	0.148
399	0.169
400	0.206
401	0.159
402	0.174
403	0.109
404	0.096
405	0.076
406	0.057
407	0.036
408	0.016
409	0.024
410	0.014
411	0.017
412	0.011
413	0.023
414	0.032
415	0.042
416	0.031
417	0.045
418	0.043
419	0.065
420	0.074
421	0.082
422	0.107
423	0.137
424	0.152
425	0.291
426	0.458
427	0.514
428	0.665
429	0.528
430	0.47
431	0.368
432	0.236
433	0.272
434	0.17
435	0.134
436	0.137
437	0.116
438	0.095
439	0.082
440	0.066
441	0.066
442	0.061
443	0.081
444	0.125
445	0.167
446	0.16
447	0.109
448	0.125
449	0.093
450	0.12
451	0.162
452	0.13
453	0.131
454	0.108
455	0.129
456	0.121
457	0.147
458	0.165
459	0.179
460	0.204
461	0.236
462	0.266
463	0.207
464	0.232
465	0.247
466	0.215
467	0.157
468	0.098
469	0.077
470	0.041
471	0.035
472	0.021
473	0.016
474	0.029
475	0.024
476	0.026
477	0.043
478	0.04
479	0.057
480	0.037
481	0.038
482	0.046
483	0.031
484	0.018
485	0.011
486	0.004
487	0.009
488	0.021
489	0.035
490	0.047
491	0.096
492	0.097
493	0.147
494	0.151
495	0.195
496	0.237
497	0.209
498	0.17
499	0.132
500	0.146
501	0.136
502	0.1
503	0.091
504	0.084
505	0.041
506	0.043
507	0.023
508	0.024
509	0.018
510	0.015
511	0.005
512	0.009
513	0.016
514	0.017
515	0.022
516	0.028
517	0.022
518	0.032
519	0.025
520	0.024
521	0.025
522	0.018
523	0.031
524	0.039
525	0.059
526	0.068
527	0.053
528	0.041
529	0.062
530	0.065
531	0.043
532	0.035
533	0.021
534	0.014
535	0.005
536	0.008
537	0.015
538	0.029
539	0.046
540	0.049
541	0.051
542	0.089
543	0.098
544	0.085
545	0.109
546	0.152
547	0.155
548	0.156
549	0.2
550	0.244
551	0.242
552	0.276
553	0.289
554	0.237
555	0.272
556	0.199
557	0.146
558	0.116
559	0.137
560	0.128
561	0.125
562	0.129
563	0.126
564	0.18
565	0.218
566	0.277
567	0.338
568	0.331
569	0.294
570	0.235
571	0.166
572	0.126
573	0.086
574	0.087
575	0.069
576	0.072
577	0.087
578	0.087
579	0.123
580	0.097
581	0.079
582	0.052
583	0.051
584	0.037
585	0.035
586	0.022
587	0.016
588	0.012
589	0.012
590	0.016
591	0.024
592	0.04
593	0.053
594	0.097
595	0.119
596	0.171
597	0.161
598	0.192
599	0.167
600	0.153
601	0.137
602	0.177
603	0.184
604	0.195
605	0.207
606	0.192
607	0.136
608	0.102
609	0.051
610	0.025
611	0.034
612	0.025
613	0.032
614	0.032
615	0.026
616	0.044
617	0.199
618	0.238
619	0.342
620	0.299
621	0.267
622	0.215
623	0.176
624	0.191
625	0.119
626	0.081
627	0.038
628	0.026
629	0.058
630	0.034
631	0.016
632	0.003
633	0.007
634	0.002
635	0.005
636	0.015
637	0.017
638	0.008
639	0.003
640	0.001
641	0.015
642	0.048
643	0.073
644	0.125
645	0.168
646	0.236
647	0.224
648	0.299
649	0.3
650	0.202
651	0.182
652	0.126
653	0.096
654	0.046
655	0.029
656	0.013
657	0.025
658	0.05
659	0.081
660	0.128
661	0.168
662	0.189
663	0.141
664	0.115
665	0.075
666	0.063
667	0.04
668	0.016
669	0.024
670	0.033
671	0.057
672	0.046
673	0.024
674	0.043
675	0.029
676	0.007
677	0.014
678	0.035
679	0.038
680	0.057
681	0.053
682	0.069
683	0.078
684	0.059
685	0.091
686	0.085
687	0.13
688	0.166
689	0.256
690	0.214
691	0.13
692	0.154
693	0.097
694	0.047
695	0.035
696	0.017
697	0.017
698	0.039
699	0.059
700	0.095
701	0.136
702	0.103
703	0.078
704	0.036
705	0.023
706	0.033
707	0.024
708	0.051
709	0.044
710	0.05
711	0.035
712	0.026
713	0.008
714	0.005
715	0.01
716	0.003
717	0.001
718	0.01
719	0.022
720	0.049
721	0.094
722	0.123
723	0.122
724	0.085
725	0.131
726	0.135
727	0.183
728	0.172
729	0.229
730	0.234
731	0.337
732	0.525
733	0.678
734	0.987
735	1.114
736	1.288
737	1.029
738	1.002
739	0.864
740	0.568
741	0.563
742	0.411
743	0.339
744	0.285
745	0.258
746	0.177
747	0.155
748	0.085
749	0.103
750	0.079
751	0.131
752	0.112
753	0.082
754	0.051
755	0.034
756	0.015
757	0.003
758	0.008
759	0.005
760	0.001
761	0.005
762	0.021
763	0.056
764	0.097
765	0.178
766	0.248
767	0.34
768	0.402
769	0.418
770	0.372
771	0.236
772	0.225
773	0.147
774	0.12
775	0.161
776	0.139
777	0.133
778	0.119
779	0.099
780	0.104
781	0.079
782	0.11
783	0.1
784	0.116
785	0.189
786	0.252
787	0.345
788	0.457
789	0.383
790	0.263
791	0.248
792	0.151
793	0.137
794	0.075
795	0.102
796	0.132
797	0.08
798	0.069
799	0.058
800	0.025
801	0.031
802	0.052
803	0.077
804	0.05
805	0.065
806	0.096
807	0.062
808	0.066
809	0.068
810	0.064
811	0.077
812	0.131
813	0.16
814	0.171
815	0.243
816	0.278
817	0.374
818	0.444
819	0.504
820	0.426
821	0.328
822	0.237
823	0.165
824	0.115
825	0.061
826	0.029
827	0.016
828	0.006
829	0.039
830	0.051
831	0.119
832	0.178
833	0.251
834	0.318
835	0.354
836	0.328
837	0.457
838	0.448
839	0.294
840	0.151
841	0.113
842	0.063
843	0.029
844	0.031
845	0.026
846	0.057
847	0.051
848	0.033
849	0.032
850	0.065
851	0.086
852	0.07
853	0.087
854	0.128
855	0.139
856	0.126
857	0.161
858	0.202
859	0.204
860	0.253
861	0.27
862	0.271
863	0.362
864	0.352
865	0.292
866	0.311
867	0.306
868	0.337
869	0.275
870	0.272
871	0.202
872	0.236
873	0.217
874	0.26
875	0.293
876	0.353
877	0.384
878	0.365
879	0.316
880	0.241
881	0.254
882	0.284
883	0.249
884	0.269
885	0.215
886	0.22
887	0.207
888	0.153
889	0.12
890	0.123
891	0.156
892	0.209
893	0.234
894	0.311
895	0.278
896	0.312
897	0.255
898	0.181
899	0.137
900	0.079
901	0.082
902	0.072
903	0.074
904	0.069
905	0.051
906	0.105
907	0.127
908	0.144
909	0.182
910	0.259
911	0.299
912	0.383
913	0.433
914	0.423
915	0.467
916	0.517
917	0.5
918	0.613
919	0.544
920	0.503
921	0.421
922	0.415
923	0.358
924	0.266
925	0.002
926	0.005
927	0.007
928	0.007
929	0.006
930	0.005
931	0.004
932	0.004
933	0.003
934	0.003
935	0.003
936	0.003
937	0.003
938	0.003
939	0.003
940	0.004
941	0.006
942	0.007
943	0.005
944	0.004
945	0.003
946	0.003
947	0.004
948	0.005
949	0.006
950	0.006
951	0.008
952	0.01
953	0.012
954	0.016
955	0.017
956	0.019
957	0.021
958	0.018
959	0.019
960	0.016
961	0.016
962	0.014
963	0.014
964	0.011
965	0.008
966	0.01
967	0.01
968	0.01
969	0.009
970	0.009
971	0.009
972	0.011
973	0.011
974	0.014
975	0.016
976	0.014
977	0.011
978	0.01
979	0.008
980	0.007
981	0.005
982	0.006
983	0.009
984	0.008
985	0.009
986	0.01
987	0.015
988	0.02
989	0.026
990	0.031
991	0.029
992	0.036
993	0.036
994	0.038
995	0.042
996	0.036
997	0.03
998	0.025
999	0.026
1000	0.026
1001	0.027
1002	0.029
1003	0.026
1004	0.032
1005	0.027
1006	0.027
1007	0.024
1008	0.022
1009	0.027
1010	0.029
1011	0.033
1012	0.034
1013	0.031
1014	0.034
1015	0.037
1016	0.038
1017	0.021
1018	0.019
1019	0.019
1020	0.022
1021	0.021
1022	0.018
1023	0.014
1024	0.011
1025	0.014
1026	0.013
1027	0.015
1028	0.015
1029	0.019
1030	0.018
1031	0.014
1032	0.01
1033	0.007
1034	0.006
1035	0.007
1036	0.011
1037	0.014
1038	0.02
1039	0.027
1040	0.026
1041	0.026
1042	0.03
1043	0.026
1044	0.026
1045	0.021
1046	0.015
1047	0.011
1048	0.01
1049	0.012
1050	0.014
1051	0.01
1052	0.009
1053	0.007
1054	0.01
1055	0.012
1056	0.015
1057	0.019
1058	0.022
1059	0.028
1060	0.029
1061	0.038
1062	0.034
1063	0.028
1064	0.032
1065	0.026
1066	0.03
1067	0.038
1068	0.033
1069	0.032
1070	0.026
1071	0.025
1072	0.019
1073	0.017
1074	0.013
1075	0.009
1076	0.007
1077	0.01
1078	0.015
1079	0.019
1080	0.025
1081	0.033
1082	0.038
1083	0.032
1084	0.028
1085	0.021
1086	0.015
1087	0.011
1088	0.007
1089	0.006
1090	0.004
1091	0.005
1092	0.008
1093	0.009
1094	0.014
1095	0.017
1096	0.023
1097	0.028
1098	0.022
1099	0.021
1100	0.017
1101	0.019
1102	0.015
1103	0.019
1104	0.022
1105	0.023
1106	0.023
1107	0.032
1108	0.029
1109	0.037
1110	0.039
1111	0.051
1112	0.055
1113	0.05
1114	0.044
1115	0.032
1116	0.027
1117	0.021
1118	0.02
1119	0.018
1120	0.019
1121	0.018
1122	0.016
1123	0.016
1124	0.016
1125	0.018
1126	0.018
1127	0.019
1128	0.015
1129	0.013
1130	0.012
1131	0.011
1132	0.009
1133	0.008
1134	0.006
1135	0.006
1136	0.005
1137	0.006
1138	0.005
1139	0.004
1140	0.006
1141	0.005
1142	0.008
1143	0.012
1144	0.015
1145	0.015
1146	0.018
1147	0.016
1148	0.011
1149	0.01
1150	0.009
1151	0.008
1152	0.008
1153	0.008
1154	0.008
1155	0.007
1156	0.005
1157	0.005
1158	0.004
1159	0.005
1160	0.006
1161	0.006
1162	0.005
1163	0.006
1164	0.007
1165	0.006
1166	0.006
1167	0.008
1168	0.008
1169	0.009
1170	0.009
1171	0.011
1172	0.011
1173	0.012
1174	0.011
1175	0.009
1176	0.008
1177	0.007
1178	0.006
1179	0.004
1180	0.006
1181	0.006
1182	0.011
1183	0.013
1184	0.015
1185	0.017
1186	0.016
1187	0.008
1188	0.005
1189	0.004
1190	0.007
1191	0.008
1192	0.009
1193	0.009
1194	0.01
1195	0.011
1196	0.012
1197	0.01
1198	0.009
1199	0.009
1200	0.01
1201	0.01
1202	0.012
1203	0.012
1204	0.014
1205	0.015
1206	0.012
1207	0.01
1208	0.007
1209	0.008
1210	0.007
1211	0.006
1212	0.005
1213	0.005
1214	0.004
1215	0.004
1216	0.004
1217	0.005
1218	0.006
1219	0.006
1220	0.007
1221	0.008
1222	0.01
1223	0.011
1224	0.013
1225	0.013
1226	0.014
1227	0.013
1228	0.013
1229	0.011
1230	0.011
1231	0.011
1232	0.011
