index	displacement
1	0.192
2	0.222
3	0.216
4	0.192
5	0.18
6	0.144
7	0.132
8	0.14
9	0.117
10	0.123
11	0.116
12	0.095
13	0.082
14	0.077
15	0.055
16	0.054
17	0.049
18	0.038
19	0.029
20	0.025
21	0.039
22	0.056
23	0.081
24	0.107
25	0.138
26	0.154
27	0.166
28	0.187
29	0.191
30	0.197
31	0.163
32	0.178
33	0.138
34	0.108
35	0.1
36	0.1
37	0.081
38	0.061
39	0.054
40	0.048
41	0.067
42	0.088
43	0.112
44	0.152
45	0.17
46	0.184
47	0.147
48	0.141
49	0.104
50	0.096
51	0.07
52	0.048
53	0.056
54	0.055
55	0.053
56	0.034
57	0.028
58	0.016
59	0.018
60	0.019
61	0.012
62	0.011
63	0.016
64	0.029
65	0.048
66	0.067
67	0.068
68	0.089
69	0.103
70	0.091
71	0.113
72	0.09
73	0.102
74	0.07
75	0.055
76	0.082
77	0.067
78	0.049
79	0.04
80	0.051
81	0.04
82	0.05
83	0.045
84	0.031
85	0.042
86	0.054
87	0.077
88	0.09
89	0.072
90	0.094
91	0.074
92	0.102
93	0.101
94	0.103
95	0.071
96	0.048
97	0.035
98	0.036
99	0.038
100	0.024
101	0.017
102	0.016
103	0.026
104	0.03
105	0.026
106	0.031
107	0.031
108	0.023
109	0.031
110	0.025
111	0.03
112	0.034
113	0.042
114	0.063
115	0.085
116	0.085
117	0.112
118	0.137
119	0.13
120	0.173
121	0.159
122	0.142
123	0.111
124	0.08
125	0.1
126	0.074
127	0.058
128	0.061
129	0.056
130	0.042
131	0.037
132	0.021
133	0.022
134	0.014
135	0.019
136	0.021
137	0.019
138	0.024
139	0.014
140	0.018
141	0.021
142	0.034
143	0.042
144	0.043
145	0.033
146	0.022
147	0.029
148	0.038
149	0.053
150	0.07
151	0.088
152	0.098
153	0.103
154	0.115
155	0.089
156	0.111
157	0.117
158	0.112
159	0.093
160	0.071
161	0.046
162	0.027
163	0.017
164	0.013
165	0.015
166	0.027
167	0.037
168	0.043
169	0.059
170	0.077
171	0.092
172	0.116
173	0.081
174	0.057
175	0.069
176	0.058
177	0.056
178	0.055
179	0.064
180	0.044
181	0.033
182	0.018
183	0.015
184	0.018
185	0.021
186	0.013
187	0.013
188	0.024
189	0.031
190	0.034
191	0.04
192	0.063
193	0.085
194	0.076
195	0.095
196	0.118
197	0.116
198	0.148
199	0.179
200	0.228
201	0.274
202	0.324
203	0.354
204	0.339
205	0.284
206	0.227
207	0.18
208	0.17
209	0.131
210	0.112
211	0.102
212	0.082
213	0.083
214	0.059
215	0.065
216	0.075
217	0.079
218	0.099
219	0.121
220	0.132
221	0.174
222	0.202
223	0.166
224	0.133
225	0.089
226	0.087
227	0.065
228	0.083
229	0.08
230	0.106
231	0.102
232	0.082
233	0.063
234	0.078
235	0.103
236	0.091
237	0.086
238	0.113
239	0.133
240	0.121
241	0.127
242	0.158
243	0.174
244	0.198
245	0.235
246	0.242
247	0.303
248	0.313
249	0.276
250	0.271
251	0.262
252	0.285
253	0.251
254	0.257
255	0.226
256	0.247
257	0.24
258	0.223
259	0.237
260	0.3
261	0.302
262	0.327
263	0.315
264	0.29
265	0.29
266	0.293
267	0.256
268	0.252
269	0.211
270	0.211
271	0.209
272	0.17
273	0.146
274	0.15
275	0.181
276	0.219
277	0.255
278	0.314
279	0.303
280	0.3
281	0.265
282	0.225
283	0.234
284	0.201
285	0.219
286	0.235
287	0.218
288	0.205
289	0.16
290	0.165
291	0.185
292	0.172
293	0.187
294	0.218
295	0.24
296	0.297
297	0.319
298	0.321
299	0.355
300	0.387
301	0.364
302	0.411
303	0.399
304	0.407
305	0.371
306	0.4
307	0.381
308	0.333
309	0.098
310	0.086
311	0.062
312	0.048
313	0.041
314	0.032
315	0.037
316	0.033
317	0.032
318	0.028
319	0.024
320	0.037
321	0.042
322	0.034
323	0.038
324	0.028
325	0.029
326	0.025
327	0.037
328	0.054
329	0.052
330	0.043
331	0.029
332	0.03
333	0.02
334	0.013
335	0.011
336	0.008
337	0.009
338	0.015
339	0.019
340	0.022
341	0.035
342	0.022
343	0.024
344	0.015
345	0.019
346	0.015
347	0.025
348	0.028
349	0.028
350	0.032
351	0.042
352	0.046
353	0.044
354	0.065
355	0.067
356	0.073
357	0.066
358	0.056
359	0.046
360	0.049
361	0.05
362	0.07
363	0.078
364	0.08
365	0.065
366	0.088
367	0.084
368	0.057
369	0.055
370	0.09
371	0.109
372	0.154
373	0.174
374	0.2
375	0.179
376	0.163
377	0.158
378	0.114
379	0.101
380	0.077
381	0.086
382	0.073
383	0.077
384	0.114
385	0.121
386	0.103
387	0.12
388	0.135
389	0.132
390	0.172
391	0.185
392	0.21
393	0.271
394	0.253
395	0.244
396	0.196
397	0.155
398	0.164
399	0.123
400	0.149
401	0.133
402	0.11
403	0.076
404	0.051
405	0.056
406	0.076
407	0.069
408	0.056
409	0.046
410	0.03
411	0.016
412	0.013
413	0.014
414	0.025
415	0.038
416	0.049
417	0.081
418	0.108
419	0.156
420	0.173
421	0.234
422	0.273
423	0.368
424	0.42
425	0.498
426	0.639
427	0.671
428	0.721
429	0.593
430	0.567
431	0.515
432	0.371
433	0.384
434	0.329
435	0.26
436	0.207
437	0.165
438	0.114
439	0.077
440	0.054
441	0.034
442	0.02
443	0.017
444	0.024
445	0.021
446	0.038
447	0.032
448	0.039
449	0.055
450	0.062
451	0.08
452	0.097
453	0.083
454	0.063
455	0.065
456	0.088
457	0.094
458	0.14
459	0.164
460	0.222
461	0.258
462	0.259
463	0.219
464	0.259
465	0.241
466	0.256
467	0.275
468	0.254
469	0.214
470	0.179
471	0.134
472	0.125
473	0.09
474	0.097
475	0.072
476	0.056
477	0.063
478	0.061
479	0.052
480	0.054
481	0.047
482	0.038
483	0.041
484	0.031
485	0.02
486	0.015
487	0.012
488	0.012
489	0.012
490	0.012
491	0.015
492	0.026
493	0.033
494	0.02
495	0.019
496	0.025
497	0.032
498	0.027
499	0.032
500	0.056
501	0.067
502	0.044
503	0.041
504	0.042
505	0.031
506	0.024
507	0.026
508	0.022
509	0.02
510	0.02
511	0.02
512	0.019
513	0.018
514	0.014
515	0.01
516	0.008
517	0.009
518	0.012
519	0.016
520	0.027
521	0.048
522	0.052
523	0.081
524	0.081
525	0.107
526	0.103
527	0.098
528	0.091
529	0.129
530	0.127
531	0.091
532	0.068
533	0.047
534	0.03
535	0.018
536	0.012
537	0.012
538	0.013
539	0.018
540	0.024
541	0.038
542	0.043
543	0.036
544	0.043
545	0.059
546	0.056
547	0.055
548	0.072
549	0.084
550	0.079
551	0.082
552	0.073
553	0.077
554	0.06
555	0.06
556	0.052
557	0.042
558	0.027
559	0.023
560	0.018
561	0.013
562	0.009
563	0.009
564	0.01
565	0.015
566	0.019
567	0.023
568	0.016
569	0.011
570	0.01
571	0.008
572	0.01
573	0.008
574	0.008
575	0.01
576	0.015
577	0.018
578	0.025
579	0.039
580	0.038
581	0.027
582	0.016
583	0.012
584	0.012
585	0.011
586	0.013
587	0.013
588	0.016
589	0.014
590	0.009
591	0.011
592	0.014
593	0.016
594	0.022
595	0.02
596	0.026
597	0.032
598	0.029
599	0.018
600	0.017
601	0.014
602	0.015
603	0.019
604	0.018
605	0.025
606	0.029
607	0.028
608	0.033
609	0.029
610	0.033
611	0.024
612	0.022
613	0.016
614	0.014
615	0.014
616	0.01
617	0.035
618	0.02
619	0.026
620	0.022
621	0.035
622	0.037
623	0.05
624	0.07
625	0.07
626	0.08
627	0.068
628	0.073
629	0.065
630	0.047
631	0.036
632	0.03
633	0.021
634	0.02
635	0.024
636	0.028
637	0.035
638	0.047
639	0.05
640	0.067
641	0.075
642	0.074
643	0.079
644	0.081
645	0.09
646	0.091
647	0.08
648	0.102
649	0.095
650	0.069
651	0.054
652	0.039
653	0.029
654	0.021
655	0.017
656	0.016
657	0.016
658	0.015
659	0.014
660	0.014
661	0.014
662	0.015
663	0.016
664	0.019
665	0.017
666	0.018
667	0.017
668	0.017
669	0.016
670	0.02
671	0.024
672	0.026
673	0.026
674	0.028
675	0.022
676	0.02
677	0.019
678	0.019
679	0.018
680	0.022
681	0.021
682	0.02
683	0.02
684	0.019
685	0.019
686	0.02
687	0.023
688	0.024
689	0.025
690	0.025
691	0.022
692	0.021
693	0.02
694	0.019
695	0.019
696	0.019
697	0.02
698	0.023
699	0.025
700	0.027
701	0.031
702	0.028
703	0.029
704	0.026
705	0.024
706	0.027
707	0.022
708	0.026
709	0.032
710	0.033
711	0.024
712	0.021
713	0.019
714	0.019
715	0.019
716	0.017
717	0.016
718	0.017
719	0.018
720	0.022
721	0.025
722	0.028
723	0.027
724	0.025
725	0.027
726	0.026
727	0.027
728	0.024
729	0.029
730	0.028
731	0.033
732	0.044
733	0.048
734	0.064
735	0.073
736	0.075
737	0.059
738	0.06
739	0.058
740	0.046
741	0.04
742	0.034
743	0.032
744	0.028
745	0.029
746	0.024
747	0.025
748	0.022
749	0.024
750	0.022
751	0.025
752	0.024
753	0.022
754	0.019
755	0.019
756	0.017
757	0.017
758	0.018
759	0.018
760	0.019
761	0.017
762	0.018
763	0.02
764	0.021
765	0.023
766	0.024
767	0.029
768	0.032
769	0.03
770	0.025
771	0.022
772	0.022
773	0.02
774	0.02
775	0.023
776	0.025
777	0.024
778	0.025
779	0.022
780	0.026
781	0.026
782	0.031
783	0.031
784	0.032
785	0.035
786	0.041
787	0.044
788	0.053
789	0.047
790	0.039
791	0.042
792	0.036
793	0.036
794	0.031
795	0.032
796	0.033
797	0.023
798	0.021
799	0.018
800	0.017
801	0.018
802	0.018
803	0.01
804	0.011
805	0.013
806	0.013
807	0.021
808	0.028
809	0.027
810	0.022
811	0.019
812	0.025
813	0.035
814	0.035
815	0.052
816	0.058
817	0.064
818	0.074
819	0.103
820	0.111
821	0.085
822	0.077
823	0.057
824	0.057
825	0.047
826	0.045
827	0.051
828	0.048
829	0.05
830	0.04
831	0.041
832	0.041
833	0.04
834	0.044
835	0.053
836	0.061
837	0.072
838	0.084
839	0.074
840	0.064
841	0.051
842	0.05
843	0.038
844	0.039
845	0.029
846	0.027
847	0.024
848	0.028
849	0.024
850	0.031
851	0.026
852	0.019
853	0.024
854	0.03
855	0.021
856	0.021
857	0.032
858	0.031
859	0.023
860	0.017
861	0.014
862	0.012
863	0.011
864	0.015
865	0.019
866	0.025
867	0.027
868	0.042
869	0.05
870	0.073
871	0.087
872	0.111
873	0.143
874	0.143
875	0.188
876	0.187
877	0.148
878	0.155
879	0.124
880	0.132
881	0.108
882	0.079
883	0.06
884	0.044
885	0.03
886	0.024
887	0.016
888	0.017
889	0.016
890	0.026
891	0.038
892	0.053
893	0.073
894	0.096
895	0.115
896	0.13
897	0.13
898	0.122
899	0.121
900	0.113
901	0.114
902	0.14
903	0.131
904	0.145
905	0.128
906	0.13
907	0.113
908	0.085
909	0.067
910	0.064
911	0.046
912	0.052
913	0.037
914	0.025
915	0.031
916	0.03
917	0.042
918	0.058
919	0.059
920	0.079
921	0.084
922	0.109
923	0.124
924	0.127
925	0.129
926	0.149
927	0.154
928	0.128
929	0.113
930	0.094
931	0.092
932	0.094
933	0.079
934	0.075
935	0.059
936	0.05
937	0.053
938	0.044
939	0.028
940	0.021
941	0.022
942	0.013
943	0.01
944	0.012
945	0.013
946	0.022
947	0.031
948	0.038
949	0.048
950	0.049
951	0.049
952	0.051
953	0.046
954	0.044
955	0.032
956	0.035
957	0.025
958	0.016
959	0.017
960	0.018
961	0.017
962	0.014
963	0.018
964	0.02
965	0.03
966	0.039
967	0.056
968	0.074
969	0.088
970	0.1
971	0.086
972	0.079
973	0.06
974	0.049
975	0.033
976	0.031
977	0.036
978	0.047
979	0.048
980	0.04
981	0.025
982	0.025
983	0.032
984	0.019
985	0.018
986	0.03
987	0.05
988	0.079
989	0.111
990	0.147
991	0.148
992	0.181
993	0.203
994	0.195
995	0.232
996	0.195
997	0.196
998	0.142
999	0.127
1000	0.163
1001	0.145
1002	0.122
1003	0.104
1004	0.12
1005	0.095
1006	0.112
1007	0.107
1008	0.101
1009	0.14
1010	0.15
1011	0.166
1012	0.148
1013	0.111
1014	0.105
1015	0.077
1016	0.089
1017	0.074
1018	0.06
1019	0.049
1020	0.03
1021	0.036
1022	0.047
1023	0.041
1024	0.026
1025	0.022
1026	0.013
1027	0.01
1028	0.01
1029	0.019
1030	0.033
1031	0.04
1032	0.03
1033	0.037
1034	0.034
1035	0.048
1036	0.069
1037	0.083
1038	0.122
1039	0.158
1040	0.143
1041	0.163
1042	0.177
1043	0.146
1044	0.183
1045	0.183
1046	0.147
1047	0.104
1048	0.087
1049	0.124
1050	0.109
1051	0.082
1052	0.09
1053	0.073
1054	0.069
1055	0.062
1056	0.051
1057	0.05
1058	0.037
1059	0.052
1060	0.07
1061	0.079
1062	0.083
1063	0.053
1064	0.055
1065	0.049
1066	0.052
1067	0.074
1068	0.087
1069	0.087
1070	0.071
1071	0.086
1072	0.089
1073	0.101
1074	0.115
1075	0.114
1076	0.117
1077	0.134
1078	0.166
1079	0.151
1080	0.188
1081	0.21
1082	0.214
1083	0.181
1084	0.149
1085	0.108
1086	0.073
1087	0.05
1088	0.03
1089	0.02
1090	0.018
1091	0.02
1092	0.029
1093	0.049
1094	0.069
1095	0.1
1096	0.133
1097	0.108
1098	0.071
1099	0.058
1100	0.036
1101	0.023
1102	0.014
1103	0.013
1104	0.011
1105	0.01
1106	0.017
1107	0.021
1108	0.027
1109	0.044
1110	0.044
1111	0.048
1112	0.061
1113	0.043
1114	0.024
1115	0.02
1116	0.03
1117	0.038
1118	0.026
1119	0.032
1120	0.033
1121	0.027
1122	0.039
1123	0.044
1124	0.061
1125	0.076
1126	0.094
1127	0.096
1128	0.091
1129	0.077
1130	0.061
1131	0.049
1132	0.05
1133	0.041
1134	0.038
1135	0.032
1136	0.025
1137	0.026
1138	0.018
1139	0.027
1140	0.042
1141	0.055
1142	0.078
1143	0.091
1144	0.087
1145	0.115
1146	0.124
1147	0.094
1148	0.06
1149	0.038
1150	0.027
1151	0.016
1152	0.022
1153	0.025
1154	0.037
1155	0.043
1156	0.039
1157	0.038
1158	0.054
1159	0.064
1160	0.057
1161	0.066
1162	0.085
1163	0.087
1164	0.085
1165	0.102
1166	0.117
1167	0.112
1168	0.129
1169	0.131
1170	0.122
1171	0.143
1172	0.135
1173	0.115
1174	0.11
1175	0.113
1176	0.117
1177	0.105
1178	0.101
1179	0.088
1180	0.073
1181	0.074
1182	0.075
1183	0.075
1184	0.063
1185	0.053
1186	0.048
1187	0.075
1188	0.079
1189	0.093
1190	0.103
1191	0.091
1192	0.093
1193	0.083
1194	0.083
1195	0.089
1196	0.069
1197	0.061
1198	0.055
1199	0.06
1200	0.068
1201	0.077
1202	0.091
1203	0.082
1204	0.077
1205	0.068
1206	0.057
1207	0.064
1208	0.053
1209	0.06
1210	0.063
1211	0.068
1212	0.076
1213	0.07
1214	0.077
1215	0.078
1216	0.086
1217	0.089
1218	0.099
1219	0.113
1220	0.131
1221	0.144
1222	0.14
1223	0.142
1224	0.14
1225	0.118
1226	0.129
1227	0.137
1228	0.137
1229	0.123
1230	0.132
1231	0.113
1232	0.084
