index	displacement
1	0.314
2	0.267
3	0.237
4	0.183
5	0.147
6	0.098
7	0.08
8	0.084
9	0.055
10	0.042
11	0.02
12	0.018
13	0.022
14	0.014
15	0.008
16	0.009
17	0.023
18	0.029
19	0.019
20	0.009
21	0.005
22	0.004
23	0.004
24	0.006
25	0.005
26	0.007
27	0.005
28	0.011
29	0.018
30	0.037
31	0.061
32	0.074
33	0.107
34	0.091
35	0.112
36	0.084
37	0.105
38	0.079
39	0.091
40	0.061
41	0.05
42	0.079
43	0.098
44	0.13
45	0.135
46	0.171
47	0.138
48	0.15
49	0.121
50	0.13
51	0.126
52	0.103
53	0.078
54	0.068
55	0.05
56	0.028
57	0.016
58	0.013
59	0.029
60	0.033
61	0.047
62	0.045
63	0.068
64	0.075
65	0.109
66	0.138
67	0.162
68	0.22
69	0.261
70	0.304
71	0.376
72	0.356
73	0.348
74	0.277
75	0.248
76	0.261
77	0.221
78	0.205
79	0.157
80	0.172
81	0.134
82	0.116
83	0.1
84	0.059
85	0.054
86	0.069
87	0.105
88	0.147
89	0.166
90	0.226
91	0.249
92	0.292
93	0.24
94	0.241
95	0.188
96	0.179
97	0.157
98	0.126
99	0.094
100	0.064
101	0.086
102	0.076
103	0.086
104	0.084
105	0.119
106	0.126
107	0.121
108	0.088
109	0.085
110	0.066
111	0.068
112	0.078
113	0.065
114	0.079
115	0.072
116	0.057
117	0.078
118	0.081
119	0.085
120	0.123
121	0.13
122	0.132
123	0.111
124	0.089
125	0.11
126	0.083
127	0.083
128	0.111
129	0.115
130	0.124
131	0.137
132	0.133
133	0.159
134	0.165
135	0.212
136	0.241
137	0.286
138	0.253
139	0.202
140	0.22
141	0.175
142	0.207
143	0.252
144	0.205
145	0.194
146	0.177
147	0.196
148	0.171
149	0.191
150	0.181
151	0.185
152	0.169
153	0.162
154	0.183
155	0.165
156	0.172
157	0.197
158	0.176
159	0.125
160	0.095
161	0.081
162	0.058
163	0.06
164	0.038
165	0.04
166	0.039
167	0.049
168	0.072
169	0.108
170	0.136
171	0.188
172	0.233
173	0.233
174	0.181
175	0.14
176	0.099
177	0.095
178	0.066
179	0.081
180	0.122
181	0.132
182	0.156
183	0.207
184	0.194
185	0.255
186	0.271
187	0.336
188	0.372
189	0.343
190	0.297
191	0.236
192	0.247
193	0.221
194	0.177
195	0.145
196	0.159
197	0.135
198	0.108
199	0.099
200	0.089
201	0.128
202	0.119
203	0.097
204	0.06
205	0.059
206	0.042
207	0.041
208	0.025
209	0.017
210	0.01
211	0.005
212	0.006
213	0.017
214	0.027
215	0.044
216	0.073
217	0.099
218	0.134
219	0.14
220	0.111
221	0.131
222	0.111
223	0.079
224	0.049
225	0.044
226	0.024
227	0.022
228	0.018
229	0.025
230	0.038
231	0.038
232	0.024
233	0.027
234	0.036
235	0.055
236	0.061
237	0.062
238	0.083
239	0.108
240	0.109
241	0.114
242	0.149
243	0.174
244	0.203
245	0.243
246	0.226
247	0.273
248	0.248
249	0.205
250	0.167
251	0.154
252	0.14
253	0.11
254	0.096
255	0.072
256	0.096
257	0.105
258	0.136
259	0.166
260	0.175
261	0.166
262	0.135
263	0.107
264	0.072
265	0.063
266	0.083
267	0.075
268	0.098
269	0.099
270	0.123
271	0.155
272	0.138
273	0.095
274	0.072
275	0.061
276	0.059
277	0.048
278	0.048
279	0.024
280	0.018
281	0.011
282	0.008
283	0.004
284	0.004
285	0.011
286	0.024
287	0.038
288	0.058
289	0.051
290	0.074
291	0.066
292	0.067
293	0.075
294	0.116
295	0.141
296	0.178
297	0.211
298	0.22
299	0.218
300	0.238
301	0.212
302	0.203
303	0.177
304	0.136
305	0.102
306	0.089
307	0.054
308	0.037
309	0.038
310	0.048
311	0.045
312	0.038
313	0.048
314	0.05
315	0.066
316	0.074
317	0.074
318	0.075
319	0.061
320	0.076
321	0.082
322	0.062
323	0.056
324	0.04
325	0.037
326	0.031
327	0.042
328	0.062
329	0.059
330	0.06
331	0.046
332	0.045
333	0.037
334	0.028
335	0.019
336	0.015
337	0.011
338	0.012
339	0.01
340	0.018
341	0.019
342	0.01
343	0.013
344	0.008
345	0.013
346	0.014
347	0.027
348	0.032
349	0.029
350	0.024
351	0.027
352	0.021
353	0.022
354	0.03
355	0.041
356	0.041
357	0.045
358	0.037
359	0.041
360	0.055
361	0.051
362	0.074
363	0.083
364	0.099
365	0.083
366	0.107
367	0.101
368	0.07
369	0.068
370	0.103
371	0.128
372	0.193
373	0.236
374	0.284
375	0.264
376	0.288
377	0.283
378	0.252
379	0.251
380	0.186
381	0.14
382	0.109
383	0.136
384	0.177
385	0.2
386	0.195
387	0.193
388	0.229
389	0.197
390	0.229
391	0.221
392	0.239
393	0.304
394	0.308
395	0.304
396	0.275
397	0.216
398	0.221
399	0.187
400	0.187
401	0.144
402	0.1
403	0.082
404	0.072
405	0.087
406	0.104
407	0.085
408	0.071
409	0.066
410	0.043
411	0.028
412	0.016
413	0.02
414	0.016
415	0.025
416	0.036
417	0.051
418	0.084
419	0.131
420	0.168
421	0.237
422	0.297
423	0.393
424	0.453
425	0.554
426	0.751
427	0.738
428	0.766
429	0.594
430	0.475
431	0.393
432	0.306
433	0.33
434	0.303
435	0.219
436	0.168
437	0.112
438	0.094
439	0.062
440	0.065
441	0.049
442	0.051
443	0.057
444	0.086
445	0.125
446	0.136
447	0.101
448	0.124
449	0.117
450	0.125
451	0.177
452	0.184
453	0.176
454	0.132
455	0.127
456	0.122
457	0.102
458	0.118
459	0.092
460	0.128
461	0.196
462	0.244
463	0.233
464	0.311
465	0.336
466	0.37
467	0.353
468	0.319
469	0.252
470	0.205
471	0.144
472	0.128
473	0.082
474	0.073
475	0.039
476	0.021
477	0.014
478	0.004
479	0.011
480	0.044
481	0.049
482	0.019
483	0.01
484	0.002
485	0.007
486	0.005
487	0.008
488	0.019
489	0.027
490	0.043
491	0.071
492	0.083
493	0.12
494	0.116
495	0.138
496	0.164
497	0.139
498	0.102
499	0.076
500	0.078
501	0.065
502	0.041
503	0.025
504	0.019
505	0.014
506	0.006
507	0.009
508	0.009
509	0.009
510	0.015
511	0.016
512	0.017
513	0.014
514	0.012
515	0.009
516	0.013
517	0.013
518	0.021
519	0.023
520	0.029
521	0.032
522	0.03
523	0.037
524	0.022
525	0.027
526	0.012
527	0.006
528	0.01
529	0.019
530	0.025
531	0.022
532	0.023
533	0.015
534	0.015
535	0.015
536	0.013
537	0.015
538	0.013
539	0.023
540	0.038
541	0.05
542	0.061
543	0.045
544	0.044
545	0.065
546	0.063
547	0.046
548	0.059
549	0.077
550	0.064
551	0.05
552	0.039
553	0.027
554	0.016
555	0.012
556	0.007
557	0.006
558	0.009
559	0.016
560	0.021
561	0.029
562	0.041
563	0.051
564	0.07
565	0.092
566	0.104
567	0.132
568	0.126
569	0.101
570	0.092
571	0.068
572	0.064
573	0.043
574	0.033
575	0.02
576	0.014
577	0.013
578	0.008
579	0.009
580	0.011
581	0.013
582	0.009
583	0.011
584	0.011
585	0.015
586	0.02
587	0.018
588	0.018
589	0.021
590	0.016
591	0.023
592	0.027
593	0.038
594	0.058
595	0.069
596	0.091
597	0.092
598	0.099
599	0.079
600	0.065
601	0.049
602	0.051
603	0.04
604	0.039
605	0.028
606	0.018
607	0.015
608	0.01
609	0.011
610	0.019
611	0.023
612	0.026
613	0.026
614	0.037
615	0.034
616	0.034
617	0.039
618	0.004
619	0.015
620	0.019
621	0.023
622	0.029
623	0.031
624	0.052
625	0.053
626	0.065
627	0.054
628	0.06
629	0.053
630	0.036
631	0.026
632	0.018
633	0.01
634	0.007
635	0.011
636	0.019
637	0.027
638	0.036
639	0.036
640	0.05
641	0.053
642	0.052
643	0.05
644	0.054
645	0.053
646	0.054
647	0.042
648	0.047
649	0.034
650	0.023
651	0.019
652	0.016
653	0.01
654	0.006
655	0.003
656	0.003
657	0.006
658	0.005
659	0.006
660	0.011
661	0.013
662	0.009
663	0.004
664	0.006
665	0.003
666	0.004
667	0.003
668	0.002
669	0.002
670	0.004
671	0.006
672	0.012
673	0.014
674	0.018
675	0.013
676	0.009
677	0.008
678	0.012
679	0.013
680	0.016
681	0.019
682	0.024
683	0.024
684	0.026
685	0.031
686	0.028
687	0.034
688	0.027
689	0.028
690	0.02
691	0.02
692	0.027
693	0.025
694	0.02
695	0.017
696	0.016
697	0.013
698	0.013
699	0.01
700	0.012
701	0.014
702	0.017
703	0.015
704	0.014
705	0.01
706	0.01
707	0.01
708	0.011
709	0.009
710	0.01
711	0.006
712	0.005
713	0.005
714	0.006
715	0.004
716	0.005
717	0.004
718	0.004
719	0.002
720	0.003
721	0.002
722	0.004
723	0.007
724	0.009
725	0.015
726	0.02
727	0.025
728	0.026
729	0.031
730	0.035
731	0.043
732	0.057
733	0.079
734	0.113
735	0.123
736	0.137
737	0.108
738	0.097
739	0.082
740	0.061
741	0.062
742	0.049
743	0.04
744	0.033
745	0.027
746	0.021
747	0.015
748	0.011
749	0.007
750	0.005
751	0.005
752	0.009
753	0.011
754	0.013
755	0.009
756	0.009
757	0.008
758	0.007
759	0.01
760	0.011
761	0.013
762	0.012
763	0.015
764	0.018
765	0.02
766	0.026
767	0.027
768	0.034
769	0.042
770	0.044
771	0.035
772	0.038
773	0.036
774	0.034
775	0.033
776	0.029
777	0.025
778	0.021
779	0.02
780	0.02
781	0.017
782	0.02
783	0.016
784	0.011
785	0.011
786	0.008
787	0.008
788	0.005
789	0.004
790	0.003
791	0.003
792	0.005
793	0.004
794	0.006
795	0.006
796	0.003
797	0.002
798	0.003
799	0.004
800	0.005
801	0.007
802	0.008
803	0.007
804	0.006
805	0.005
806	0.003
807	0.006
808	0.009
809	0.009
810	0.008
811	0.007
812	0.015
813	0.019
814	0.025
815	0.041
816	0.056
817	0.073
818	0.091
819	0.109
820	0.105
821	0.082
822	0.062
823	0.044
824	0.044
825	0.031
826	0.03
827	0.03
828	0.029
829	0.026
830	0.02
831	0.023
832	0.018
833	0.021
834	0.016
835	0.012
836	0.013
837	0.019
838	0.027
839	0.023
840	0.024
841	0.016
842	0.017
843	0.014
844	0.017
845	0.014
846	0.016
847	0.016
848	0.018
849	0.012
850	0.018
851	0.015
852	0.007
853	0.007
854	0.01
855	0.007
856	0.002
857	0.002
858	0.004
859	0.005
860	0.007
861	0.012
862	0.022
863	0.029
864	0.045
865	0.045
866	0.049
867	0.045
868	0.063
869	0.06
870	0.079
871	0.082
872	0.103
873	0.122
874	0.118
875	0.153
876	0.161
877	0.136
878	0.148
879	0.124
880	0.123
881	0.106
882	0.09
883	0.069
884	0.058
885	0.039
886	0.035
887	0.025
888	0.02
889	0.017
890	0.024
891	0.039
892	0.054
893	0.073
894	0.096
895	0.097
896	0.097
897	0.082
898	0.068
899	0.076
900	0.071
901	0.082
902	0.105
903	0.105
904	0.117
905	0.102
906	0.105
907	0.094
908	0.071
909	0.06
910	0.06
911	0.05
912	0.065
913	0.061
914	0.055
915	0.074
916	0.084
917	0.092
918	0.12
919	0.11
920	0.119
921	0.11
922	0.131
923	0.13
924	0.119
925	0.101
926	0.101
927	0.108
928	0.107
929	0.092
930	0.084
931	0.068
932	0.078
933	0.055
934	0.055
935	0.045
936	0.04
937	0.04
938	0.03
939	0.016
940	0.011
941	0.013
942	0.009
943	0.003
944	0.003
945	0.006
946	0.015
947	0.019
948	0.025
949	0.029
950	0.04
951	0.034
952	0.044
953	0.04
954	0.048
955	0.047
956	0.045
957	0.048
958	0.04
959	0.053
960	0.043
961	0.049
962	0.032
963	0.035
964	0.022
965	0.025
966	0.041
967	0.055
968	0.072
969	0.082
970	0.088
971	0.07
972	0.069
973	0.05
974	0.056
975	0.049
976	0.035
977	0.027
978	0.022
979	0.018
980	0.009
981	0.005
982	0.003
983	0.006
984	0.007
985	0.012
986	0.016
987	0.033
988	0.044
989	0.068
990	0.101
991	0.122
992	0.163
993	0.196
994	0.206
995	0.253
996	0.217
997	0.209
998	0.155
999	0.142
1000	0.172
1001	0.147
1002	0.126
1003	0.095
1004	0.103
1005	0.073
1006	0.063
1007	0.045
1008	0.028
1009	0.036
1010	0.054
1011	0.074
1012	0.091
1013	0.081
1014	0.091
1015	0.098
1016	0.114
1017	0.08
1018	0.077
1019	0.069
1020	0.066
1021	0.055
1022	0.043
1023	0.028
1024	0.016
1025	0.025
1026	0.02
1027	0.024
1028	0.021
1029	0.034
1030	0.037
1031	0.043
1032	0.033
1033	0.041
1034	0.041
1035	0.057
1036	0.067
1037	0.071
1038	0.089
1039	0.107
1040	0.109
1041	0.154
1042	0.185
1043	0.197
1044	0.255
1045	0.234
1046	0.223
1047	0.186
1048	0.138
1049	0.16
1050	0.119
1051	0.1
1052	0.105
1053	0.089
1054	0.078
1055	0.069
1056	0.06
1057	0.063
1058	0.062
1059	0.081
1060	0.103
1061	0.128
1062	0.121
1063	0.086
1064	0.096
1065	0.071
1066	0.086
1067	0.111
1068	0.097
1069	0.099
1070	0.086
1071	0.102
1072	0.096
1073	0.112
1074	0.125
1075	0.128
1076	0.143
1077	0.158
1078	0.176
1079	0.147
1080	0.165
1081	0.177
1082	0.158
1083	0.122
1084	0.085
1085	0.07
1086	0.044
1087	0.038
1088	0.025
1089	0.02
1090	0.024
1091	0.021
1092	0.024
1093	0.041
1094	0.047
1095	0.076
1096	0.09
1097	0.087
1098	0.064
1099	0.037
1100	0.02
1101	0.019
1102	0.013
1103	0.024
1104	0.039
1105	0.046
1106	0.055
1107	0.077
1108	0.074
1109	0.11
1110	0.114
1111	0.144
1112	0.17
1113	0.157
1114	0.13
1115	0.097
1116	0.103
1117	0.094
1118	0.074
1119	0.07
1120	0.082
1121	0.07
1122	0.07
1123	0.073
1124	0.086
1125	0.109
1126	0.123
1127	0.119
1128	0.104
1129	0.09
1130	0.067
1131	0.055
1132	0.049
1133	0.032
1134	0.026
1135	0.015
1136	0.009
1137	0.01
1138	0.008
1139	0.023
1140	0.03
1141	0.053
1142	0.062
1143	0.053
1144	0.034
1145	0.05
1146	0.044
1147	0.024
1148	0.016
1149	0.008
1150	0.003
1151	0.005
1152	0.012
1153	0.019
1154	0.035
1155	0.036
1156	0.028
1157	0.022
1158	0.033
1159	0.046
1160	0.041
1161	0.039
1162	0.055
1163	0.065
1164	0.058
1165	0.063
1166	0.077
1167	0.083
1168	0.093
1169	0.104
1170	0.11
1171	0.129
1172	0.134
1173	0.118
1174	0.111
1175	0.107
1176	0.113
1177	0.097
1178	0.1
1179	0.091
1180	0.096
1181	0.099
1182	0.082
1183	0.082
1184	0.086
1185	0.076
1186	0.103
1187	0.106
1188	0.105
1189	0.101
1190	0.104
1191	0.09
1192	0.093
1193	0.082
1194	0.086
1195	0.095
1196	0.079
1197	0.065
1198	0.059
1199	0.065
1200	0.075
1201	0.082
1202	0.097
1203	0.082
1204	0.073
1205	0.052
1206	0.039
1207	0.044
1208	0.039
1209	0.055
1210	0.067
1211	0.072
1212	0.075
1213	0.07
1214	0.081
1215	0.087
1216	0.076
1217	0.081
1218	0.094
1219	0.101
1220	0.125
1221	0.137
1222	0.135
1223	0.147
1224	0.151
1225	0.133
1226	0.149
1227	0.152
1228	0.149
1229	0.127
1230	0.131
1231	0.116
1232	0.098
