index	displacement
1	0.008
2	0.008
3	0.01
4	0.02
5	0.018
6	0.024
7	0.018
8	0.03
9	0.035
10	0.056
11	0.057
12	0.055
13	0.036
14	0.029
15	0.02
16	0.028
17	0.024
18	0.031
19	0.02
20	0.01
21	0.021
22	0.031
23	0.048
24	0.072
25	0.094
26	0.102
27	0.124
28	0.15
29	0.178
30	0.206
31	0.191
32	0.236
33	0.229
34	0.179
35	0.169
36	0.133
37	0.115
38	0.082
39	0.067
40	0.041
41	0.036
42	0.05
43	0.042
44	0.052
45	0.041
46	0.035
47	0.027
48	0.044
49	0.041
50	0.063
51	0.071
52	0.05
53	0.033
54	0.019
55	0.007
56	0.002
57	0.003
58	0.0
59	0.005
60	0.01
61	0.015
62	0.008
63	0.017
64	0.025
65	0.044
66	0.056
67	0.048
68	0.067
69	0.062
70	0.072
71	0.08
72	0.071
73	0.053
74	0.048
75	0.048
76	0.039
77	0.043
78	0.054
79	0.046
80	0.067
81	0.055
82	0.055
83	0.043
84	0.022
85	0.026
86	0.043
87	0.063
88	0.087
89	0.085
90	0.117
91	0.128
92	0.156
93	0.121
94	0.123
95	0.094
96	0.098
97	0.076
98	0.054
99	0.037
100	0.024
101	0.036
102	0.039
103	0.061
104	0.071
105	0.086
106	0.073
107	0.046
108	0.027
109	0.014
110	0.004
111	0.0
112	0.004
113	0.011
114	0.026
115	0.046
116	0.048
117	0.053
118	0.075
119	0.075
120	0.076
121	0.05
122	0.04
123	0.034
124	0.019
125	0.018
126	0.017
127	0.006
128	0.001
129	0.001
130	0.007
131	0.02
132	0.03
133	0.053
134	0.074
135	0.099
136	0.088
137	0.115
138	0.09
139	0.079
140	0.097
141	0.076
142	0.102
143	0.122
144	0.093
145	0.074
146	0.057
147	0.051
148	0.028
149	0.024
150	0.01
151	0.005
152	0.0
153	0.002
154	0.01
155	0.018
156	0.035
157	0.057
158	0.073
159	0.056
160	0.049
161	0.026
162	0.013
163	0.005
164	0.0
165	0.004
166	0.009
167	0.022
168	0.036
169	0.045
170	0.07
171	0.072
172	0.102
173	0.116
174	0.097
175	0.109
176	0.09
177	0.11
178	0.091
179	0.118
180	0.128
181	0.111
182	0.1
183	0.125
184	0.104
185	0.134
186	0.14
187	0.188
188	0.206
189	0.205
190	0.196
191	0.154
192	0.152
193	0.13
194	0.118
195	0.103
196	0.133
197	0.143
198	0.142
199	0.17
200	0.185
201	0.217
202	0.228
203	0.272
204	0.258
205	0.206
206	0.18
207	0.139
208	0.116
209	0.093
210	0.069
211	0.075
212	0.06
213	0.066
214	0.046
215	0.042
216	0.048
217	0.035
218	0.05
219	0.08
220	0.104
221	0.119
222	0.149
223	0.139
224	0.111
225	0.085
226	0.084
227	0.064
228	0.073
229	0.059
230	0.068
231	0.045
232	0.03
233	0.015
234	0.011
235	0.019
236	0.017
237	0.006
238	0.007
239	0.015
240	0.014
241	0.005
242	0.007
243	0.017
244	0.017
245	0.032
246	0.049
247	0.061
248	0.091
249	0.103
250	0.099
251	0.077
252	0.093
253	0.082
254	0.097
255	0.094
256	0.103
257	0.111
258	0.1
259	0.119
260	0.142
261	0.127
262	0.144
263	0.133
264	0.143
265	0.139
266	0.129
267	0.117
268	0.109
269	0.081
270	0.091
271	0.078
272	0.083
273	0.065
274	0.082
275	0.096
276	0.133
277	0.156
278	0.203
279	0.223
280	0.256
281	0.247
282	0.205
283	0.19
284	0.156
285	0.154
286	0.168
287	0.141
288	0.137
289	0.105
290	0.092
291	0.089
292	0.068
293	0.064
294	0.059
295	0.055
296	0.073
297	0.072
298	0.079
299	0.114
300	0.145
301	0.171
302	0.205
303	0.182
304	0.209
305	0.186
306	0.208
307	0.229
308	0.208
309	0.302
310	0.276
311	0.249
312	0.198
313	0.189
314	0.156
315	0.16
316	0.168
317	0.141
318	0.128
319	0.094
320	0.096
321	0.108
322	0.085
323	0.062
324	0.042
325	0.042
326	0.024
327	0.02
328	0.029
329	0.034
330	0.056
331	0.057
332	0.059
333	0.06
334	0.058
335	0.04
336	0.032
337	0.021
338	0.014
339	0.015
340	0.012
341	0.008
342	0.009
343	0.015
344	0.019
345	0.025
346	0.025
347	0.034
348	0.035
349	0.049
350	0.059
351	0.087
352	0.108
353	0.127
354	0.158
355	0.14
356	0.125
357	0.089
358	0.074
359	0.055
360	0.045
361	0.052
362	0.061
363	0.071
364	0.059
365	0.045
366	0.035
367	0.031
368	0.023
369	0.012
370	0.012
371	0.013
372	0.016
373	0.023
374	0.028
375	0.026
376	0.04
377	0.046
378	0.052
379	0.066
380	0.054
381	0.05
382	0.032
383	0.028
384	0.036
385	0.03
386	0.029
387	0.023
388	0.035
389	0.031
390	0.037
391	0.042
392	0.035
393	0.045
394	0.043
395	0.06
396	0.059
397	0.056
398	0.071
399	0.071
400	0.093
401	0.086
402	0.093
403	0.064
404	0.048
405	0.039
406	0.038
407	0.041
408	0.028
409	0.02
410	0.012
411	0.014
412	0.007
413	0.005
414	0.004
415	0.005
416	0.004
417	0.004
418	0.004
419	0.004
420	0.004
421	0.004
422	0.008
423	0.01
424	0.005
425	0.01
426	0.014
427	0.018
428	0.031
429	0.028
430	0.03
431	0.027
432	0.016
433	0.016
434	0.008
435	0.007
436	0.009
437	0.009
438	0.007
439	0.008
440	0.007
441	0.009
442	0.01
443	0.014
444	0.02
445	0.031
446	0.03
447	0.021
448	0.03
449	0.027
450	0.042
451	0.051
452	0.043
453	0.033
454	0.021
455	0.02
456	0.015
457	0.017
458	0.018
459	0.021
460	0.022
461	0.021
462	0.025
463	0.02
464	0.026
465	0.035
466	0.037
467	0.023
468	0.019
469	0.011
470	0.008
471	0.005
472	0.006
473	0.007
474	0.009
475	0.007
476	0.005
477	0.008
478	0.009
479	0.024
480	0.028
481	0.021
482	0.011
483	0.006
484	0.004
485	0.003
486	0.006
487	0.008
488	0.007
489	0.014
490	0.014
491	0.023
492	0.027
493	0.039
494	0.033
495	0.042
496	0.054
497	0.054
498	0.047
499	0.043
500	0.06
501	0.067
502	0.054
503	0.058
504	0.053
505	0.033
506	0.041
507	0.032
508	0.033
509	0.033
510	0.031
511	0.017
512	0.018
513	0.029
514	0.029
515	0.035
516	0.044
517	0.038
518	0.047
519	0.036
520	0.032
521	0.025
522	0.014
523	0.013
524	0.012
525	0.013
526	0.018
527	0.022
528	0.023
529	0.037
530	0.048
531	0.034
532	0.026
533	0.015
534	0.018
535	0.015
536	0.022
537	0.032
538	0.044
539	0.061
540	0.066
541	0.07
542	0.099
543	0.102
544	0.093
545	0.115
546	0.142
547	0.139
548	0.142
549	0.174
550	0.196
551	0.19
552	0.208
553	0.208
554	0.176
555	0.196
556	0.153
557	0.119
558	0.106
559	0.125
560	0.119
561	0.121
562	0.124
563	0.121
564	0.156
565	0.177
566	0.214
567	0.246
568	0.242
569	0.224
570	0.188
571	0.148
572	0.119
573	0.093
574	0.093
575	0.078
576	0.079
577	0.089
578	0.085
579	0.106
580	0.086
581	0.079
582	0.061
583	0.061
584	0.051
585	0.05
586	0.038
587	0.03
588	0.02
589	0.017
590	0.022
591	0.033
592	0.045
593	0.061
594	0.087
595	0.107
596	0.14
597	0.134
598	0.16
599	0.145
600	0.139
601	0.131
602	0.159
603	0.161
604	0.17
605	0.174
606	0.159
607	0.126
608	0.101
609	0.069
610	0.057
611	0.064
612	0.05
613	0.055
614	0.057
615	0.045
616	0.056
617	0.046
618	0.056
619	0.039
620	0.034
621	0.069
622	0.089
623	0.136
624	0.192
625	0.215
626	0.255
627	0.229
628	0.278
629	0.248
630	0.179
631	0.149
632	0.116
633	0.071
634	0.064
635	0.092
636	0.122
637	0.171
638	0.207
639	0.198
640	0.262
641	0.258
642	0.22
643	0.224
644	0.209
645	0.228
646	0.221
647	0.177
648	0.232
649	0.194
650	0.136
651	0.094
652	0.072
653	0.039
654	0.032
655	0.013
656	0.023
657	0.032
658	0.013
659	0.01
660	0.004
661	0.01
662	0.012
663	0.02
664	0.01
665	0.009
666	0.001
667	0.001
668	0.005
669	0.016
670	0.034
671	0.061
672	0.089
673	0.098
674	0.114
675	0.072
676	0.057
677	0.05
678	0.057
679	0.039
680	0.046
681	0.04
682	0.039
683	0.025
684	0.013
685	0.007
686	0.001
687	0.001
688	0.007
689	0.02
690	0.027
691	0.011
692	0.008
693	0.007
694	0.004
695	0.012
696	0.014
697	0.018
698	0.035
699	0.046
700	0.07
701	0.092
702	0.076
703	0.065
704	0.041
705	0.023
706	0.023
707	0.013
708	0.022
709	0.016
710	0.012
711	0.003
712	0.001
713	0.001
714	0.008
715	0.015
716	0.026
717	0.016
718	0.029
719	0.027
720	0.05
721	0.056
722	0.071
723	0.071
724	0.067
725	0.091
726	0.098
727	0.105
728	0.082
729	0.108
730	0.102
731	0.137
732	0.188
733	0.204
734	0.274
735	0.327
736	0.309
737	0.229
738	0.254
739	0.276
740	0.212
741	0.17
742	0.148
743	0.136
744	0.098
745	0.1
746	0.067
747	0.059
748	0.035
749	0.037
750	0.029
751	0.042
752	0.023
753	0.016
754	0.004
755	0.005
756	0.001
757	0.001
758	0.001
759	0.005
760	0.006
761	0.002
762	0.003
763	0.006
764	0.018
765	0.033
766	0.05
767	0.085
768	0.108
769	0.098
770	0.066
771	0.048
772	0.049
773	0.034
774	0.048
775	0.07
776	0.078
777	0.069
778	0.077
779	0.068
780	0.099
781	0.096
782	0.137
783	0.132
784	0.117
785	0.131
786	0.15
787	0.152
788	0.181
789	0.147
790	0.116
791	0.142
792	0.124
793	0.109
794	0.093
795	0.083
796	0.07
797	0.036
798	0.023
799	0.017
800	0.005
801	0.006
802	0.011
803	0.016
804	0.014
805	0.017
806	0.023
807	0.014
808	0.011
809	0.006
810	0.006
811	0.006
812	0.02
813	0.042
814	0.05
815	0.094
816	0.113
817	0.119
818	0.143
819	0.211
820	0.24
821	0.178
822	0.169
823	0.125
824	0.137
825	0.133
826	0.144
827	0.179
828	0.195
829	0.221
830	0.179
831	0.202
832	0.193
833	0.19
834	0.194
835	0.227
836	0.266
837	0.348
838	0.425
839	0.345
840	0.29
841	0.212
842	0.188
843	0.133
844	0.121
845	0.082
846	0.064
847	0.063
848	0.092
849	0.082
850	0.106
851	0.071
852	0.045
853	0.071
854	0.075
855	0.039
856	0.045
857	0.078
858	0.061
859	0.036
860	0.03
861	0.015
862	0.003
863	0.002
864	0.002
865	0.009
866	0.021
867	0.028
868	0.06
869	0.09
870	0.146
871	0.199
872	0.253
873	0.339
874	0.34
875	0.437
876	0.4
877	0.3
878	0.313
879	0.255
880	0.294
881	0.232
882	0.16
883	0.119
884	0.073
885	0.046
886	0.026
887	0.006
888	0.007
889	0.017
890	0.043
891	0.075
892	0.108
893	0.158
894	0.207
895	0.267
896	0.314
897	0.335
898	0.322
899	0.328
900	0.324
901	0.318
902	0.396
903	0.367
904	0.414
905	0.394
906	0.377
907	0.303
908	0.221
909	0.159
910	0.133
911	0.081
912	0.077
913	0.039
914	0.017
915	0.026
916	0.028
917	0.054
918	0.084
919	0.083
920	0.136
921	0.154
922	0.215
923	0.269
924	0.292
925	0.022
926	0.013
927	0.01
928	0.012
929	0.006
930	0.007
931	0.003
932	0.007
933	0.008
934	0.019
935	0.021
936	0.019
937	0.009
938	0.005
939	0.004
940	0.012
941	0.017
942	0.026
943	0.016
944	0.005
945	0.004
946	0.007
947	0.016
948	0.028
949	0.043
950	0.05
951	0.069
952	0.089
953	0.112
954	0.14
955	0.138
956	0.171
957	0.178
958	0.14
959	0.138
960	0.105
961	0.1
962	0.074
963	0.07
964	0.045
965	0.032
966	0.047
967	0.04
968	0.045
969	0.033
970	0.034
971	0.032
972	0.05
973	0.05
974	0.069
975	0.081
976	0.068
977	0.045
978	0.036
979	0.022
980	0.016
981	0.008
982	0.011
983	0.024
984	0.023
985	0.03
986	0.031
987	0.054
988	0.071
989	0.102
990	0.124
991	0.114
992	0.146
993	0.143
994	0.155
995	0.171
996	0.15
997	0.122
998	0.104
999	0.106
1000	0.103
1001	0.108
1002	0.12
1003	0.106
1004	0.136
1005	0.114
1006	0.117
1007	0.104
1008	0.084
1009	0.114
1010	0.129
1011	0.157
1012	0.163
1013	0.148
1014	0.177
1015	0.186
1016	0.206
1017	0.155
1018	0.141
1019	0.119
1020	0.124
1021	0.111
1022	0.091
1023	0.064
1024	0.044
1025	0.061
1026	0.055
1027	0.07
1028	0.075
1029	0.097
1030	0.086
1031	0.062
1032	0.04
1033	0.024
1034	0.015
1035	0.015
1036	0.032
1037	0.04
1038	0.067
1039	0.091
1040	0.082
1041	0.082
1042	0.096
1043	0.081
1044	0.079
1045	0.061
1046	0.039
1047	0.026
1048	0.02
1049	0.031
1050	0.039
1051	0.022
1052	0.023
1053	0.016
1054	0.032
1055	0.044
1056	0.061
1057	0.083
1058	0.106
1059	0.136
1060	0.137
1061	0.176
1062	0.152
1063	0.128
1064	0.151
1065	0.123
1066	0.149
1067	0.182
1068	0.151
1069	0.139
1070	0.112
1071	0.105
1072	0.074
1073	0.065
1074	0.045
1075	0.027
1076	0.016
1077	0.024
1078	0.047
1079	0.063
1080	0.091
1081	0.126
1082	0.148
1083	0.12
1084	0.108
1085	0.074
1086	0.05
1087	0.034
1088	0.017
1089	0.013
1090	0.006
1091	0.016
1092	0.033
1093	0.044
1094	0.071
1095	0.083
1096	0.117
1097	0.139
1098	0.114
1099	0.112
1100	0.087
1101	0.103
1102	0.081
1103	0.104
1104	0.126
1105	0.119
1106	0.121
1107	0.158
1108	0.142
1109	0.184
1110	0.191
1111	0.245
1112	0.268
1113	0.256
1114	0.231
1115	0.178
1116	0.171
1117	0.14
1118	0.122
1119	0.1
1120	0.117
1121	0.118
1122	0.106
1123	0.123
1124	0.128
1125	0.153
1126	0.158
1127	0.184
1128	0.167
1129	0.13
1130	0.115
1131	0.087
1132	0.066
1133	0.053
1134	0.034
1135	0.038
1136	0.027
1137	0.032
1138	0.024
1139	0.019
1140	0.031
1141	0.022
1142	0.041
1143	0.066
1144	0.081
1145	0.085
1146	0.101
1147	0.093
1148	0.065
1149	0.056
1150	0.052
1151	0.042
1152	0.046
1153	0.038
1154	0.043
1155	0.026
1156	0.013
1157	0.008
1158	0.003
1159	0.008
1160	0.016
1161	0.01
1162	0.006
1163	0.015
1164	0.022
1165	0.016
1166	0.013
1167	0.025
1168	0.021
1169	0.033
1170	0.038
1171	0.042
1172	0.06
1173	0.071
1174	0.06
1175	0.041
1176	0.046
1177	0.036
1178	0.041
1179	0.039
1180	0.042
1181	0.049
1182	0.033
1183	0.047
1184	0.051
1185	0.036
1186	0.063
1187	0.06
1188	0.07
1189	0.069
1190	0.064
1191	0.06
1192	0.061
1193	0.045
1194	0.059
1195	0.055
1196	0.063
1197	0.046
1198	0.052
1199	0.055
1200	0.079
1201	0.088
1202	0.119
1203	0.134
1204	0.164
1205	0.162
1206	0.131
1207	0.113
1208	0.087
1209	0.084
1210	0.091
1211	0.075
1212	0.071
1213	0.052
1214	0.042
1215	0.038
1216	0.024
1217	0.023
1218	0.019
1219	0.019
1220	0.028
1221	0.032
1222	0.042
1223	0.064
1224	0.089
1225	0.101
1226	0.125
1227	0.106
1228	0.123
1229	0.106
1230	0.117
1231	0.132
1232	0.115
