index	fluctuation
1	0.345
2	0.12
3	0.102
4	0.037
5	0.026
6	0.018
7	0.011
8	0.013
9	0.011
10	0.011
11	0.007
12	0.006
13	0.005
14	0.003
15	0.002
16	0.002
17	0.002
18	0.003
19	0.002
20	0.001
21	0.001
22	0.002
23	0.004
24	0.007
25	0.011
26	0.015
27	0.021
28	0.029
29	0.046
30	0.059
31	0.079
32	0.438
33	0.363
34	0.069
35	0.045
36	0.025
37	0.02
38	0.01
39	0.008
40	0.004
41	0.004
42	0.007
43	0.009
44	0.014
45	0.015
46	0.019
47	0.013
48	0.015
49	0.009
50	0.011
51	0.01
52	0.006
53	0.004
54	0.003
55	0.002
56	0.001
57	0.001
58	0.001
59	0.001
60	0.001
61	0.002
62	0.002
63	0.003
64	0.005
65	0.009
66	0.015
67	0.018
68	0.032
69	0.047
70	0.062
71	0.252
72	0.133
73	0.161
74	0.053
75	0.028
76	0.036
77	0.024
78	0.019
79	0.013
80	0.016
81	0.01
82	0.009
83	0.006
84	0.003
85	0.004
86	0.007
87	0.012
88	0.02
89	0.018
90	0.049
91	0.042
92	0.074
93	0.06
94	0.095
95	0.022
96	0.018
97	0.012
98	0.008
99	0.005
100	0.003
101	0.004
102	0.004
103	0.007
104	0.01
105	0.013
106	0.013
107	0.009
108	0.005
109	0.004
110	0.002
111	0.003
112	0.004
113	0.004
114	0.009
115	0.017
116	0.014
117	0.021
118	0.032
119	0.03
120	0.05
121	0.038
122	0.027
123	0.014
124	0.007
125	0.012
126	0.008
127	0.005
128	0.006
129	0.006
130	0.006
131	0.008
132	0.008
133	0.012
134	0.014
135	0.025
136	0.027
137	0.038
138	0.027
139	0.019
140	0.021
141	0.014
142	0.019
143	0.027
144	0.018
145	0.016
146	0.014
147	0.016
148	0.012
149	0.015
150	0.013
151	0.013
152	0.012
153	0.013
154	0.019
155	0.017
156	0.028
157	0.037
158	0.032
159	0.021
160	0.013
161	0.007
162	0.004
163	0.002
164	0.001
165	0.001
166	0.002
167	0.003
168	0.005
169	0.008
170	0.017
171	0.034
172	0.195
173	0.191
174	0.034
175	0.029
176	0.017
177	0.018
178	0.014
179	0.022
180	0.022
181	0.017
182	0.017
183	0.029
184	0.02
185	0.032
186	0.04
187	0.156
188	0.204
189	0.128
190	0.127
191	0.048
192	0.041
193	0.034
194	0.024
195	0.018
196	0.029
197	0.03
198	0.032
199	0.047
200	0.057
201	0.212
202	0.145
203	0.297
204	0.118
205	0.067
206	0.045
207	0.027
208	0.019
209	0.012
210	0.007
211	0.007
212	0.005
213	0.006
214	0.004
215	0.004
216	0.006
217	0.007
218	0.013
219	0.021
220	0.026
221	0.034
222	0.051
223	0.057
224	0.026
225	0.01
226	0.008
227	0.006
228	0.007
229	0.006
230	0.008
231	0.006
232	0.004
233	0.003
234	0.004
235	0.006
236	0.005
237	0.005
238	0.008
239	0.01
240	0.01
241	0.013
242	0.018
243	0.02
244	0.027
245	0.039
246	0.042
247	0.077
248	0.07
249	0.055
250	0.044
251	0.038
252	0.044
253	0.036
254	0.041
255	0.034
256	0.046
257	0.062
258	0.129
259	0.324
260	0.324
261	0.216
262	0.181
263	0.085
264	0.071
265	0.064
266	0.049
267	0.036
268	0.034
269	0.024
270	0.027
271	0.026
272	0.021
273	0.013
274	0.015
275	0.021
276	0.03
277	0.039
278	0.067
279	0.078
280	0.105
281	0.089
282	0.081
283	0.074
284	0.041
285	0.045
286	0.149
287	0.058
288	0.05
289	0.042
290	0.04
291	0.03
292	0.024
293	0.028
294	0.036
295	0.04
296	0.062
297	0.071
298	0.072
299	0.09
300	0.124
301	0.175
302	0.237
303	0.206
304	0.14
305	0.092
306	0.115
307	0.111
308	0.093
309	0.861
310	0.286
311	0.248
312	0.077
313	0.059
314	0.042
315	0.036
316	0.041
317	0.034
318	0.033
319	0.018
320	0.024
321	0.024
322	0.012
323	0.007
324	0.004
325	0.004
326	0.003
327	0.004
328	0.006
329	0.008
330	0.01
331	0.008
332	0.013
333	0.013
334	0.011
335	0.01
336	0.01
337	0.011
338	0.012
339	0.016
340	0.08
341	0.177
342	0.021
343	0.016
344	0.008
345	0.008
346	0.005
347	0.006
348	0.005
349	0.005
350	0.007
351	0.012
352	0.019
353	0.024
354	0.041
355	0.032
356	0.032
357	0.018
358	0.016
359	0.013
360	0.01
361	0.008
362	0.011
363	0.012
364	0.011
365	0.007
366	0.01
367	0.009
368	0.005
369	0.006
370	0.01
371	0.019
372	0.037
373	0.051
374	0.079
375	0.081
376	0.117
377	0.152
378	0.164
379	0.46
380	0.238
381	0.277
382	0.099
383	0.064
384	0.101
385	0.076
386	0.06
387	0.046
388	0.06
389	0.043
390	0.057
391	0.084
392	0.137
393	0.274
394	0.15
395	0.16
396	0.117
397	0.079
398	0.128
399	0.088
400	0.147
401	0.113
402	0.119
403	0.032
404	0.023
405	0.019
406	0.017
407	0.011
408	0.007
409	0.007
410	0.005
411	0.005
412	0.005
413	0.008
414	0.009
415	0.011
416	0.01
417	0.015
418	0.017
419	0.03
420	0.039
421	0.064
422	0.102
423	0.315
424	0.489
425	1.058
426	3.201
427	3.657
428	4.267
429	2.018
430	1.468
431	1.886
432	0.37
433	0.317
434	0.175
435	0.095
436	0.069
437	0.046
438	0.03
439	0.023
440	0.016
441	0.015
442	0.014
443	0.021
444	0.032
445	0.049
446	0.044
447	0.026
448	0.032
449	0.023
450	0.032
451	0.054
452	0.046
453	0.043
454	0.03
455	0.036
456	0.035
457	0.045
458	0.061
459	0.08
460	0.109
461	0.141
462	0.18
463	0.11
464	0.166
465	0.171
466	0.164
467	0.13
468	0.091
469	0.058
470	0.037
471	0.022
472	0.017
473	0.011
474	0.012
475	0.009
476	0.009
477	0.014
478	0.018
479	0.034
480	0.054
481	0.046
482	0.021
483	0.018
484	0.01
485	0.009
486	0.006
487	0.008
488	0.01
489	0.01
490	0.012
491	0.025
492	0.022
493	0.04
494	0.044
495	0.141
496	0.188
497	0.116
498	0.098
499	0.048
500	0.05
501	0.042
502	0.024
503	0.017
504	0.02
505	0.013
506	0.011
507	0.011
508	0.011
509	0.016
510	0.014
511	0.01
512	0.01
513	0.01
514	0.009
515	0.007
516	0.006
517	0.005
518	0.005
519	0.006
520	0.007
521	0.011
522	0.009
523	0.013
524	0.016
525	0.026
526	0.039
527	0.043
528	0.057
529	0.471
530	1.476
531	0.227
532	0.067
533	0.014
534	0.01
535	0.005
536	0.004
537	0.003
538	0.004
539	0.005
540	0.006
541	0.007
542	0.013
543	0.013
544	0.011
545	0.018
546	0.026
547	0.025
548	0.032
549	0.052
550	0.061
551	0.059
552	0.072
553	0.087
554	0.067
555	0.11
556	0.073
557	0.045
558	0.028
559	0.03
560	0.032
561	0.031
562	0.038
563	0.039
564	0.068
565	0.115
566	0.237
567	0.589
568	0.558
569	0.339
570	0.262
571	0.102
572	0.077
573	0.049
574	0.03
575	0.017
576	0.016
577	0.014
578	0.016
579	0.023
580	0.018
581	0.01
582	0.008
583	0.008
584	0.009
585	0.011
586	0.013
587	0.014
588	0.014
589	0.017
590	0.024
591	0.035
592	0.025
593	0.034
594	0.18
595	0.086
596	0.099
597	0.097
598	0.093
599	0.061
600	0.045
601	0.039
602	0.051
603	0.051
604	0.071
605	0.074
606	0.064
607	0.056
608	0.048
609	0.046
610	0.064
611	0.058
612	0.036
613	0.027
614	0.038
615	0.032
616	0.033
617	0.338
618	0.122
619	0.165
620	0.062
621	0.053
622	0.045
623	0.045
624	0.061
625	0.052
626	0.05
627	0.03
628	0.04
629	0.043
630	0.021
631	0.014
632	0.008
633	0.005
634	0.004
635	0.007
636	0.012
637	0.016
638	0.019
639	0.016
640	0.025
641	0.027
642	0.025
643	0.029
644	0.034
645	0.054
646	0.066
647	0.084
648	0.503
649	0.448
650	0.06
651	0.034
652	0.015
653	0.011
654	0.005
655	0.004
656	0.003
657	0.004
658	0.005
659	0.009
660	0.014
661	0.018
662	0.028
663	0.023
664	0.02
665	0.011
666	0.008
667	0.006
668	0.005
669	0.005
670	0.009
671	0.015
672	0.017
673	0.012
674	0.018
675	0.012
676	0.006
677	0.006
678	0.01
679	0.013
680	0.02
681	0.021
682	0.029
683	0.029
684	0.031
685	0.045
686	0.044
687	0.137
688	0.114
689	0.156
690	0.067
691	0.032
692	0.046
693	0.029
694	0.017
695	0.014
696	0.013
697	0.011
698	0.018
699	0.036
700	0.084
701	0.173
702	0.076
703	0.051
704	0.025
705	0.016
706	0.017
707	0.01
708	0.018
709	0.019
710	0.034
711	0.01
712	0.006
713	0.005
714	0.006
715	0.006
716	0.005
717	0.004
718	0.004
719	0.004
720	0.006
721	0.01
722	0.015
723	0.016
724	0.013
725	0.021
726	0.024
727	0.037
728	0.038
729	0.062
730	0.083
731	0.278
732	0.491
733	1.039
734	3.292
735	3.951
736	4.482
737	2.076
738	1.559
739	2.05
740	0.406
741	0.323
742	0.176
743	0.102
744	0.067
745	0.05
746	0.029
747	0.023
748	0.013
749	0.014
750	0.01
751	0.019
752	0.019
753	0.019
754	0.013
755	0.008
756	0.006
757	0.005
758	0.005
759	0.006
760	0.007
761	0.007
762	0.008
763	0.014
764	0.019
765	0.032
766	0.05
767	0.075
768	0.102
769	0.122
770	0.126
771	0.069
772	0.086
773	0.07
774	0.064
775	0.067
776	0.053
777	0.038
778	0.031
779	0.022
780	0.023
781	0.016
782	0.022
783	0.018
784	0.017
785	0.03
786	0.049
787	0.113
788	0.494
789	0.343
790	0.062
791	0.05
792	0.024
793	0.018
794	0.012
795	0.014
796	0.014
797	0.008
798	0.007
799	0.009
800	0.006
801	0.007
802	0.01
803	0.017
804	0.013
805	0.014
806	0.018
807	0.013
808	0.016
809	0.015
810	0.01
811	0.009
812	0.016
813	0.018
814	0.02
815	0.037
816	0.051
817	0.224
818	0.161
819	0.355
820	0.146
821	0.074
822	0.046
823	0.024
824	0.019
825	0.012
826	0.011
827	0.013
828	0.015
829	0.021
830	0.018
831	0.029
832	0.035
833	0.056
834	0.083
835	0.105
836	0.128
837	0.84
838	2.619
839	0.388
840	0.116
841	0.029
842	0.019
843	0.01
844	0.008
845	0.006
846	0.006
847	0.007
848	0.008
849	0.01
850	0.018
851	0.015
852	0.011
853	0.02
854	0.028
855	0.022
856	0.028
857	0.05
858	0.051
859	0.042
860	0.047
861	0.053
862	0.047
863	0.085
864	0.071
865	0.051
866	0.042
867	0.04
868	0.051
869	0.048
870	0.064
871	0.063
872	0.102
873	0.166
874	0.301
875	0.737
876	0.61
877	0.433
878	0.421
879	0.161
880	0.141
881	0.106
882	0.067
883	0.041
884	0.034
885	0.022
886	0.023
887	0.023
888	0.016
889	0.01
890	0.012
891	0.018
892	0.028
893	0.041
894	0.079
895	0.098
896	0.139
897	0.118
898	0.109
899	0.103
900	0.068
901	0.075
902	0.264
903	0.133
904	0.144
905	0.139
906	0.133
907	0.09
908	0.064
909	0.052
910	0.065
911	0.061
912	0.086
913	0.091
914	0.084
915	0.102
916	0.151
917	0.267
918	0.407
919	0.28
920	0.17
921	0.114
922	0.151
923	0.146
924	0.128
925	0.286
926	0.075
927	0.083
928	0.024
929	0.014
930	0.01
931	0.006
932	0.006
933	0.005
934	0.005
935	0.003
936	0.002
937	0.002
938	0.002
939	0.001
940	0.001
941	0.001
942	0.001
943	0.001
944	0.001
945	0.001
946	0.001
947	0.002
948	0.003
949	0.005
950	0.007
951	0.01
952	0.014
953	0.024
954	0.032
955	0.047
956	0.325
957	0.274
958	0.044
959	0.028
960	0.014
961	0.012
962	0.006
963	0.005
964	0.003
965	0.003
966	0.005
967	0.006
968	0.009
969	0.01
970	0.013
971	0.01
972	0.011
973	0.007
974	0.008
975	0.007
976	0.005
977	0.003
978	0.003
979	0.002
980	0.001
981	0.001
982	0.001
983	0.001
984	0.001
985	0.001
986	0.001
987	0.003
988	0.006
989	0.009
990	0.014
991	0.015
992	0.026
993	0.036
994	0.045
995	0.223
996	0.1
997	0.134
998	0.038
999	0.018
1000	0.026
1001	0.017
1002	0.014
1003	0.01
1004	0.013
1005	0.01
1006	0.012
1007	0.02
1008	0.027
1009	0.057
1010	0.03
1011	0.035
1012	0.026
1013	0.023
1014	0.042
1015	0.029
1016	0.053
1017	0.045
1018	0.061
1019	0.016
1020	0.012
1021	0.008
1022	0.006
1023	0.004
1024	0.002
1025	0.003
1026	0.002
1027	0.004
1028	0.006
1029	0.008
1030	0.008
1031	0.006
1032	0.003
1033	0.003
1034	0.002
1035	0.002
1036	0.003
1037	0.005
1038	0.009
1039	0.02
1040	0.017
1041	0.025
1042	0.038
1043	0.038
1044	0.06
1045	0.044
1046	0.032
1047	0.018
1048	0.009
1049	0.013
1050	0.009
1051	0.006
1052	0.005
1053	0.004
1054	0.004
1055	0.005
1056	0.005
1057	0.007
1058	0.009
1059	0.015
1060	0.016
1061	0.023
1062	0.017
1063	0.011
1064	0.014
1065	0.009
1066	0.013
1067	0.018
1068	0.014
1069	0.012
1070	0.01
1071	0.011
1072	0.008
1073	0.01
1074	0.009
1075	0.01
1076	0.01
1077	0.011
1078	0.016
1079	0.014
1080	0.025
1081	0.032
1082	0.03
1083	0.02
1084	0.014
1085	0.007
1086	0.004
1087	0.002
1088	0.001
1089	0.001
1090	0.001
1091	0.002
1092	0.003
1093	0.005
1094	0.012
1095	0.024
1096	0.17
1097	0.167
1098	0.024
1099	0.02
1100	0.011
1101	0.011
1102	0.008
1103	0.013
1104	0.013
1105	0.01
1106	0.01
1107	0.018
1108	0.013
1109	0.021
1110	0.025
1111	0.114
1112	0.148
1113	0.102
1114	0.111
1115	0.034
1116	0.029
1117	0.024
1118	0.016
1119	0.012
1120	0.019
1121	0.018
1122	0.018
1123	0.026
1124	0.032
1125	0.084
1126	0.08
1127	0.14
1128	0.062
1129	0.033
1130	0.022
1131	0.013
1132	0.009
1133	0.006
1134	0.003
1135	0.003
1136	0.002
1137	0.003
1138	0.002
1139	0.002
1140	0.004
1141	0.005
1142	0.009
1143	0.016
1144	0.019
1145	0.027
1146	0.039
1147	0.05
1148	0.014
1149	0.006
1150	0.004
1151	0.003
1152	0.003
1153	0.003
1154	0.004
1155	0.003
1156	0.002
1157	0.002
1158	0.002
1159	0.004
1160	0.004
1161	0.004
1162	0.006
1163	0.007
1164	0.009
1165	0.012
1166	0.014
1167	0.015
1168	0.018
1169	0.025
1170	0.025
1171	0.047
1172	0.04
1173	0.033
1174	0.022
1175	0.018
1176	0.019
1177	0.015
1178	0.015
1179	0.011
1180	0.012
1181	0.017
1182	0.03
1183	0.095
1184	0.041
1185	0.02
1186	0.026
1187	0.021
1188	0.02
1189	0.023
1190	0.019
1191	0.015
1192	0.015
1193	0.011
1194	0.014
1195	0.015
1196	0.013
1197	0.007
1198	0.008
1199	0.01
1200	0.014
1201	0.017
1202	0.031
1203	0.038
1204	0.058
1205	0.049
1206	0.045
1207	0.04
1208	0.021
1209	0.024
1210	0.107
1211	0.031
1212	0.021
1213	0.02
1214	0.015
1215	0.01
1216	0.008
1217	0.011
1218	0.013
1219	0.016
1220	0.024
1221	0.032
1222	0.036
1223	0.043
1224	0.057
1225	0.058
1226	0.098
1227	0.085
1228	0.073
1229	0.043
1230	0.052
1231	0.052
1232	0.042
