index	1uld_A_1	6orh_A
1	0.029	nan
2	nan	16.791
3	nan	2.041
4	nan	1.486
5	nan	0.315
6	nan	0.169
7	0.013	0.199
8	0.011	0.132
9	0.007	0.103
10	0.007	0.114
11	0.005	0.177
12	0.006	0.161
13	0.006	0.111
14	0.006	nan
15	0.005	nan
16	0.008	nan
17	0.007	nan
18	0.011	nan
19	0.042	nan
20	0.032	nan
21	0.008	nan
22	0.006	nan
23	nan	0.073
24	nan	0.076
25	nan	0.092
26	nan	0.074
27	0.009	0.065
28	0.005	0.094
29	0.008	0.086
30	0.004	0.055
31	0.005	0.047
32	0.005	0.037
33	0.005	0.031
34	0.006	0.031
35	0.006	0.036
36	0.004	0.042
37	0.009	0.059
38	0.007	0.069
39	nan	0.052
40	nan	0.053
41	nan	0.044
42	nan	0.086
43	nan	0.133
44	nan	0.136
45	nan	0.179
46	nan	0.186
47	nan	0.252
48	nan	0.121
49	nan	0.137
50	nan	0.087
51	nan	0.289
52	0.009	0.238
53	0.01	0.266
54	0.035	0.135
55	0.04	0.147
56	nan	0.18
57	nan	0.105
58	nan	0.112
59	0.009	0.114
60	0.008	0.253
61	0.006	0.155
62	0.005	0.098
63	0.008	0.12
64	0.004	0.081
65	0.004	0.069
66	0.002	nan
67	0.002	nan
68	nan	0.077
69	nan	0.072
70	nan	0.051
71	nan	0.071
72	nan	0.079
73	nan	0.057
74	0.002	0.066
75	0.019	0.126
76	0.028	0.106
77	0.009	0.12
78	0.004	0.06
79	0.003	0.055
80	nan	0.042
81	nan	0.031
82	nan	0.026
83	nan	0.03
84	nan	0.029
85	nan	0.039
86	nan	0.035
87	nan	0.042
88	nan	0.042
89	nan	0.043
90	nan	0.037
91	nan	0.048
92	nan	0.039
93	nan	0.041
94	nan	0.058
95	nan	0.094
96	nan	0.177
97	nan	0.4
98	nan	0.3
99	nan	0.34
100	nan	0.27
101	nan	0.119
102	nan	0.059
103	nan	0.057
104	nan	0.099
105	nan	0.136
106	nan	0.095
107	nan	0.134
108	nan	0.142
109	nan	0.192
110	nan	0.224
111	nan	0.134
112	nan	0.224
113	nan	0.179
114	nan	0.079
115	nan	0.062
116	nan	0.059
117	nan	0.053
118	nan	0.059
119	nan	0.042
120	nan	0.04
121	nan	0.066
122	nan	0.053
123	nan	0.039
124	nan	0.06
125	nan	0.119
126	nan	0.122
127	nan	0.113
128	0.002	0.057
129	0.003	0.042
130	0.003	0.03
131	0.004	0.023
132	0.004	0.028
133	0.004	0.032
134	0.006	0.038
135	0.011	0.052
136	0.039	0.078
137	nan	0.074
138	nan	0.059
139	nan	0.081
140	nan	0.091
141	nan	0.15
142	nan	0.421
143	nan	0.171
144	nan	0.154
145	nan	0.249
146	nan	0.357
147	nan	0.807
148	nan	0.271
149	nan	0.185
150	nan	0.283
151	nan	0.213
152	nan	0.108
153	nan	0.119
154	nan	0.139
155	nan	0.12
156	nan	0.1
157	nan	0.094
158	nan	0.098
159	nan	0.08
160	nan	0.074
161	nan	0.084
162	nan	0.102
163	nan	0.088
164	nan	0.081
165	nan	0.127
166	nan	0.139
167	nan	0.123
168	nan	0.161
169	nan	0.055
170	nan	0.036
171	nan	0.051
172	nan	0.14
173	nan	0.074
174	0.022	0.078
175	0.008	0.055
176	0.005	0.045
177	0.005	0.045
178	0.005	0.039
179	0.004	0.048
180	nan	0.055
181	nan	0.107
182	0.009	0.234
183	0.004	0.294
184	0.013	0.42
185	0.012	0.668
186	0.045	3.26
187	0.466	3.495
188	0.09	0.599
189	0.261	0.511
190	0.047	nan
191	nan	0.662
192	nan	0.311
193	nan	0.545
194	nan	0.316
195	nan	0.239
196	0.06	0.217
197	nan	0.271
198	nan	0.207
199	nan	0.126
200	nan	0.132
201	nan	0.16
202	nan	0.123
203	nan	0.089
204	nan	0.109
205	nan	0.168
206	nan	0.135
207	nan	0.118
208	nan	0.129
209	0.129	0.225
210	0.026	0.078
211	0.014	0.054
212	0.017	0.043
213	0.02	0.036
214	0.015	0.066
215	0.008	nan
216	0.026	nan
217	nan	0.095
218	nan	0.1
219	nan	0.142
220	nan	0.076
221	nan	0.043
222	nan	0.037
223	nan	0.043
224	nan	0.054
225	nan	0.03
226	nan	0.062
227	nan	0.155
228	nan	0.095
229	0.027	0.089
230	0.009	0.04
231	0.01	0.057
232	0.015	nan
233	0.015	nan
234	nan	0.051
235	nan	0.051
236	nan	0.111
237	nan	0.06
238	nan	0.039
239	nan	0.036
240	nan	0.042
241	nan	0.038
242	nan	0.051
243	nan	0.1
244	nan	0.118
245	nan	0.278
246	nan	0.227
247	nan	0.13
248	nan	0.135
249	nan	0.364
250	nan	0.464
251	nan	0.229
252	nan	0.146
253	nan	0.13
254	nan	0.123
255	nan	0.073
256	nan	0.038
257	nan	0.041
258	nan	0.041
259	nan	0.045
260	nan	0.075
261	nan	0.205
262	nan	0.263
263	nan	0.071
264	nan	0.11
265	nan	0.085
266	0.011	0.053
267	0.008	0.041
268	0.008	0.031
269	0.013	0.029
270	0.006	0.036
271	0.007	0.03
272	0.006	0.04
273	0.006	0.059
274	0.004	0.038
275	0.007	0.068
276	0.015	0.095
277	nan	0.202
278	nan	0.135
279	nan	0.073
280	nan	0.045
281	nan	0.057
282	nan	0.161
283	nan	0.563
284	nan	0.929
285	nan	0.359
286	nan	0.415
287	nan	0.098
288	nan	0.188
289	nan	0.169
290	nan	0.151
291	nan	0.173
292	nan	0.127
293	nan	0.085
294	nan	0.091
295	nan	0.091
296	nan	0.067
297	nan	0.057
298	nan	0.05
299	nan	0.038
300	nan	0.027
301	nan	0.026
302	nan	0.029
303	nan	0.029
304	nan	0.033
305	nan	0.031
306	nan	0.033
307	nan	0.033
308	nan	0.03
309	nan	0.035
310	nan	0.031
311	nan	0.044
312	nan	0.032
313	nan	0.049
314	nan	0.063
315	nan	0.102
316	nan	0.076
317	nan	0.049
318	nan	0.075
319	nan	0.071
320	nan	0.132
321	nan	0.201
322	nan	0.167
323	nan	0.087
324	nan	0.099
325	nan	0.137
326	nan	0.104
327	nan	0.089
328	nan	0.096
329	nan	0.115
330	nan	0.107
331	nan	0.112
332	nan	0.144
333	nan	0.151
334	nan	0.161
335	nan	0.215
336	nan	0.185
337	nan	0.138
338	nan	0.215
339	nan	0.533
340	nan	0.374
341	nan	0.127
342	nan	0.118
343	nan	0.081
344	nan	0.14
345	0.017	0.167
346	0.007	0.141
347	0.005	0.148
348	0.005	0.133
349	0.006	0.173
350	0.009	0.201
351	nan	0.264
352	nan	0.17
353	nan	0.253
354	nan	0.532
355	nan	0.594
356	nan	0.724
357	nan	0.15
358	nan	0.154
359	nan	0.107
360	nan	0.12
361	nan	0.088
362	0.009	0.06
363	0.009	0.088
364	0.017	0.198
365	0.045	0.469
366	0.094	0.498
367	0.018	0.623
368	nan	0.832
369	0.014	0.268
370	0.01	0.091
371	0.01	0.065
372	0.009	0.116
373	0.014	0.139
374	0.015	0.259
375	0.014	0.404
376	0.025	0.856
377	nan	0.341
378	0.016	0.193
379	0.009	0.154
380	0.002	0.12
381	0.003	0.102
382	0.005	0.104
383	0.004	nan
384	0.005	0.107
385	0.004	nan
386	0.005	0.137
387	0.006	0.156
388	0.035	0.546
389	0.013	0.779
390	0.005	0.277
391	0.004	0.347
392	0.007	0.223
393	0.007	0.118
394	0.008	nan
395	0.005	nan
396	0.007	0.122
397	0.006	0.074
398	0.007	0.054
399	0.006	0.056
400	0.006	0.045
401	0.009	0.042
402	0.012	0.04
403	0.015	0.091
404	nan	0.057
405	nan	0.129
406	nan	0.128
407	nan	0.065
408	nan	0.061
409	nan	0.086
410	nan	0.054
411	nan	0.052
412	nan	0.065
413	nan	0.108
414	nan	0.124
415	nan	0.096
416	nan	0.106
417	nan	0.121
418	nan	0.283
419	nan	0.819
420	nan	4.525
421	nan	2.806
422	nan	1.452
423	nan	0.513
424	nan	0.586
425	nan	0.276
426	nan	0.151
427	nan	0.166
428	nan	0.153
429	nan	0.184
430	nan	0.051
431	nan	0.045
432	nan	0.039
433	nan	0.037
434	nan	0.036
435	0.051	0.032
436	0.218	0.028
437	1.385	0.038
438	2.852	0.084
439	9.716	0.114
440	34.103	0.169
441	49.069	nan
442	nan	0.43
443	nan	0.223
444	nan	0.368
445	nan	0.236
446	nan	0.267
447	nan	0.233
448	nan	0.148
449	nan	0.118
450	nan	0.101
451	nan	0.074
452	nan	0.09
453	nan	0.066
454	nan	0.098
455	nan	0.093
456	nan	0.089
457	nan	0.143
458	nan	0.171
459	nan	0.226
460	nan	0.111
461	nan	0.073
462	nan	0.045
463	nan	0.053
464	nan	0.061
465	nan	0.055
466	nan	0.082
467	nan	0.058
468	nan	0.08
469	nan	0.124
470	nan	0.257
471	nan	0.708
