index	1uld_A_1	6orh_A
1	72995.331	nan
2	nan	27963.242
3	nan	63720.264
4	nan	52871.813
5	nan	92457.933
6	nan	95322.484
7	85341.131	139406.406
8	90393.468	120122.436
9	98667.947	114185.764
10	136700.199	130764.915
11	106575.656	102765.805
12	134951.888	76638.741
13	98041.225	111484.559
14	94750.43	nan
15	111423.024	nan
16	122631.285	nan
17	93210.166	nan
18	116147.599	nan
19	64139.911	nan
20	75425.261	nan
21	112376.774	nan
22	131610.016	nan
23	nan	129685.228
24	nan	120401.214
25	nan	109675.788
26	nan	113834.627
27	117983.174	138780.831
28	117412.252	108146.745
29	103221.826	98786.949
30	147084.456	124630.078
31	147702.153	139948.425
32	165784.904	179790.402
33	151286.909	180747.296
34	136376.385	135340.952
35	117926.443	150335.385
36	157667.031	130967.634
37	109116.918	133466.152
38	130440.988	196431.321
39	nan	157189.011
40	nan	143669.465
41	nan	155668.454
42	nan	111088.886
43	nan	90413.715
44	nan	98906.853
45	nan	91252.038
46	nan	87086.465
47	nan	80283.759
48	nan	141315.941
49	nan	96270.721
50	nan	136659.304
51	nan	69907.292
52	109607.797	100060.193
53	103252.819	86443.114
54	90803.545	130190.008
55	62952.728	89472.542
56	nan	88306.429
57	nan	128239.565
58	nan	119898.25
59	132998.747	131710.398
60	139148.359	92010.424
61	130669.488	77136.37
62	150245.404	109147.418
63	139471.938	95199.157
64	126829.901	148074.785
65	144940.584	101017.195
66	144031.603	nan
67	160539.832	nan
68	nan	102165.958
69	nan	119041.879
70	nan	165058.459
71	nan	100043.481
72	nan	124423.226
73	nan	147046.357
74	154025.985	122707.926
75	107651.925	89810.917
76	91212.081	121312.622
77	101979.786	132987.042
78	137646.614	122451.804
79	158220.411	124140.462
80	nan	152747.031
81	nan	168071.322
82	nan	157838.106
83	nan	157876.864
84	nan	155786.714
85	nan	159162.522
86	nan	150493.598
87	nan	141671.608
88	nan	138315.413
89	nan	147696.552
90	nan	184217.817
91	nan	139914.735
92	nan	157677.09
93	nan	150949.629
94	nan	125108.926
95	nan	127004.464
96	nan	114560.957
97	nan	82591.45
98	nan	79132.201
99	nan	97894.799
100	nan	84870.45
101	nan	104864.086
102	nan	165020.127
103	nan	169371.692
104	nan	121668.797
105	nan	116410.379
106	nan	148464.859
107	nan	112753.37
108	nan	113090.17
109	nan	88750.287
110	nan	69409.289
111	nan	129370.745
112	nan	76155.141
113	nan	145768.014
114	nan	114715.223
115	nan	132127.026
116	nan	144369.673
117	nan	123248.142
118	nan	114554.22
119	nan	159940.73
120	nan	177384.198
121	nan	118898.244
122	nan	154583.751
123	nan	184856.015
124	nan	137884.28
125	nan	86512.4
126	nan	100218.34
127	nan	101902.915
128	159932.831	138925.939
129	153452.552	148992.258
130	133384.076	159764.366
131	140275.429	201339.597
132	147967.136	162147.485
133	144245.337	123725.677
134	120984.49	139578.888
135	126306.721	151688.722
136	91064.634	141790.982
137	nan	115447.384
138	nan	146327.598
139	nan	156243.778
140	nan	107179.677
141	nan	123629.485
142	nan	75926.015
143	nan	109621.465
144	nan	119936.854
145	nan	106080.209
146	nan	97275.761
147	nan	68763.895
148	nan	90700.973
149	nan	117397.178
150	nan	104578.351
151	nan	98404.617
152	nan	122511.319
153	nan	128382.888
154	nan	112374.555
155	nan	103226.613
156	nan	121417.272
157	nan	120844.715
158	nan	115601.348
159	nan	116650.071
160	nan	136134.722
161	nan	111569.489
162	nan	105213.919
163	nan	136596.175
164	nan	142329.624
165	nan	113840.837
166	nan	94577.744
167	nan	94453.093
168	nan	101495.01
169	nan	124890.957
170	nan	204835.972
171	nan	146068.568
172	nan	122591.111
173	nan	141078.759
174	72422.108	117171.555
175	101200.898	140287.226
176	127279.564	169329.129
177	137574.984	145414.232
178	134006.355	157411.761
179	121906.759	115271.339
180	nan	120540.019
181	nan	104782.761
182	131823.389	127306.42
183	160661.816	89290.646
184	113019.007	80543.835
185	107894.248	88700.616
186	87084.709	42537.09
187	55161.215	57310.194
188	81893.309	98107.702
189	73509.971	87476.918
190	72349.913	nan
191	nan	77170.539
192	nan	115078.665
193	nan	80033.44
194	nan	85024.068
195	nan	83927.297
196	97467.443	86745.773
197	nan	73060.783
198	nan	85922.489
199	nan	105552.529
200	nan	111447.194
201	nan	89353.672
202	nan	120212.374
203	nan	139730.35
204	nan	97231.442
205	nan	82427.095
206	nan	106191.418
207	nan	116114.164
208	nan	106734.626
209	59374.706	94688.616
210	78292.052	140302.789
211	81192.88	143716.46
212	80281.242	146507.183
213	95710.614	129478.651
214	102094.902	151728.171
215	101723.682	nan
216	95197.497	nan
217	nan	134291.689
218	nan	110825.401
219	nan	154340.302
220	nan	129567.905
221	nan	153225.321
222	nan	157478.677
223	nan	149314.817
224	nan	134269.488
225	nan	167421.109
226	nan	163330.594
227	nan	94696.994
228	nan	97409.983
229	69900.881	91368.891
230	113783.376	186826.088
231	110004.964	118912.442
232	89144.22	nan
233	100234.403	nan
234	nan	190721.6
235	nan	161195.438
236	nan	112061.583
237	nan	135283.729
238	nan	168139.962
239	nan	139165.994
240	nan	168768.156
241	nan	163508.799
242	nan	169833.992
243	nan	119336.687
244	nan	120512.497
245	nan	73430.519
246	nan	91314.278
247	nan	122852.75
248	nan	124761.681
249	nan	88820.362
250	nan	65080.46
251	nan	128526.449
252	nan	79426.532
253	nan	98979.92
254	nan	99566.022
255	nan	113244.039
256	nan	168172.328
257	nan	154888.911
258	nan	138219.5
259	nan	195252.038
260	nan	125281.126
261	nan	107729.371
262	nan	88806.116
263	nan	153950.541
264	nan	104886.84
265	nan	127777.653
266	92175.215	134726.931
267	109978.114	185488.205
268	141931.79	158611.998
269	143128.101	221340.295
270	130466.236	152401.735
271	134888.0	205254.95
272	149932.506	142527.147
273	143742.59	145605.707
274	148302.891	149855.918
275	94312.404	139571.455
276	107686.254	111147.75
277	nan	85923.937
278	nan	128595.579
279	nan	104270.694
280	nan	143735.775
281	nan	139067.428
282	nan	109794.428
283	nan	75396.765
284	nan	52999.346
285	nan	77169.567
286	nan	83458.972
287	nan	125348.761
288	nan	99776.23
289	nan	94181.46
290	nan	102960.941
291	nan	74186.65
292	nan	89722.878
293	nan	126609.924
294	nan	117062.698
295	nan	93003.818
296	nan	139696.841
297	nan	125307.409
298	nan	123583.335
299	nan	133290.799
300	nan	195902.365
301	nan	161778.538
302	nan	178395.993
303	nan	148847.343
304	nan	225910.196
305	nan	181168.823
306	nan	173780.998
307	nan	166867.652
308	nan	157662.92
309	nan	151049.173
310	nan	152030.072
311	nan	149830.808
312	nan	165266.273
313	nan	158060.01
314	nan	135778.996
315	nan	114097.277
316	nan	120033.705
317	nan	165606.392
318	nan	120653.004
319	nan	118768.351
320	nan	107322.37
321	nan	88005.711
322	nan	85200.946
323	nan	132037.644
324	nan	119065.521
325	nan	94035.663
326	nan	112355.607
327	nan	141065.2
328	nan	99279.127
329	nan	105033.068
330	nan	115651.58
331	nan	130187.224
332	nan	100161.359
333	nan	99665.871
334	nan	101206.939
335	nan	93566.779
336	nan	89622.594
337	nan	119464.416
338	nan	85849.538
339	nan	72997.569
340	nan	75524.88
341	nan	114565.224
342	nan	121714.403
343	nan	168539.685
344	nan	110681.652
345	78253.412	122786.555
346	106226.923	149886.376
347	131508.808	100355.461
348	125188.556	133422.165
349	135638.438	104731.713
350	111287.059	131577.692
351	nan	108723.082
352	nan	151480.124
353	nan	101157.977
354	nan	89227.459
355	nan	81840.669
356	nan	78314.139
357	nan	119525.986
358	nan	154186.246
359	nan	154255.459
360	nan	119262.278
361	nan	142253.0
362	120741.077	168067.894
363	110760.932	160131.442
364	76515.789	107597.117
365	92904.315	109689.772
366	64747.746	75483.746
367	94848.594	72362.395
368	nan	62586.314
369	100672.04	114927.761
370	83712.1	156556.232
371	98071.425	131088.287
372	96321.382	173284.843
373	107246.711	141489.83
374	80247.647	89460.223
375	99476.587	101137.399
376	68699.871	66810.374
377	nan	93419.947
378	91549.578	103505.489
379	120100.211	129745.922
380	178811.618	113347.189
381	151124.296	142622.703
382	165222.231	121898.713
383	149485.655	nan
384	164316.81	150261.861
385	127384.126	nan
386	120972.035	124971.225
387	143008.225	127718.241
388	69715.113	98735.278
389	96510.404	79508.469
390	153866.756	97766.194
391	145581.291	100497.204
392	136812.987	109263.172
393	140803.629	121442.462
394	123189.534	nan
395	124661.548	nan
396	153336.577	134009.472
397	129962.522	153239.162
398	142939.153	148343.07
399	117792.334	135549.654
400	138526.963	147583.311
401	108684.12	128506.187
402	124717.877	145126.453
403	87813.187	132901.01
404	nan	135023.032
405	nan	95154.953
406	nan	116175.552
407	nan	177270.135
408	nan	145602.448
409	nan	132269.324
410	nan	154558.518
411	nan	151846.374
412	nan	144663.321
413	nan	125823.745
414	nan	118488.188
415	nan	148705.799
416	nan	124355.092
417	nan	151528.434
418	nan	117643.084
419	nan	99803.902
420	nan	53374.272
421	nan	67532.584
422	nan	66638.365
423	nan	75899.788
424	nan	88735.317
425	nan	92816.24
426	nan	110322.37
427	nan	134661.05
428	nan	108121.511
429	nan	144385.844
430	nan	111609.134
431	nan	162598.925
432	nan	169387.317
433	nan	210085.335
434	nan	126305.159
435	79058.625	142167.408
436	63783.494	141378.584
437	42940.68	142744.286
438	45462.886	137380.089
439	42579.744	101146.714
440	33358.539	135066.612
441	28392.166	nan
442	nan	91324.973
443	nan	97266.78
444	nan	110672.005
445	nan	90942.713
446	nan	147621.243
447	nan	120664.495
448	nan	128565.932
449	nan	151073.647
450	nan	118327.947
451	nan	147015.942
452	nan	139736.125
453	nan	148872.633
454	nan	121405.527
455	nan	103025.806
456	nan	139114.888
457	nan	86756.83
458	nan	116131.15
459	nan	116895.973
460	nan	161617.402
461	nan	149073.965
462	nan	150187.852
463	nan	153922.743
464	nan	144634.003
465	nan	149649.773
466	nan	155650.093
467	nan	149293.223
468	nan	122347.299
469	nan	115216.819
470	nan	105034.367
471	nan	72925.206
