index	1ovs_A_1	7c68_A_1
1	31.627	nan
2	4.515	nan
3	0.179	nan
4	nan	11.271
5	nan	1.227
6	nan	0.426
7	nan	0.218
8	nan	0.105
9	nan	0.082
10	0.088	0.076
11	0.098	0.091
12	0.162	0.097
13	0.12	0.144
14	0.159	0.259
15	0.246	0.104
16	nan	0.345
17	nan	0.258
18	nan	0.139
19	nan	0.153
20	nan	0.174
21	nan	0.154
22	nan	0.141
23	nan	0.167
24	nan	0.202
25	nan	0.206
26	nan	0.173
27	nan	0.288
28	nan	0.481
29	nan	0.309
30	nan	0.262
31	nan	0.69
32	nan	1.052
33	nan	0.947
34	nan	0.852
35	0.108	0.467
36	0.118	0.343
37	0.135	0.218
38	nan	0.185
39	0.071	0.158
40	0.069	0.159
41	0.063	0.105
42	0.064	0.159
43	0.08	0.197
44	0.051	0.211
45	0.045	0.331
46	0.03	nan
47	nan	0.19
48	nan	0.131
49	nan	0.192
50	nan	0.249
51	nan	0.189
52	nan	0.153
53	nan	0.182
54	nan	0.219
55	nan	0.168
56	nan	0.2
57	nan	0.426
58	nan	0.436
59	nan	0.422
60	nan	0.493
61	0.042	0.354
62	0.087	0.134
63	nan	0.07
64	0.203	0.056
65	0.18	0.059
66	0.083	0.05
67	0.041	0.054
68	0.046	0.04
69	0.049	0.038
70	0.058	0.076
71	0.052	nan
72	0.047	nan
73	nan	0.047
74	nan	0.039
75	nan	0.032
76	nan	0.036
77	nan	0.066
78	nan	0.064
79	nan	0.103
80	nan	0.181
81	nan	0.223
82	nan	0.145
83	nan	0.078
84	nan	0.099
85	nan	0.082
86	nan	0.097
87	nan	0.136
88	nan	0.153
89	nan	0.114
90	nan	0.105
91	nan	0.143
92	nan	0.229
93	nan	0.207
94	nan	0.21
95	nan	0.249
96	nan	0.286
97	nan	0.4
98	nan	0.193
99	nan	0.128
100	nan	0.224
101	nan	0.196
102	nan	0.178
103	nan	0.09
104	nan	0.086
105	nan	0.097
106	nan	0.058
107	nan	0.048
108	nan	0.059
109	0.046	0.055
110	0.128	0.223
111	0.259	2.337
112	0.328	0.603
113	nan	2.688
114	nan	0.332
115	nan	0.069
116	nan	0.041
117	0.128	0.037
118	0.144	0.039
119	0.152	0.04
120	0.1	0.032
121	0.091	0.028
122	0.077	0.039
123	0.078	0.066
124	0.085	0.052
125	nan	0.049
126	nan	0.057
127	nan	0.048
128	nan	0.052
129	nan	0.066
130	nan	0.05
131	nan	0.08
132	nan	0.134
133	nan	0.089
134	nan	0.093
135	nan	0.162
136	nan	0.182
137	nan	0.143
138	nan	0.23
139	nan	0.171
140	nan	0.254
141	nan	0.189
142	nan	0.271
143	nan	0.159
144	nan	0.068
145	nan	0.083
146	nan	0.108
147	nan	0.079
148	nan	0.143
149	nan	0.178
150	nan	0.082
151	nan	0.071
152	nan	0.122
153	nan	0.138
154	nan	0.088
155	nan	0.08
156	nan	0.116
157	nan	0.104
158	nan	0.069
159	nan	0.121
160	nan	0.232
161	nan	0.247
162	nan	0.741
163	nan	0.357
164	nan	0.257
165	nan	0.214
166	nan	0.726
167	nan	0.958
168	nan	0.64
169	nan	0.513
170	nan	0.509
171	nan	0.231
172	nan	0.085
173	nan	0.066
174	nan	0.046
175	nan	0.041
176	nan	0.053
177	nan	0.082
178	0.087	0.045
179	0.106	0.045
180	0.29	0.071
181	0.137	0.106
182	0.183	0.083
183	0.08	0.087
184	0.076	nan
185	nan	0.059
186	nan	0.048
187	nan	0.05
188	nan	0.06
189	nan	0.075
190	nan	0.069
191	nan	0.051
192	nan	0.047
193	nan	0.032
194	nan	0.028
195	nan	0.036
196	nan	0.043
197	nan	0.053
198	nan	0.091
199	nan	0.049
200	nan	0.108
201	nan	0.095
202	0.089	0.108
203	nan	0.348
204	nan	0.724
205	nan	2.383
206	nan	9.907
207	0.109	4.483
208	0.229	1.496
209	0.08	0.251
210	0.164	0.192
211	0.071	0.117
212	0.047	0.071
213	0.089	0.068
214	nan	0.096
215	nan	0.099
216	nan	0.133
217	nan	0.07
218	nan	0.037
219	nan	0.062
220	nan	0.062
221	nan	0.036
222	nan	0.049
223	nan	0.075
224	nan	0.098
225	nan	0.093
226	nan	0.09
227	nan	0.092
228	nan	0.099
229	nan	0.063
230	nan	0.104
231	nan	0.158
232	nan	0.127
233	nan	0.079
234	nan	0.063
235	nan	0.124
236	nan	0.161
237	nan	0.176
238	nan	0.07
239	nan	0.069
240	nan	0.107
241	nan	0.079
242	nan	0.07
243	nan	0.102
244	nan	0.191
245	nan	0.115
246	nan	0.074
247	nan	0.102
248	nan	0.109
249	nan	0.079
250	nan	0.058
251	nan	0.097
252	nan	0.131
253	nan	0.102
254	0.218	0.07
255	nan	0.044
256	0.167	0.044
257	0.051	0.052
258	0.061	0.079
259	0.062	0.055
260	0.077	0.105
261	0.077	0.08
262	0.092	0.063
263	0.049	nan
264	0.062	nan
265	nan	0.051
266	nan	0.093
267	nan	0.113
268	nan	0.086
269	0.081	0.08
270	0.787	0.087
271	0.654	0.192
272	0.335	0.211
273	nan	0.28
274	nan	0.323
275	nan	1.417
276	nan	0.672
277	nan	0.241
278	nan	0.104
279	nan	0.102
280	nan	0.116
281	nan	0.311
282	nan	0.15
283	nan	0.17
284	nan	0.092
285	nan	0.106
286	nan	0.203
287	0.116	0.101
288	0.063	0.127
289	0.081	nan
290	0.076	0.083
291	0.068	0.07
292	0.079	0.089
293	0.299	0.072
294	0.166	0.096
295	0.491	0.106
296	0.659	0.082
297	2.333	0.08
298	10.201	0.26
299	nan	0.161
300	nan	0.134
301	6.865	0.086
302	3.276	0.067
303	0.694	0.044
304	0.172	0.048
305	0.094	0.041
306	0.067	0.114
307	0.085	0.057
308	0.056	0.03
309	0.038	0.028
310	0.025	0.033
311	nan	0.055
312	0.04	0.048
313	0.083	nan
314	nan	0.065
315	nan	0.099
316	nan	0.186
317	nan	0.155
318	nan	0.738
319	nan	0.253
320	nan	0.192
321	nan	0.28
322	nan	0.184
323	nan	0.089
324	nan	0.093
325	nan	0.124
326	nan	0.095
327	nan	0.067
328	nan	0.07
329	nan	0.078
330	nan	0.074
331	nan	0.061
332	nan	0.079
333	nan	0.109
334	nan	0.171
335	nan	0.072
336	nan	0.048
337	nan	0.065
338	nan	0.079
339	nan	0.069
340	nan	0.048
341	0.809	0.075
342	1.625	0.1
343	2.027	0.074
344	0.447	0.041
345	0.469	nan
346	0.047	nan
347	0.047	nan
348	0.029	nan
349	0.026	nan
350	0.042	nan
351	0.065	nan
352	0.071	0.057
353	0.068	0.046
354	0.095	0.038
355	0.132	0.039
356	0.288	0.063
357	0.614	0.14
358	21.83	0.225
359	nan	0.106
360	nan	0.168
361	nan	0.372
362	nan	0.342
363	nan	0.29
364	nan	0.378
365	nan	0.174
366	nan	0.269
367	nan	0.446
368	nan	0.245
369	nan	0.237
370	nan	0.172
371	nan	0.095
372	nan	0.101
373	nan	0.097
374	nan	0.083
375	nan	0.125
376	nan	0.153
377	nan	0.095
378	nan	0.095
379	nan	0.182
380	nan	0.101
381	nan	0.06
382	nan	0.094
383	nan	0.153
384	nan	0.216
385	nan	0.208
386	nan	0.072
387	nan	0.08
388	nan	0.049
389	nan	0.072
390	nan	0.058
391	nan	0.087
392	nan	0.069
393	nan	0.055
394	nan	0.075
395	nan	0.097
396	nan	0.068
397	nan	0.052
398	nan	0.05
399	nan	0.067
400	nan	0.075
401	nan	0.064
402	nan	0.064
403	nan	0.083
404	nan	0.076
405	nan	0.067
406	nan	0.103
407	nan	0.099
408	nan	0.098
409	nan	0.195
410	nan	0.362
411	nan	0.44
412	nan	0.342
413	nan	0.224
414	nan	0.325
415	nan	0.306
416	nan	0.317
417	nan	0.202
418	nan	0.112
419	nan	0.12
420	nan	0.158
421	nan	0.105
422	nan	0.066
423	nan	0.096
424	nan	0.128
425	nan	0.085
426	nan	0.072
427	nan	0.138
428	nan	0.138
429	nan	0.071
430	nan	0.088
431	nan	0.138
432	nan	0.096
433	nan	0.109
434	nan	0.397
435	nan	0.723
