index	1ovs_A_1	7c68_A_1
1	34275.312	nan
2	51844.601	nan
3	91261.332	nan
4	nan	35646.125
5	nan	68221.245
6	nan	99769.861
7	nan	128134.42
8	nan	116415.238
9	nan	150801.811
10	168995.3	118447.582
11	111450.802	140073.861
12	104832.545	119395.316
13	104631.813	115596.378
14	117746.504	118257.902
15	91686.423	135204.77
16	nan	125723.121
17	nan	96812.641
18	nan	123137.262
19	nan	126817.132
20	nan	86134.639
21	nan	116314.824
22	nan	121949.587
23	nan	105334.364
24	nan	102316.402
25	nan	111209.844
26	nan	125937.199
27	nan	108720.665
28	nan	88670.016
29	nan	105187.192
30	nan	115590.233
31	nan	75045.097
32	nan	75007.26
33	nan	70565.627
34	nan	97495.797
35	120151.193	106930.893
36	93698.014	93497.665
37	113420.125	127264.127
38	nan	90781.966
39	98827.114	121354.682
40	123114.241	103181.732
41	153409.599	117361.401
42	144127.82	106094.6
43	131598.213	94588.274
44	186485.047	82491.967
45	137592.554	105865.92
46	201022.597	nan
47	nan	82724.186
48	nan	132387.124
49	nan	95706.459
50	nan	91623.102
51	nan	102449.618
52	nan	136502.738
53	nan	118494.707
54	nan	96953.845
55	nan	135891.23
56	nan	145400.285
57	nan	85397.306
58	nan	79223.732
59	nan	112004.186
60	nan	83716.763
61	136338.933	130256.026
62	137793.646	128996.392
63	nan	145326.491
64	85079.117	160712.403
65	127208.803	162516.058
66	119878.242	137584.71
67	157272.045	147210.849
68	146903.213	175017.611
69	167348.206	166776.935
70	130301.601	157334.008
71	154860.843	nan
72	133463.918	nan
73	nan	137481.02
74	nan	190473.104
75	nan	199301.255
76	nan	180081.087
77	nan	151553.072
78	nan	165909.811
79	nan	134286.928
80	nan	93671.72
81	nan	108245.824
82	nan	126523.745
83	nan	144977.641
84	nan	122122.393
85	nan	119348.369
86	nan	146498.967
87	nan	112012.22
88	nan	89089.543
89	nan	141003.249
90	nan	147734.618
91	nan	92013.776
92	nan	101738.749
93	nan	115119.326
94	nan	110494.01
95	nan	124733.596
96	nan	85385.496
97	nan	70587.972
98	nan	129607.609
99	nan	107877.131
100	nan	95271.182
101	nan	80571.649
102	nan	122714.232
103	nan	151752.155
104	nan	113530.757
105	nan	112650.417
106	nan	176260.175
107	nan	176166.262
108	nan	143204.582
109	151531.781	146058.002
110	108933.87	94504.956
111	80316.913	73255.945
112	75688.617	94680.794
113	nan	48210.026
114	nan	88324.052
115	nan	161686.742
116	nan	168511.074
117	98725.242	207119.692
118	115648.327	186106.696
119	117980.689	184389.194
120	108528.495	137319.091
121	110624.567	150397.838
122	118436.585	181671.722
123	149316.286	143000.072
124	114464.285	160847.365
125	nan	135855.35
126	nan	186444.308
127	nan	130261.23
128	nan	133002.345
129	nan	136435.404
130	nan	137052.054
131	nan	126438.929
132	nan	105960.579
133	nan	170252.237
134	nan	146568.29
135	nan	94685.14
136	nan	111372.103
137	nan	136250.626
138	nan	107772.426
139	nan	123729.043
140	nan	92848.087
141	nan	118276.741
142	nan	90975.362
143	nan	96612.056
144	nan	134838.577
145	nan	126691.425
146	nan	131595.745
147	nan	128886.476
148	nan	102402.819
149	nan	82491.913
150	nan	135324.022
151	nan	123699.03
152	nan	110092.258
153	nan	116095.296
154	nan	166292.363
155	nan	136122.475
156	nan	127343.783
157	nan	107778.687
158	nan	159600.392
159	nan	117241.194
160	nan	98421.24
161	nan	117119.398
162	nan	81990.659
163	nan	100347.857
164	nan	99352.463
165	nan	124578.781
166	nan	81002.878
167	nan	68099.616
168	nan	87527.317
169	nan	67292.461
170	nan	96744.128
171	nan	111095.523
172	nan	141259.632
173	nan	170915.718
174	nan	164081.901
175	nan	146772.912
176	nan	163152.584
177	nan	157149.579
178	129020.957	167187.571
179	101025.384	206083.669
180	73697.164	125596.508
181	99835.015	109508.833
182	114120.439	140923.325
183	114548.448	103776.794
184	126239.632	nan
185	nan	128826.224
186	nan	166697.505
187	nan	141255.749
188	nan	122744.438
189	nan	131111.254
190	nan	162218.866
191	nan	168891.501
192	nan	169963.978
193	nan	137260.657
194	nan	185131.726
195	nan	131995.216
196	nan	185014.524
197	nan	160951.258
198	nan	140128.485
199	nan	170483.207
200	nan	122298.789
201	nan	130959.913
202	142336.214	128384.021
203	nan	83900.638
204	nan	76046.108
205	nan	70968.97
206	nan	48444.198
207	100582.746	54949.667
208	85376.476	65553.584
209	93328.051	96559.591
210	109463.738	119925.134
211	120783.493	154146.599
212	161726.686	154555.65
213	139416.278	158983.465
214	nan	139242.864
215	nan	123898.94
216	nan	96615.259
217	nan	122086.497
218	nan	177097.855
219	nan	149519.501
220	nan	117860.999
221	nan	187127.49
222	nan	153131.19
223	nan	119755.03
224	nan	107019.899
225	nan	120493.357
226	nan	142768.254
227	nan	120251.284
228	nan	119488.131
229	nan	166607.999
230	nan	108533.454
231	nan	83119.609
232	nan	124344.855
233	nan	117189.927
234	nan	153928.688
235	nan	124636.847
236	nan	122010.113
237	nan	82763.738
238	nan	154608.479
239	nan	143386.102
240	nan	105063.932
241	nan	118221.993
242	nan	130282.193
243	nan	132580.455
244	nan	105998.122
245	nan	97680.915
246	nan	149596.838
247	nan	116883.115
248	nan	117798.624
249	nan	122816.869
250	nan	141317.204
251	nan	133685.735
252	nan	125749.077
253	nan	172091.154
254	86595.219	126104.931
255	nan	164136.662
256	99558.621	198424.257
257	159066.697	152342.437
258	122293.27	122238.819
259	162848.667	149275.711
260	128870.577	131551.081
261	158053.777	171248.977
262	127312.32	159763.827
263	161504.052	nan
264	148601.814	nan
265	nan	117640.727
266	nan	132942.749
267	nan	136306.115
268	nan	125721.765
269	130112.727	124659.443
270	68231.114	155338.693
271	77516.61	93972.692
272	67727.441	117500.99
273	nan	105323.788
274	nan	89145.581
275	nan	68852.463
276	nan	78016.369
277	nan	122121.684
278	nan	157454.241
279	nan	120521.85
280	nan	134430.44
281	nan	81574.354
282	nan	100369.411
283	nan	111985.789
284	nan	161332.761
285	nan	142763.181
286	nan	77082.004
287	96830.074	106328.895
288	144017.515	120734.272
289	102838.777	nan
290	128703.041	151924.364
291	114984.24	135050.435
292	128089.753	155855.06
293	108385.83	148593.058
294	89617.221	126342.786
295	86671.797	144507.509
296	86071.737	147470.34
297	68768.651	170698.984
298	50132.137	97216.454
299	nan	87671.27
300	nan	126293.021
301	52831.338	106959.703
302	61037.631	124702.188
303	85727.982	162589.408
304	114240.605	135574.209
305	108387.598	131792.958
306	162122.598	185323.37
307	132223.165	194270.597
308	157034.764	159704.483
309	182136.184	167947.365
310	173863.225	161218.119
311	nan	201907.906
312	131047.508	161127.396
313	124091.034	nan
314	nan	136865.671
315	nan	114700.968
316	nan	86574.423
317	nan	128011.657
318	nan	68597.915
319	nan	97928.328
320	nan	101585.342
321	nan	82890.633
322	nan	100163.521
323	nan	155694.727
324	nan	121875.589
325	nan	103716.0
326	nan	131000.39
327	nan	149988.395
328	nan	132864.618
329	nan	110729.257
330	nan	136726.916
331	nan	191515.942
332	nan	161981.878
333	nan	115442.295
334	nan	83917.819
335	nan	144403.067
336	nan	150321.067
337	nan	150162.491
338	nan	107764.438
339	nan	124402.317
340	nan	172172.724
341	99914.909	112435.077
342	56175.362	119790.126
343	55815.414	145445.94
344	78038.059	174563.369
345	79158.539	nan
346	107214.628	nan
347	132852.762	nan
348	166657.201	nan
349	221512.152	nan
350	161298.973	nan
351	162509.104	nan
352	137203.68	141294.977
353	143719.905	151512.358
354	130391.292	170046.151
355	101123.427	192376.07
356	97492.25	153709.654
357	69622.425	101709.284
358	38210.971	96319.442
359	nan	145791.91
360	nan	94969.039
361	nan	87432.269
362	nan	89260.699
363	nan	77951.358
364	nan	105742.291
365	nan	113514.282
366	nan	92019.868
367	nan	70758.97
368	nan	92148.632
369	nan	84706.128
370	nan	113092.291
371	nan	139165.447
372	nan	98502.781
373	nan	129083.051
374	nan	139827.715
375	nan	119550.317
376	nan	84521.062
377	nan	145335.071
378	nan	134669.366
379	nan	73470.34
380	nan	95426.023
381	nan	158984.903
382	nan	94592.634
383	nan	116656.023
384	nan	91468.026
385	nan	106744.975
386	nan	157492.307
387	nan	138407.777
388	nan	153857.366
389	nan	169127.27
390	nan	123602.204
391	nan	159486.201
392	nan	137839.478
393	nan	155039.884
394	nan	131276.065
395	nan	119340.757
396	nan	131151.723
397	nan	172520.779
398	nan	151310.649
399	nan	112546.109
400	nan	128128.644
401	nan	146919.554
402	nan	168029.954
403	nan	100902.337
404	nan	165258.795
405	nan	129851.335
406	nan	122466.461
407	nan	125377.16
408	nan	144526.187
409	nan	125938.573
410	nan	66166.973
411	nan	92965.423
412	nan	74518.164
413	nan	119563.868
414	nan	88840.252
415	nan	79867.458
416	nan	71151.787
417	nan	109350.135
418	nan	134292.215
419	nan	112434.184
420	nan	93552.478
421	nan	122589.803
422	nan	138017.629
423	nan	114423.757
424	nan	96108.327
425	nan	163708.949
426	nan	147805.364
427	nan	110421.622
428	nan	124675.962
429	nan	150858.824
430	nan	129585.324
431	nan	87808.609
432	nan	136311.463
433	nan	124025.162
434	nan	73271.736
435	nan	65358.192
