index	6orh_A	1ovs_A
1	16.791	nan
2	2.041	nan
3	1.486	nan
4	0.315	nan
5	0.169	nan
6	0.199	nan
7	0.132	nan
8	0.103	nan
9	0.114	nan
10	0.177	nan
11	0.161	nan
12	0.111	nan
13	0.073	nan
14	0.076	nan
15	0.092	nan
16	0.074	nan
17	0.065	nan
18	0.094	nan
19	0.086	nan
20	0.055	nan
21	0.047	nan
22	0.037	nan
23	0.031	nan
24	0.031	nan
25	0.036	nan
26	0.042	nan
27	0.059	nan
28	0.069	nan
29	0.052	nan
30	0.053	nan
31	0.044	nan
32	0.086	nan
33	0.133	nan
34	0.136	31.627
35	0.179	4.515
36	0.186	0.179
37	0.252	0.088
38	0.121	0.098
39	0.137	0.162
40	0.087	0.12
41	0.289	nan
42	0.238	nan
43	0.266	nan
44	0.135	nan
45	0.147	nan
46	0.18	nan
47	0.105	nan
48	0.112	nan
49	0.114	nan
50	0.253	nan
51	0.155	nan
52	0.098	nan
53	0.12	nan
54	0.081	nan
55	0.069	nan
56	0.077	nan
57	0.072	nan
58	0.051	nan
59	0.071	nan
60	0.079	nan
61	0.057	nan
62	0.066	nan
63	0.126	nan
64	0.106	nan
65	0.12	nan
66	0.06	nan
67	0.055	nan
68	0.042	nan
69	0.031	nan
70	0.026	nan
71	0.03	nan
72	0.029	0.159
73	0.039	0.246
74	0.035	nan
75	0.042	0.108
76	0.042	nan
77	0.043	nan
78	0.037	nan
79	0.048	nan
80	0.039	nan
81	0.041	nan
82	0.058	nan
83	0.094	nan
84	0.177	nan
85	0.4	nan
86	0.3	nan
87	0.34	nan
88	0.27	nan
89	0.119	nan
90	0.059	nan
91	0.057	nan
92	0.099	nan
93	0.136	nan
94	0.095	nan
95	0.134	nan
96	0.142	nan
97	0.192	nan
98	0.224	nan
99	0.134	nan
100	0.224	nan
101	0.179	nan
102	0.079	nan
103	0.062	nan
104	0.059	nan
105	0.053	nan
106	0.059	nan
107	0.042	nan
108	0.04	nan
109	0.066	nan
110	0.053	nan
111	0.039	nan
112	0.06	nan
113	0.119	nan
114	0.122	nan
115	0.113	0.118
116	0.057	0.135
117	0.042	0.071
118	0.03	0.069
119	0.023	0.063
120	0.028	0.064
121	0.032	0.08
122	0.038	0.051
123	0.052	0.045
124	0.078	nan
125	0.074	nan
126	0.059	nan
127	0.081	nan
128	0.091	nan
129	0.15	nan
130	0.421	nan
131	0.171	nan
132	0.154	nan
133	0.249	nan
134	0.357	nan
135	0.807	nan
136	0.271	nan
137	0.185	nan
138	0.283	nan
139	0.213	nan
140	0.108	nan
141	0.119	nan
142	0.139	nan
143	0.12	nan
144	0.1	nan
145	0.094	nan
146	0.098	nan
147	0.08	nan
148	0.074	nan
149	0.084	nan
150	0.102	nan
151	0.088	nan
152	0.081	0.03
153	0.127	0.042
154	0.139	0.087
155	0.123	nan
156	0.161	nan
157	0.055	nan
158	0.036	nan
159	0.051	nan
160	0.14	nan
161	0.074	nan
162	0.078	0.203
163	0.055	0.18
164	0.045	0.083
165	0.045	0.041
166	0.039	nan
167	0.048	nan
168	0.055	nan
169	0.107	nan
170	0.234	nan
171	0.294	nan
172	0.42	nan
173	0.668	nan
174	3.26	nan
175	3.495	nan
176	0.599	nan
177	0.511	nan
178	0.662	nan
179	0.311	nan
180	0.545	nan
181	0.316	nan
182	0.239	nan
183	0.217	nan
184	0.271	nan
185	0.207	nan
186	0.126	nan
187	0.132	nan
188	0.16	nan
189	0.123	nan
190	0.089	nan
191	0.109	nan
192	0.168	nan
193	0.135	nan
194	0.118	nan
195	0.129	0.046
196	0.225	0.049
197	0.078	0.058
198	0.054	0.052
199	0.043	0.047
200	0.036	0.046
201	0.066	0.128
202	0.095	nan
203	0.1	nan
204	0.142	nan
205	0.076	nan
206	0.043	nan
207	0.037	nan
208	0.043	nan
209	0.054	nan
210	0.03	nan
211	0.062	nan
212	0.155	nan
213	0.095	nan
214	0.089	nan
215	0.04	nan
216	0.057	nan
217	0.051	nan
218	nan	0.259
219	nan	0.328
220	0.051	0.128
221	0.111	0.144
222	0.06	0.152
223	0.039	0.1
224	0.036	0.091
225	0.042	0.077
226	0.038	nan
227	0.051	nan
228	0.1	nan
229	0.118	nan
230	0.278	nan
231	0.227	nan
232	0.13	nan
233	0.135	nan
234	0.364	nan
235	0.464	nan
236	0.229	nan
237	0.146	nan
238	0.13	nan
239	0.123	nan
240	0.073	nan
241	0.038	nan
242	0.041	nan
243	0.041	nan
244	0.045	nan
245	0.075	nan
246	0.205	0.078
247	0.263	0.085
248	0.071	0.087
249	0.11	0.106
250	0.085	0.29
251	0.053	0.137
252	0.041	0.183
253	0.031	nan
254	0.029	0.08
255	0.036	nan
256	0.03	nan
257	0.04	nan
258	0.059	nan
259	0.038	nan
260	0.068	nan
261	0.095	nan
262	0.202	nan
263	0.135	nan
264	0.073	nan
265	0.045	nan
266	0.057	nan
267	0.161	nan
268	0.563	nan
269	0.929	nan
270	0.359	nan
271	0.415	nan
272	0.098	nan
273	0.188	nan
274	0.169	nan
275	0.151	nan
276	0.173	nan
277	0.127	nan
278	0.085	nan
279	0.091	nan
280	0.091	nan
281	0.067	nan
282	0.057	nan
283	0.05	nan
284	0.038	nan
285	0.027	nan
286	0.026	nan
287	0.029	nan
288	0.029	nan
289	0.033	nan
290	0.031	0.076
291	0.033	0.089
292	0.033	0.109
293	0.03	0.229
294	0.035	nan
295	0.031	nan
296	0.044	nan
297	0.032	nan
298	0.049	nan
299	0.063	nan
300	0.102	nan
301	0.076	nan
302	0.049	nan
303	0.075	nan
304	0.071	nan
305	0.132	nan
306	0.201	nan
307	0.167	nan
308	0.087	nan
309	0.099	nan
310	0.137	nan
311	0.104	nan
312	0.089	nan
313	0.096	nan
314	0.115	nan
315	0.107	nan
316	0.112	nan
317	0.144	nan
318	0.151	nan
319	0.161	nan
320	0.215	nan
321	0.185	nan
322	0.138	nan
323	0.215	nan
324	0.533	nan
325	0.374	nan
326	0.127	nan
327	0.118	nan
328	0.081	nan
329	0.14	nan
330	0.167	0.08
331	0.141	0.164
332	0.148	0.071
333	0.133	0.047
334	0.173	0.089
335	0.201	0.218
336	0.264	nan
337	0.17	nan
338	0.253	nan
339	0.532	nan
340	0.594	nan
341	0.724	nan
342	0.15	nan
343	0.154	nan
344	0.107	nan
345	0.12	nan
346	0.088	nan
347	0.06	nan
348	0.088	nan
349	0.198	nan
350	0.469	nan
351	0.498	nan
352	0.623	nan
353	0.832	nan
354	0.268	nan
355	nan	0.167
356	nan	0.051
357	0.091	0.061
358	0.065	0.062
359	0.116	0.077
360	0.139	0.077
361	0.259	0.092
362	0.404	0.049
363	0.856	nan
364	nan	0.062
365	nan	0.081
366	nan	0.787
367	nan	0.654
368	nan	0.335
369	nan	0.116
370	nan	0.063
371	0.341	0.081
372	0.193	0.076
373	0.154	0.068
374	0.12	0.079
375	0.102	0.299
376	0.104	0.166
377	0.107	0.491
378	0.137	0.659
379	0.156	2.333
380	0.546	10.201
381	0.779	nan
382	0.277	nan
383	0.347	6.865
384	0.223	3.276
385	0.118	0.694
386	0.122	0.172
387	0.074	0.094
388	0.054	0.067
389	0.056	0.085
390	0.045	0.056
391	0.042	0.038
392	0.04	0.025
393	0.091	0.04
394	0.057	0.083
395	0.129	0.809
396	0.128	nan
397	0.065	nan
398	0.061	nan
399	0.086	nan
400	0.054	nan
401	0.052	nan
402	0.065	nan
403	0.108	nan
404	0.124	nan
405	0.096	nan
406	0.106	nan
407	0.121	nan
408	0.283	nan
409	0.819	nan
410	4.525	nan
411	2.806	nan
412	1.452	nan
413	0.513	nan
414	0.586	nan
415	0.276	nan
416	0.151	nan
417	0.166	nan
418	nan	1.625
419	nan	2.027
420	0.153	0.447
421	0.184	0.469
422	0.051	0.047
423	0.045	nan
424	0.039	nan
425	0.037	nan
426	0.036	nan
427	0.032	nan
428	0.028	nan
429	0.038	nan
430	0.084	nan
431	0.114	nan
432	0.169	nan
433	0.43	nan
434	0.223	nan
435	0.368	nan
436	0.236	nan
437	0.267	nan
438	nan	0.047
439	nan	0.029
440	0.233	0.026
441	0.148	0.042
442	0.118	0.065
443	0.101	0.071
444	0.074	0.068
445	0.09	0.095
446	0.066	0.132
447	0.098	0.288
448	0.093	nan
449	0.089	0.614
450	0.143	21.83
451	0.171	nan
452	0.226	nan
453	0.111	nan
454	0.073	nan
455	0.045	nan
456	0.053	nan
457	0.061	nan
458	0.055	nan
459	0.082	nan
460	0.058	nan
461	0.08	nan
462	0.124	nan
463	0.257	nan
464	0.708	nan
