index	6orh_A	1ovs_A
1	27963.242	nan
2	63720.264	nan
3	52871.813	nan
4	92457.933	nan
5	95322.484	nan
6	139406.406	nan
7	120122.436	nan
8	114185.764	nan
9	130764.915	nan
10	102765.805	nan
11	76638.741	nan
12	111484.559	nan
13	129685.228	nan
14	120401.214	nan
15	109675.788	nan
16	113834.627	nan
17	138780.831	nan
18	108146.745	nan
19	98786.949	nan
20	124630.078	nan
21	139948.425	nan
22	179790.402	nan
23	180747.296	nan
24	135340.952	nan
25	150335.385	nan
26	130967.634	nan
27	133466.152	nan
28	196431.321	nan
29	157189.011	nan
30	143669.465	nan
31	155668.454	nan
32	111088.886	nan
33	90413.715	nan
34	98906.853	34275.312
35	91252.038	51844.601
36	87086.465	91261.332
37	80283.759	168995.3
38	141315.941	111450.802
39	96270.721	104832.545
40	136659.304	104631.813
41	69907.292	nan
42	100060.193	nan
43	86443.114	nan
44	130190.008	nan
45	89472.542	nan
46	88306.429	nan
47	128239.565	nan
48	119898.25	nan
49	131710.398	nan
50	92010.424	nan
51	77136.37	nan
52	109147.418	nan
53	95199.157	nan
54	148074.785	nan
55	101017.195	nan
56	102165.958	nan
57	119041.879	nan
58	165058.459	nan
59	100043.481	nan
60	124423.226	nan
61	147046.357	nan
62	122707.926	nan
63	89810.917	nan
64	121312.622	nan
65	132987.042	nan
66	122451.804	nan
67	124140.462	nan
68	152747.031	nan
69	168071.322	nan
70	157838.106	nan
71	157876.864	nan
72	155786.714	117746.504
73	159162.522	91686.423
74	150493.598	nan
75	141671.608	120151.193
76	138315.413	nan
77	147696.552	nan
78	184217.817	nan
79	139914.735	nan
80	157677.09	nan
81	150949.629	nan
82	125108.926	nan
83	127004.464	nan
84	114560.957	nan
85	82591.45	nan
86	79132.201	nan
87	97894.799	nan
88	84870.45	nan
89	104864.086	nan
90	165020.127	nan
91	169371.692	nan
92	121668.797	nan
93	116410.379	nan
94	148464.859	nan
95	112753.37	nan
96	113090.17	nan
97	88750.287	nan
98	69409.289	nan
99	129370.745	nan
100	76155.141	nan
101	145768.014	nan
102	114715.223	nan
103	132127.026	nan
104	144369.673	nan
105	123248.142	nan
106	114554.22	nan
107	159940.73	nan
108	177384.198	nan
109	118898.244	nan
110	154583.751	nan
111	184856.015	nan
112	137884.28	nan
113	86512.4	nan
114	100218.34	nan
115	101902.915	93698.014
116	138925.939	113420.125
117	148992.258	98827.114
118	159764.366	123114.241
119	201339.597	153409.599
120	162147.485	144127.82
121	123725.677	131598.213
122	139578.888	186485.047
123	151688.722	137592.554
124	141790.982	nan
125	115447.384	nan
126	146327.598	nan
127	156243.778	nan
128	107179.677	nan
129	123629.485	nan
130	75926.015	nan
131	109621.465	nan
132	119936.854	nan
133	106080.209	nan
134	97275.761	nan
135	68763.895	nan
136	90700.973	nan
137	117397.178	nan
138	104578.351	nan
139	98404.617	nan
140	122511.319	nan
141	128382.888	nan
142	112374.555	nan
143	103226.613	nan
144	121417.272	nan
145	120844.715	nan
146	115601.348	nan
147	116650.071	nan
148	136134.722	nan
149	111569.489	nan
150	105213.919	nan
151	136596.175	nan
152	142329.624	201022.597
153	113840.837	136338.933
154	94577.744	137793.646
155	94453.093	nan
156	101495.01	nan
157	124890.957	nan
158	204835.972	nan
159	146068.568	nan
160	122591.111	nan
161	141078.759	nan
162	117171.555	85079.117
163	140287.226	127208.803
164	169329.129	119878.242
165	145414.232	157272.045
166	157411.761	nan
167	115271.339	nan
168	120540.019	nan
169	104782.761	nan
170	127306.42	nan
171	89290.646	nan
172	80543.835	nan
173	88700.616	nan
174	42537.09	nan
175	57310.194	nan
176	98107.702	nan
177	87476.918	nan
178	77170.539	nan
179	115078.665	nan
180	80033.44	nan
181	85024.068	nan
182	83927.297	nan
183	86745.773	nan
184	73060.783	nan
185	85922.489	nan
186	105552.529	nan
187	111447.194	nan
188	89353.672	nan
189	120212.374	nan
190	139730.35	nan
191	97231.442	nan
192	82427.095	nan
193	106191.418	nan
194	116114.164	nan
195	106734.626	146903.213
196	94688.616	167348.206
197	140302.789	130301.601
198	143716.46	154860.843
199	146507.183	133463.918
200	129478.651	151531.781
201	151728.171	108933.87
202	134291.689	nan
203	110825.401	nan
204	154340.302	nan
205	129567.905	nan
206	153225.321	nan
207	157478.677	nan
208	149314.817	nan
209	134269.488	nan
210	167421.109	nan
211	163330.594	nan
212	94696.994	nan
213	97409.983	nan
214	91368.891	nan
215	186826.088	nan
216	118912.442	nan
217	190721.6	nan
218	nan	80316.913
219	nan	75688.617
220	161195.438	98725.242
221	112061.583	115648.327
222	135283.729	117980.689
223	168139.962	108528.495
224	139165.994	110624.567
225	168768.156	118436.585
226	163508.799	nan
227	169833.992	nan
228	119336.687	nan
229	120512.497	nan
230	73430.519	nan
231	91314.278	nan
232	122852.75	nan
233	124761.681	nan
234	88820.362	nan
235	65080.46	nan
236	128526.449	nan
237	79426.532	nan
238	98979.92	nan
239	99566.022	nan
240	113244.039	nan
241	168172.328	nan
242	154888.911	nan
243	138219.5	nan
244	195252.038	nan
245	125281.126	nan
246	107729.371	149316.286
247	88806.116	114464.285
248	153950.541	129020.957
249	104886.84	101025.384
250	127777.653	73697.164
251	134726.931	99835.015
252	185488.205	114120.439
253	158611.998	nan
254	221340.295	114548.448
255	152401.735	nan
256	205254.95	nan
257	142527.147	nan
258	145605.707	nan
259	149855.918	nan
260	139571.455	nan
261	111147.75	nan
262	85923.937	nan
263	128595.579	nan
264	104270.694	nan
265	143735.775	nan
266	139067.428	nan
267	109794.428	nan
268	75396.765	nan
269	52999.346	nan
270	77169.567	nan
271	83458.972	nan
272	125348.761	nan
273	99776.23	nan
274	94181.46	nan
275	102960.941	nan
276	74186.65	nan
277	89722.878	nan
278	126609.924	nan
279	117062.698	nan
280	93003.818	nan
281	139696.841	nan
282	125307.409	nan
283	123583.335	nan
284	133290.799	nan
285	195902.365	nan
286	161778.538	nan
287	178395.993	nan
288	148847.343	nan
289	225910.196	nan
290	181168.823	126239.632
291	173780.998	142336.214
292	166867.652	100582.746
293	157662.92	85376.476
294	151049.173	nan
295	152030.072	nan
296	149830.808	nan
297	165266.273	nan
298	158060.01	nan
299	135778.996	nan
300	114097.277	nan
301	120033.705	nan
302	165606.392	nan
303	120653.004	nan
304	118768.351	nan
305	107322.37	nan
306	88005.711	nan
307	85200.946	nan
308	132037.644	nan
309	119065.521	nan
310	94035.663	nan
311	112355.607	nan
312	141065.2	nan
313	99279.127	nan
314	105033.068	nan
315	115651.58	nan
316	130187.224	nan
317	100161.359	nan
318	99665.871	nan
319	101206.939	nan
320	93566.779	nan
321	89622.594	nan
322	119464.416	nan
323	85849.538	nan
324	72997.569	nan
325	75524.88	nan
326	114565.224	nan
327	121714.403	nan
328	168539.685	nan
329	110681.652	nan
330	122786.555	93328.051
331	149886.376	109463.738
332	100355.461	120783.493
333	133422.165	161726.686
334	104731.713	139416.278
335	131577.692	86595.219
336	108723.082	nan
337	151480.124	nan
338	101157.977	nan
339	89227.459	nan
340	81840.669	nan
341	78314.139	nan
342	119525.986	nan
343	154186.246	nan
344	154255.459	nan
345	119262.278	nan
346	142253.0	nan
347	168067.894	nan
348	160131.442	nan
349	107597.117	nan
350	109689.772	nan
351	75483.746	nan
352	72362.395	nan
353	62586.314	nan
354	114927.761	nan
355	nan	99558.621
356	nan	159066.697
357	156556.232	122293.27
358	131088.287	162848.667
359	173284.843	128870.577
360	141489.83	158053.777
361	89460.223	127312.32
362	101137.399	161504.052
363	66810.374	nan
364	nan	148601.814
365	nan	130112.727
366	nan	68231.114
367	nan	77516.61
368	nan	67727.441
369	nan	96830.074
370	nan	144017.515
371	93419.947	102838.777
372	103505.489	128703.041
373	129745.922	114984.24
374	113347.189	128089.753
375	142622.703	108385.83
376	121898.713	89617.221
377	150261.861	86671.797
378	124971.225	86071.737
379	127718.241	68768.651
380	98735.278	50132.137
381	79508.469	nan
382	97766.194	nan
383	100497.204	52831.338
384	109263.172	61037.631
385	121442.462	85727.982
386	134009.472	114240.605
387	153239.162	108387.598
388	148343.07	162122.598
389	135549.654	132223.165
390	147583.311	157034.764
391	128506.187	182136.184
392	145126.453	173863.225
393	132901.01	131047.508
394	135023.032	124091.034
395	95154.953	99914.909
396	116175.552	nan
397	177270.135	nan
398	145602.448	nan
399	132269.324	nan
400	154558.518	nan
401	151846.374	nan
402	144663.321	nan
403	125823.745	nan
404	118488.188	nan
405	148705.799	nan
406	124355.092	nan
407	151528.434	nan
408	117643.084	nan
409	99803.902	nan
410	53374.272	nan
411	67532.584	nan
412	66638.365	nan
413	75899.788	nan
414	88735.317	nan
415	92816.24	nan
416	110322.37	nan
417	134661.05	nan
418	nan	56175.362
419	nan	55815.414
420	108121.511	78038.059
421	144385.844	79158.539
422	111609.134	107214.628
423	162598.925	nan
424	169387.317	nan
425	210085.335	nan
426	126305.159	nan
427	142167.408	nan
428	141378.584	nan
429	142744.286	nan
430	137380.089	nan
431	101146.714	nan
432	135066.612	nan
433	91324.973	nan
434	97266.78	nan
435	110672.005	nan
436	90942.713	nan
437	147621.243	nan
438	nan	132852.762
439	nan	166657.201
440	120664.495	221512.152
441	128565.932	161298.973
442	151073.647	162509.104
443	118327.947	137203.68
444	147015.942	143719.905
445	139736.125	130391.292
446	148872.633	101123.427
447	121405.527	97492.25
448	103025.806	nan
449	139114.888	69622.425
450	86756.83	38210.971
451	116131.15	nan
452	116895.973	nan
453	161617.402	nan
454	149073.965	nan
455	150187.852	nan
456	153922.743	nan
457	144634.003	nan
458	149649.773	nan
459	155650.093	nan
460	149293.223	nan
461	122347.299	nan
462	115216.819	nan
463	105034.367	nan
464	72925.206	nan
