index	1uld_A_1	4k79_A_1
1	0.029	nan
2	nan	2.003
3	nan	0.608
4	nan	0.583
5	nan	1.284
6	0.013	0.97
7	0.011	0.429
8	0.007	0.556
9	0.007	0.509
10	0.005	2.233
11	0.006	3.395
12	0.006	0.452
13	0.006	0.245
14	0.005	0.192
15	0.008	0.196
16	0.007	0.184
17	0.011	nan
18	0.042	nan
19	0.032	nan
20	0.008	nan
21	0.006	nan
22	0.009	nan
23	0.005	nan
24	nan	0.18
25	0.008	0.22
26	0.004	0.346
27	0.005	0.333
28	0.005	0.32
29	0.005	0.261
30	0.006	0.389
31	0.006	0.591
32	0.004	0.958
33	0.009	1.118
34	0.007	0.505
35	0.009	0.456
36	0.01	0.45
37	0.035	0.37
38	0.04	0.331
39	0.009	0.162
40	0.008	nan
41	0.006	nan
42	0.005	0.108
43	0.008	0.136
44	0.004	0.156
45	0.004	0.117
46	0.002	0.094
47	0.002	0.109
48	0.002	0.098
49	nan	0.171
50	nan	0.133
51	nan	0.153
52	nan	0.132
53	nan	0.365
54	nan	0.584
55	nan	0.505
56	0.019	0.328
57	0.028	0.344
58	0.009	0.468
59	nan	0.252
60	nan	0.228
61	nan	0.449
62	nan	0.202
63	nan	0.179
64	0.004	0.131
65	0.003	0.09
66	nan	0.072
67	0.002	0.118
68	0.003	0.129
69	0.003	0.109
70	0.004	0.086
71	nan	0.1
72	nan	0.071
73	nan	0.146
74	nan	0.086
75	nan	0.13
76	nan	0.142
77	0.004	0.383
78	0.004	0.547
79	0.006	0.348
80	0.011	0.253
81	0.039	0.256
82	0.022	0.235
83	nan	0.183
84	nan	0.181
85	nan	0.164
86	nan	0.114
87	nan	0.136
88	nan	0.12
89	nan	0.078
90	0.008	0.069
91	0.005	0.127
92	0.005	0.136
93	0.005	0.122
94	0.004	0.097
95	nan	0.107
96	nan	0.07
97	nan	0.136
98	nan	0.089
99	nan	0.165
100	0.009	0.117
101	0.004	0.317
102	0.013	0.511
103	0.012	0.338
104	0.045	0.253
105	0.466	0.248
106	0.09	0.223
107	nan	0.179
108	nan	0.181
109	nan	0.148
110	nan	0.108
111	nan	0.125
112	0.261	0.106
113	0.047	0.081
114	0.06	nan
115	0.129	0.074
116	0.026	0.133
117	0.014	0.151
118	0.017	0.13
119	nan	0.107
120	0.02	0.119
121	0.015	0.063
122	0.008	0.168
123	0.026	0.077
124	nan	0.105
125	0.027	0.119
126	0.009	0.327
127	0.01	0.449
128	0.015	0.304
129	0.015	0.275
130	0.011	0.283
131	0.008	nan
132	0.008	nan
133	0.013	nan
134	0.006	nan
135	nan	0.219
136	nan	0.191
137	nan	0.204
138	nan	0.153
139	nan	0.115
140	nan	0.148
141	nan	0.111
142	nan	0.08
143	nan	0.089
144	0.007	0.135
145	0.006	0.148
146	0.006	0.116
147	0.004	0.096
148	0.007	0.097
149	0.015	0.06
150	0.017	nan
151	0.007	nan
152	0.005	nan
153	0.005	nan
154	0.006	nan
155	0.009	nan
156	0.009	nan
157	0.009	nan
158	0.017	0.136
159	0.045	0.08
160	0.094	0.132
161	0.018	0.088
162	0.014	nan
163	0.01	nan
164	0.01	nan
165	0.009	0.27
166	0.014	0.273
167	0.015	0.294
168	0.014	0.275
169	0.025	0.522
170	0.016	nan
171	nan	0.277
172	nan	0.34
173	nan	0.5
174	0.009	0.239
175	0.002	0.188
176	0.003	0.401
177	0.005	0.161
178	0.004	0.169
179	0.005	0.223
180	0.004	0.129
181	nan	0.149
182	0.005	0.098
183	0.006	nan
184	0.035	nan
185	0.013	0.094
186	0.005	0.101
187	0.004	0.085
188	0.007	0.129
189	0.007	0.106
190	0.008	0.073
191	0.005	0.133
192	0.007	nan
193	0.006	nan
194	0.007	nan
195	nan	0.134
196	nan	0.311
197	nan	0.22
198	nan	0.288
199	nan	0.268
200	nan	0.107
201	nan	0.135
202	nan	0.196
203	nan	0.128
204	nan	0.098
205	nan	0.185
206	nan	0.201
207	nan	0.119
208	nan	0.162
209	nan	0.324
210	nan	0.298
211	nan	0.18
212	nan	0.275
213	0.006	0.218
214	0.006	0.091
215	0.009	0.121
216	0.012	0.336
217	0.015	1.652
218	0.051	3.625
219	0.218	3.636
220	nan	0.704
221	nan	0.737
222	1.385	0.36
223	2.852	0.249
224	9.716	0.198
225	34.103	nan
226	49.069	nan
227	nan	0.173
228	nan	0.175
229	nan	0.09
230	nan	0.099
231	nan	0.081
232	nan	0.262
233	nan	1.917
234	nan	0.775
235	nan	0.434
236	nan	0.34
237	nan	0.101
238	nan	0.086
239	nan	0.109
240	nan	0.26
241	nan	0.365
242	nan	1.132
243	nan	1.114
244	nan	2.177
245	nan	1.297
246	nan	0.554
247	nan	1.167
248	nan	1.482
249	nan	2.998
250	nan	1.54
251	nan	1.674
252	nan	18.93
