index	1uld_A_1	4k79_A_1
1	72995.331	nan
2	nan	81826.894
3	nan	111154.124
4	nan	109111.623
5	nan	75461.17
6	85341.131	78543.578
7	90393.468	115573.174
8	98667.947	101626.131
9	136700.199	109878.678
10	106575.656	77809.71
11	134951.888	80200.003
12	98041.225	102972.121
13	94750.43	114107.983
14	111423.024	153007.558
15	122631.285	124686.597
16	93210.166	143936.373
17	116147.599	nan
18	64139.911	nan
19	75425.261	nan
20	112376.774	nan
21	131610.016	nan
22	117983.174	nan
23	117412.252	nan
24	nan	142849.701
25	103221.826	119193.402
26	147084.456	90851.904
27	147702.153	96123.33
28	165784.904	113233.052
29	151286.909	106078.974
30	136376.385	102132.534
31	117926.443	104032.402
32	157667.031	95558.954
33	109116.918	81525.035
34	130440.988	106090.94
35	109607.797	122457.929
36	103252.819	113705.096
37	90803.545	95705.459
38	62952.728	96627.685
39	132998.747	143918.377
40	139148.359	nan
41	130669.488	nan
42	150245.404	116747.823
43	139471.938	142449.016
44	126829.901	146595.493
45	144940.584	120292.997
46	144031.603	152996.205
47	160539.832	148547.693
48	154025.985	133621.217
49	nan	141987.987
50	nan	114128.862
51	nan	137208.427
52	nan	115679.417
53	nan	98391.808
54	nan	106151.366
55	nan	80452.053
56	107651.925	87855.036
57	91212.081	105720.871
58	101979.786	100940.289
59	nan	106234.594
60	nan	101748.486
61	nan	80111.153
62	nan	125861.313
63	nan	140169.933
64	137646.614	114526.129
65	158220.411	156158.636
66	nan	115725.031
67	159932.831	129165.864
68	153452.552	136697.645
69	133384.076	125970.552
70	140275.429	146992.528
71	nan	119681.196
72	nan	157519.753
73	nan	144885.838
74	nan	117730.322
75	nan	133208.492
76	nan	106819.747
77	147967.136	108456.907
78	144245.337	107927.99
79	120984.49	105674.838
80	126306.721	101044.21
81	91064.634	129626.828
82	72422.108	129763.686
83	nan	121357.521
84	nan	115815.562
85	nan	112167.678
86	nan	137432.811
87	nan	130594.627
88	nan	108570.322
89	nan	156360.951
90	101200.898	127642.165
91	127279.564	129959.741
92	137574.984	138914.958
93	134006.355	109120.746
94	121906.759	142442.085
95	nan	143085.659
96	nan	142652.784
97	nan	149828.562
98	nan	119388.074
99	nan	135562.138
100	131823.389	115123.64
101	160661.816	117222.586
102	113019.007	112320.657
103	107894.248	105967.056
104	87084.709	109158.345
105	55161.215	131449.16
106	81893.309	125139.801
107	nan	123401.639
108	nan	120339.539
109	nan	100058.347
110	nan	145364.285
111	nan	120969.709
112	73509.971	111896.788
113	72349.913	153261.994
114	97467.443	nan
115	59374.706	125824.025
116	78292.052	121390.173
117	81192.88	134565.396
118	80281.242	160216.017
119	nan	140497.216
120	95710.614	156185.455
121	102094.902	131686.696
122	101723.682	137255.77
123	95197.497	120563.75
124	nan	140394.003
125	69900.881	112040.453
126	113783.376	101295.525
127	110004.964	115503.427
128	89144.22	113710.49
129	100234.403	101620.923
130	92175.215	129416.537
131	109978.114	nan
132	141931.79	nan
133	143128.101	nan
134	130466.236	nan
135	nan	143104.366
136	nan	120593.089
137	nan	117754.818
138	nan	105590.614
139	nan	143276.145
140	nan	116830.055
141	nan	100755.713
142	nan	152275.441
143	nan	119060.026
144	134888.0	127320.664
145	149932.506	133440.259
146	143742.59	169601.311
147	148302.891	141101.987
148	94312.404	147748.689
149	107686.254	119688.931
150	78253.412	nan
151	106226.923	nan
152	131508.808	nan
153	125188.556	nan
154	135638.438	nan
155	111287.059	nan
156	120741.077	nan
157	110760.932	nan
158	76515.789	146930.481
159	92904.315	117039.413
160	64747.746	139091.87
161	94848.594	125168.8
162	100672.04	nan
163	83712.1	nan
164	98071.425	nan
165	96321.382	147371.537
166	107246.711	124285.858
167	80247.647	112759.84
168	99476.587	87189.976
169	68699.871	110296.349
170	91549.578	nan
171	nan	131700.854
172	nan	98259.422
173	nan	100502.213
174	120100.211	85738.263
175	178811.618	122828.887
176	151124.296	87635.074
177	165222.231	107797.976
178	149485.655	121873.671
179	164316.81	103174.138
180	127384.126	123912.629
181	nan	158872.165
182	120972.035	128878.861
183	143008.225	nan
184	69715.113	nan
185	96510.404	155185.413
186	153866.756	130184.39
187	145581.291	117008.748
188	136812.987	140567.575
189	140803.629	131521.46
190	123189.534	131351.983
191	124661.548	135089.708
192	153336.577	nan
193	129962.522	nan
194	142939.153	nan
195	nan	161783.4
196	nan	116998.788
197	nan	142255.235
198	nan	131804.103
199	nan	115648.715
200	nan	155962.485
201	nan	136690.005
202	nan	105825.395
203	nan	143938.979
204	nan	160817.032
205	nan	126970.884
206	nan	96860.741
207	nan	147113.637
208	nan	121061.673
209	nan	71482.699
210	nan	95449.684
211	nan	125060.152
212	nan	94194.605
213	117792.334	119271.122
214	138526.963	156517.89
215	108684.12	175484.395
216	124717.877	106100.159
217	87813.187	88765.817
218	79058.625	46139.539
219	63783.494	56579.472
220	nan	83002.137
221	nan	76712.576
222	42940.68	90442.39
223	45462.886	117046.869
224	42579.744	137210.0
225	33358.539	nan
226	28392.166	nan
227	nan	112274.37
228	nan	132358.659
229	nan	181283.088
230	nan	132987.935
231	nan	151565.891
232	nan	114056.696
233	nan	74556.868
234	nan	74416.566
235	nan	89382.177
236	nan	103908.298
237	nan	137411.599
238	nan	172864.431
239	nan	122758.631
240	nan	120770.124
241	nan	129686.348
242	nan	91555.97
243	nan	80005.942
244	nan	66980.117
245	nan	84617.734
246	nan	118757.513
247	nan	105339.737
248	nan	84843.223
249	nan	68194.663
250	nan	79968.765
251	nan	89060.611
252	nan	42737.82
