index	displacement
1	4.55
2	2.175
3	0.895
4	0.451
5	0.309
6	0.18
7	0.122
8	0.077
9	0.064
10	0.105
11	0.072
12	0.076
13	0.114
14	0.126
15	0.091
16	0.107
17	0.179
18	0.143
19	0.095
20	0.188
21	0.235
22	0.139
23	0.167
24	0.311
25	0.184
26	0.222
27	0.466
28	0.583
29	0.501
30	0.736
31	1.026
32	0.835
33	0.824
34	0.429
35	0.386
36	0.249
37	0.178
38	0.133
39	0.065
40	0.062
41	0.036
42	0.027
43	0.013
44	0.015
45	0.025
46	0.025
47	0.033
48	0.033
49	0.047
50	0.058
51	0.091
52	0.096
53	0.11
54	0.137
55	0.176
56	0.177
57	0.163
58	0.237
59	0.259
60	0.161
61	0.097
62	0.062
63	0.046
64	0.027
65	0.021
66	0.021
67	0.042
68	0.058
69	0.064
70	0.066
71	0.098
72	0.118
73	0.119
74	0.126
75	0.145
76	0.144
77	0.198
78	0.241
79	0.218
80	0.228
81	0.259
82	0.327
83	0.212
84	0.173
85	0.235
86	0.18
87	0.094
88	0.145
89	0.212
90	0.259
91	0.252
92	0.123
93	0.082
94	0.08
95	0.097
96	0.046
97	0.033
98	0.067
99	0.073
100	0.045
101	0.068
102	0.1
103	0.085
104	0.084
105	0.164
106	0.22
107	0.472
108	0.255
109	0.148
110	0.139
111	0.086
112	0.063
113	0.027
114	0.022
115	0.017
116	0.017
117	0.024
118	0.022
119	0.032
120	0.028
121	0.03
122	0.033
123	0.037
124	0.047
125	0.048
126	0.069
127	0.073
128	0.07
129	0.075
130	0.101
131	0.106
132	0.098
133	0.086
134	0.073
135	0.062
136	0.059
137	0.077
138	0.08
139	0.067
140	0.078
141	0.1
142	0.12
143	0.137
144	0.11
145	0.099
146	0.12
147	0.127
148	0.098
149	0.099
150	0.134
151	0.125
152	0.104
153	0.13
154	0.16
155	0.14
156	0.18
157	0.142
158	0.12
159	0.094
160	0.107
161	0.099
162	0.096
163	0.127
164	0.116
165	0.115
166	0.075
167	0.069
168	0.064
169	0.051
170	0.032
171	0.027
172	0.019
173	0.016
174	0.01
175	0.007
176	0.011
177	0.021
178	0.017
179	0.024
180	0.04
181	0.036
182	0.034
183	0.064
184	0.08
185	0.083
186	0.113
187	0.135
188	0.131
189	0.134
190	0.165
191	0.176
192	0.162
193	0.153
194	0.146
195	0.147
196	0.191
197	0.209
198	0.25
199	0.292
200	0.253
201	0.207
202	0.173
203	0.154
204	0.14
205	0.154
206	0.14
207	0.163
208	0.185
209	0.204
210	0.2
211	0.166
212	0.174
213	0.186
214	0.153
215	0.136
216	0.157
217	0.156
218	0.117
219	0.111
220	0.136
221	0.12
222	0.101
223	0.131
224	0.145
225	0.126
226	0.104
227	0.081
228	0.061
229	0.045
230	0.019
231	0.018
232	0.021
233	0.008
234	0.007
235	0.01
236	0.015
237	0.019
238	0.019
239	0.02
240	0.022
241	0.025
242	0.031
243	0.03
244	0.04
245	0.044
246	0.052
247	0.051
248	0.047
249	0.049
250	0.039
251	0.035
252	0.035
253	0.029
254	0.032
255	0.053
256	0.058
257	0.07
258	0.066
259	0.063
260	0.057
261	0.062
262	0.048
263	0.042
264	0.04
265	0.041
266	0.04
267	0.053
268	0.047
269	0.051
270	0.059
271	0.058
272	0.067
273	0.06
274	0.065
275	0.05
276	0.058
277	0.064
278	0.055
279	0.047
280	0.035
281	0.028
282	0.03
283	0.031
284	0.044
285	0.079
286	0.089
287	0.127
288	0.165
289	0.161
290	0.108
291	0.073
292	0.055
293	0.025
294	0.027
295	0.022
296	0.018
297	0.018
298	0.024
299	0.037
300	0.067
301	0.102
302	0.176
303	0.218
304	0.274
305	0.317
306	0.343
307	0.8
308	0.681
309	0.56
310	0.668
311	0.611
312	0.374
313	0.313
314	0.32
315	0.242
316	0.151
317	0.126
318	0.099
319	0.065
320	0.036
321	0.023
322	0.012
323	0.017
324	0.026
325	0.013
326	0.037
327	0.059
328	0.046
329	0.048
330	0.073
331	0.085
332	0.06
333	0.061
334	0.049
335	0.04
336	0.021
337	0.016
338	0.03
339	0.073
340	0.078
341	0.051
342	0.101
343	0.174
344	0.161
345	0.224
346	0.172
347	0.138
348	0.209
349	0.283
350	0.17
351	0.121
352	0.08
353	0.073
354	0.085
355	0.056
356	0.044
357	0.056
358	0.058
359	0.038
360	0.036
361	0.043
362	0.033
363	0.032
364	0.035
365	0.02
366	0.009
367	0.027
368	0.028
369	0.03
370	0.047
371	0.036
372	0.02
373	0.04
374	0.05
375	0.03
376	0.026
377	0.035
378	0.045
379	0.038
380	0.029
381	0.03
382	0.044
383	0.042
384	0.026
385	0.036
386	0.054
387	0.042
388	0.034
389	0.068
390	0.074
391	0.051
392	0.055
393	0.105
394	0.11
395	0.133
396	0.177
397	0.206
398	0.2
399	0.146
400	0.14
401	0.174
402	0.153
403	0.112
404	0.126
405	0.154
406	0.121
407	0.104
408	0.133
409	0.144
410	0.116
411	0.104
412	0.137
413	0.147
414	0.099
415	0.096
416	0.155
417	0.141
418	0.78
419	0.496
420	0.298
421	0.194
422	0.132
423	0.083
424	0.058
425	0.035
426	0.056
427	0.035
428	0.051
429	0.103
430	0.115
431	0.07
432	0.096
433	0.156
434	0.12
435	0.088
436	0.168
437	0.207
438	0.132
439	0.166
440	0.293
441	0.245
442	0.242
443	0.397
444	0.523
445	0.467
446	0.561
447	0.727
448	0.573
449	0.503
450	0.302
451	0.249
452	0.17
453	0.106
454	0.07
455	0.041
456	0.03
457	0.018
458	0.015
459	0.016
460	0.017
461	0.02
462	0.023
463	0.034
464	0.036
465	0.042
466	0.049
467	0.075
468	0.078
469	0.079
470	0.091
471	0.115
472	0.11
473	0.087
474	0.141
475	0.179
476	0.124
477	0.077
478	0.052
479	0.043
480	0.027
481	0.02
482	0.023
483	0.043
484	0.056
485	0.064
486	0.069
487	0.085
488	0.102
489	0.107
490	0.113
491	0.119
492	0.116
493	0.149
494	0.177
495	0.15
496	0.162
497	0.168
498	0.219
499	0.152
500	0.115
501	0.153
502	0.127
503	0.06
504	0.078
505	0.122
506	0.152
507	0.132
508	0.056
509	0.042
510	0.043
511	0.056
512	0.024
513	0.017
514	0.044
515	0.049
516	0.036
517	0.058
518	0.084
519	0.077
520	0.074
521	0.134
522	0.158
523	0.293
524	0.167
525	0.108
526	0.107
527	0.072
528	0.054
529	0.022
530	0.02
531	0.008
532	0.005
533	0.012
534	0.011
535	0.02
536	0.021
537	0.029
538	0.04
539	0.052
540	0.081
541	0.086
542	0.128
543	0.121
544	0.098
545	0.118
546	0.161
547	0.138
548	0.113
549	0.084
550	0.064
551	0.057
552	0.038
553	0.04
554	0.053
555	0.039
556	0.034
557	0.049
558	0.073
559	0.085
560	0.065
561	0.07
562	0.096
563	0.098
564	0.083
565	0.1
566	0.137
567	0.13
568	0.129
569	0.17
570	0.205
571	0.198
572	0.289
573	0.241
574	0.234
575	0.192
576	0.228
577	0.203
578	0.198
579	0.266
580	0.237
581	0.217
582	0.132
583	0.11
584	0.088
585	0.067
586	0.048
587	0.038
588	0.031
589	0.034
590	0.025
591	0.017
592	0.015
593	0.02
594	0.02
595	0.032
596	0.037
597	0.03
598	0.035
599	0.06
600	0.06
601	0.057
602	0.084
603	0.1
604	0.085
605	0.082
606	0.111
607	0.116
608	0.116
609	0.104
610	0.106
611	0.107
612	0.115
613	0.114
614	0.132
615	0.154
616	0.135
617	0.125
618	0.113
619	0.11
620	0.11
621	0.116
622	0.115
623	0.138
624	0.144
625	0.172
626	0.154
627	0.133
628	0.153
629	0.154
630	0.123
631	0.125
632	0.151
633	0.138
634	0.113
635	0.128
636	0.148
637	0.128
638	0.131
639	0.167
640	0.167
641	0.165
642	0.127
643	0.116
644	0.104
645	0.09
646	0.048
647	0.044
648	0.049
649	0.03
650	0.021
651	0.017
652	0.014
653	0.02
654	0.03
655	0.032
656	0.028
657	0.039
658	0.058
659	0.054
660	0.069
661	0.085
662	0.1
663	0.097
664	0.08
665	0.078
666	0.052
667	0.04
668	0.032
669	0.026
670	0.025
671	0.042
672	0.047
673	0.079
674	0.081
675	0.086
676	0.08
677	0.095
678	0.092
679	0.088
680	0.089
681	0.095
682	0.084
683	0.093
684	0.1
685	0.113
686	0.111
687	0.122
688	0.09
689	0.098
690	0.115
691	0.102
692	0.077
693	0.053
694	0.035
695	0.029
696	0.021
697	0.023
698	0.039
699	0.042
700	0.071
701	0.096
702	0.097
703	0.065
704	0.038
705	0.026
706	0.011
707	0.013
708	0.009
709	0.006
710	0.006
711	0.019
712	0.036
713	0.061
714	0.089
715	0.135
716	0.161
717	0.201
718	0.24
719	0.239
720	0.49
721	0.427
722	0.36
723	0.436
724	0.399
725	0.26
726	0.227
727	0.242
728	0.189
729	0.123
730	0.104
731	0.094
732	0.063
733	0.033
734	0.02
735	0.002
736	0.016
737	0.031
738	0.01
739	0.02
740	0.043
741	0.033
742	0.027
743	0.043
744	0.055
745	0.034
746	0.036
747	0.026
748	0.018
749	0.004
750	0.002
751	0.008
752	0.028
753	0.029
754	0.018
755	0.047
756	0.1
757	0.093
758	0.159
759	0.14
760	0.103
761	0.159
762	0.234
763	0.164
764	0.142
765	0.092
766	0.074
767	0.086
768	0.059
769	0.037
770	0.046
771	0.054
772	0.029
773	0.025
774	0.037
775	0.021
776	0.017
777	0.026
778	0.015
779	0.019
780	0.037
781	0.033
782	0.041
783	0.062
784	0.047
785	0.032
786	0.043
787	0.048
788	0.036
789	0.034
790	0.042
791	0.046
792	0.043
793	0.04
794	0.041
795	0.059
796	0.059
797	0.046
798	0.059
799	0.081
800	0.072
801	0.069
802	0.113
803	0.12
804	0.098
805	0.113
806	0.171
807	0.175
808	0.176
809	0.198
810	0.206
811	0.208
812	0.172
813	0.152
814	0.169
815	0.158
816	0.123
817	0.12
818	0.134
819	0.111
820	0.096
821	0.103
822	0.103
823	0.092
824	0.085
825	0.089
826	0.093
827	0.077
828	0.074
829	0.086
830	0.089
831	0.076
