index	displacement
1	4.289
2	1.957
3	0.802
4	0.266
5	0.219
6	0.113
7	0.11
8	0.064
9	0.066
10	0.066
11	0.052
12	0.057
13	0.041
14	0.081
15	0.089
16	0.117
17	0.121
18	0.091
19	0.096
20	0.138
21	0.112
22	0.077
23	0.129
24	0.22
25	0.249
26	0.407
27	0.561
28	0.746
29	0.877
30	1.078
31	1.214
32	0.911
33	0.771
34	0.335
35	0.353
36	0.181
37	0.157
38	0.116
39	0.076
40	0.085
41	0.056
42	0.064
43	0.045
44	0.054
45	0.05
46	0.048
47	0.049
48	0.057
49	0.057
50	0.06
51	0.046
52	0.041
53	0.049
54	0.049
55	0.034
56	0.046
57	0.063
58	0.13
59	0.097
60	0.076
61	0.068
62	0.076
63	0.054
64	0.066
65	0.045
66	0.063
67	0.06
68	0.038
69	0.037
70	0.051
71	0.047
72	0.024
73	0.03
74	0.035
75	0.018
76	0.022
77	0.016
78	0.023
79	0.022
80	0.054
81	0.061
82	0.134
83	0.114
84	0.079
85	0.123
86	0.147
87	0.09
88	0.094
89	0.089
90	0.089
91	0.084
92	0.053
93	0.027
94	0.022
95	0.018
96	0.02
97	0.019
98	0.015
99	0.019
100	0.024
101	0.014
102	0.012
103	0.018
104	0.028
105	0.023
106	0.008
107	0.015
108	0.008
109	0.007
110	0.014
111	0.023
112	0.025
113	0.02
114	0.041
115	0.045
116	0.036
117	0.058
118	0.071
119	0.069
120	0.077
121	0.057
122	0.053
123	0.034
124	0.029
125	0.042
126	0.038
127	0.026
128	0.034
129	0.044
130	0.027
131	0.022
132	0.037
133	0.044
134	0.082
135	0.086
136	0.11
137	0.1
138	0.078
139	0.091
140	0.111
141	0.103
142	0.088
143	0.084
144	0.081
145	0.067
146	0.05
147	0.047
148	0.043
149	0.025
150	0.02
151	0.02
152	0.016
153	0.008
154	0.004
155	0.006
156	0.005
157	0.009
158	0.011
159	0.008
160	0.013
161	0.013
162	0.013
163	0.013
164	0.013
165	0.004
166	0.005
167	0.004
168	0.009
169	0.011
170	0.007
171	0.012
172	0.016
173	0.017
174	0.019
175	0.03
176	0.042
177	0.053
178	0.055
179	0.037
180	0.05
181	0.072
182	0.069
183	0.064
184	0.089
185	0.1
186	0.088
187	0.096
188	0.119
189	0.115
190	0.113
191	0.137
192	0.124
193	0.12
194	0.096
195	0.11
196	0.139
197	0.181
198	0.181
199	0.209
200	0.227
201	0.16
202	0.126
203	0.097
204	0.086
205	0.099
206	0.079
207	0.078
208	0.107
209	0.11
210	0.116
211	0.097
212	0.078
213	0.087
214	0.084
215	0.065
216	0.056
217	0.065
218	0.054
219	0.031
220	0.026
221	0.023
222	0.012
223	0.009
224	0.009
225	0.006
226	0.011
227	0.012
228	0.006
229	0.005
230	0.01
231	0.012
232	0.011
233	0.017
234	0.018
235	0.02
236	0.017
237	0.016
238	0.007
239	0.002
240	0.007
241	0.008
242	0.003
243	0.004
244	0.006
245	0.003
246	0.004
247	0.006
248	0.006
249	0.012
250	0.018
251	0.018
252	0.051
253	0.052
254	0.057
255	0.043
256	0.052
257	0.027
258	0.028
259	0.035
260	0.019
261	0.011
262	0.019
263	0.012
264	0.025
265	0.039
266	0.066
267	0.032
268	0.034
269	0.007
270	0.006
271	0.013
272	0.019
273	0.016
274	0.022
275	0.015
276	0.017
277	0.043
278	0.04
279	0.038
280	0.041
281	0.081
282	0.085
283	0.092
284	0.087
285	0.098
286	0.109
287	0.109
288	0.118
289	0.131
290	0.13
291	0.124
292	0.108
293	0.098
294	0.079
295	0.073
296	0.058
297	0.057
298	0.055
299	0.038
300	0.048
301	0.039
302	0.045
303	0.039
304	0.026
305	0.027
306	0.096
307	0.284
308	0.279
309	0.197
310	0.314
311	0.35
312	0.189
313	0.161
314	0.241
315	0.198
316	0.115
317	0.132
318	0.156
319	0.106
320	0.07
321	0.085
322	0.061
323	0.073
324	0.079
325	0.05
326	0.041
327	0.059
328	0.059
329	0.045
330	0.053
331	0.057
332	0.052
333	0.051
334	0.048
335	0.035
336	0.03
337	0.024
338	0.03
339	0.029
340	0.038
341	0.031
342	0.039
343	0.042
344	0.041
345	0.07
346	0.075
347	0.072
348	0.096
349	0.124
350	0.107
351	0.126
352	0.097
353	0.097
354	0.106
355	0.102
356	0.097
357	0.105
358	0.104
359	0.101
360	0.108
361	0.119
362	0.111
363	0.101
364	0.089
365	0.066
366	0.093
367	0.066
368	0.052
369	0.055
370	0.05
371	0.069
372	0.071
373	0.068
374	0.064
375	0.061
376	0.062
377	0.045
378	0.036
379	0.039
380	0.033
381	0.019
382	0.018
383	0.023
384	0.014
385	0.006
386	0.011
387	0.011
388	0.004
389	0.004
390	0.006
391	0.003
392	0.0
393	0.002
394	0.008
395	0.015
396	0.04
397	0.067
398	0.066
399	0.034
400	0.038
401	0.058
402	0.041
403	0.024
404	0.043
405	0.048
406	0.027
407	0.033
408	0.052
409	0.043
410	0.033
411	0.052
412	0.062
413	0.051
414	0.059
415	0.072
416	0.082
417	0.083
418	1.526
419	0.931
420	0.398
421	0.301
422	0.179
423	0.17
424	0.122
425	0.132
426	0.166
427	0.119
428	0.141
429	0.223
430	0.282
431	0.226
432	0.286
433	0.356
434	0.245
435	0.218
436	0.355
437	0.325
438	0.201
439	0.313
440	0.517
441	0.499
442	0.639
443	0.908
444	1.219
445	1.256
446	1.408
447	1.66
448	1.222
449	1.046
450	0.421
451	0.46
452	0.276
453	0.239
454	0.216
455	0.148
456	0.161
457	0.117
458	0.122
459	0.083
460	0.099
461	0.098
462	0.091
463	0.089
464	0.095
465	0.092
466	0.098
467	0.081
468	0.064
469	0.067
470	0.078
471	0.06
472	0.101
473	0.144
474	0.217
475	0.191
476	0.146
477	0.119
478	0.117
479	0.075
480	0.078
481	0.045
482	0.074
483	0.078
484	0.037
485	0.033
486	0.07
487	0.072
488	0.025
489	0.025
490	0.038
491	0.022
492	0.044
493	0.059
494	0.104
495	0.096
496	0.179
497	0.226
498	0.421
499	0.343
500	0.263
501	0.437
502	0.489
503	0.32
504	0.377
505	0.355
506	0.329
507	0.359
508	0.236
509	0.128
510	0.123
511	0.103
512	0.057
513	0.028
514	0.049
515	0.035
516	0.016
517	0.021
518	0.018
519	0.009
520	0.031
521	0.052
522	0.028
523	0.125
524	0.07
525	0.051
526	0.04
527	0.038
528	0.054
529	0.027
530	0.048
531	0.037
532	0.031
533	0.071
534	0.08
535	0.092
536	0.092
537	0.089
538	0.09
539	0.076
540	0.074
541	0.08
542	0.075
543	0.063
544	0.064
545	0.067
546	0.057
547	0.054
548	0.058
549	0.063
550	0.067
551	0.072
552	0.076
553	0.07
554	0.068
555	0.076
556	0.077
557	0.077
558	0.082
559	0.069
560	0.064
561	0.068
562	0.057
563	0.048
564	0.049
565	0.048
566	0.042
567	0.044
568	0.048
569	0.042
570	0.038
571	0.034
572	0.036
573	0.035
574	0.033
575	0.023
576	0.018
577	0.018
578	0.018
579	0.026
580	0.032
581	0.03
582	0.039
583	0.038
584	0.04
585	0.036
586	0.034
587	0.032
588	0.034
589	0.035
590	0.04
591	0.053
592	0.085
593	0.104
594	0.095
595	0.084
596	0.101
597	0.104
598	0.089
599	0.096
600	0.107
601	0.098
602	0.093
603	0.117
604	0.119
605	0.104
606	0.114
607	0.138
608	0.146
609	0.15
610	0.147
611	0.17
612	0.234
613	0.304
614	0.46
615	0.666
616	0.585
617	0.477
618	0.313
619	0.274
620	0.2
621	0.183
622	0.153
623	0.156
624	0.173
625	0.162
626	0.15
627	0.144
628	0.136
629	0.117
630	0.103
631	0.099
632	0.082
633	0.068
634	0.059
635	0.05
636	0.04
637	0.037
638	0.03
639	0.023
640	0.023
641	0.02
642	0.028
643	0.029
644	0.023
645	0.017
646	0.019
647	0.025
648	0.023
649	0.023
650	0.028
651	0.036
652	0.037
653	0.035
654	0.016
655	0.018
656	0.031
657	0.027
658	0.021
659	0.029
660	0.033
661	0.023
662	0.027
663	0.037
664	0.037
665	0.042
666	0.049
667	0.053
668	0.09
669	0.092
670	0.088
671	0.075
672	0.089
673	0.084
674	0.079
675	0.077
676	0.07
677	0.062
678	0.068
679	0.063
680	0.058
681	0.039
682	0.05
683	0.048
684	0.06
685	0.06
686	0.061
687	0.072
688	0.06
689	0.062
690	0.077
691	0.081
692	0.072
693	0.072
694	0.089
695	0.09
696	0.089
697	0.096
698	0.083
699	0.088
700	0.105
701	0.11
702	0.105
703	0.093
704	0.082
705	0.096
706	0.098
707	0.096
708	0.081
709	0.072
710	0.06
711	0.058
712	0.04
713	0.075
714	0.073
715	0.111
716	0.112
717	0.12
718	0.129
719	0.25
720	0.634
721	0.574
722	0.426
723	0.627
724	0.65
725	0.387
726	0.359
727	0.51
728	0.396
729	0.26
730	0.317
731	0.337
732	0.203
733	0.146
734	0.197
735	0.14
736	0.155
737	0.146
738	0.071
739	0.046
740	0.086
741	0.083
742	0.043
743	0.061
744	0.107
745	0.092
746	0.07
747	0.054
748	0.027
749	0.022
750	0.02
751	0.07
752	0.107
753	0.126
754	0.048
755	0.061
756	0.081
757	0.035
758	0.046
759	0.048
760	0.063
761	0.113
762	0.142
763	0.124
764	0.15
765	0.124
766	0.102
767	0.117
768	0.12
769	0.103
770	0.098
771	0.11
772	0.105
773	0.1
774	0.106
775	0.102
776	0.092
777	0.092
778	0.078
779	0.108
780	0.064
781	0.052
782	0.066
783	0.069
784	0.152
785	0.117
786	0.133
787	0.171
788	0.141
789	0.114
790	0.12
791	0.122
792	0.096
793	0.077
794	0.066
795	0.065
796	0.058
797	0.043
798	0.039
799	0.042
800	0.032
801	0.022
802	0.023
803	0.018
804	0.01
805	0.007
806	0.01
807	0.021
808	0.032
809	0.059
810	0.094
811	0.098
812	0.071
813	0.083
814	0.118
815	0.112
816	0.098
817	0.124
818	0.153
819	0.142
820	0.14
821	0.179
822	0.215
823	0.202
824	0.201
825	0.266
826	0.306
827	0.256
828	0.253
829	0.369
830	0.378
831	0.349
