index	displacement
1	2.26
2	1.369
3	0.982
4	0.475
5	0.356
6	0.189
7	0.134
8	0.074
9	0.047
10	0.055
11	0.036
12	0.073
13	0.053
14	0.061
15	0.092
16	0.176
17	0.214
18	0.143
19	0.176
20	0.372
21	0.41
22	0.34
23	0.473
24	0.824
25	1.043
26	0.97
27	1.096
28	1.503
29	1.56
30	1.441
31	1.581
32	1.208
33	1.078
34	0.551
35	0.519
36	0.194
37	0.185
38	0.111
39	0.1
40	0.075
41	0.055
42	0.062
43	0.075
44	0.074
45	0.084
46	0.112
47	0.124
48	0.131
49	0.161
50	0.208
51	0.212
52	0.207
53	0.264
54	0.299
55	0.29
56	0.31
57	0.265
58	0.253
59	0.214
60	0.14
61	0.098
62	0.054
63	0.025
64	0.007
65	0.001
66	0.015
67	0.024
68	0.011
69	0.035
70	0.065
71	0.059
72	0.043
73	0.093
74	0.137
75	0.109
76	0.111
77	0.054
78	0.042
79	0.011
80	0.043
81	0.057
82	0.136
83	0.173
84	0.156
85	0.244
86	0.338
87	0.325
88	0.376
89	0.259
90	0.253
91	0.381
92	0.334
93	0.219
94	0.239
95	0.209
96	0.132
97	0.079
98	0.087
99	0.071
100	0.019
101	0.012
102	0.012
103	0.04
104	0.082
105	0.12
106	0.072
107	0.075
108	0.013
109	0.008
110	0.002
111	0.008
112	0.042
113	0.053
114	0.072
115	0.058
116	0.043
117	0.018
118	0.021
119	0.014
120	0.018
121	0.006
122	0.003
123	0.002
124	0.009
125	0.009
126	0.012
127	0.011
128	0.007
129	0.008
130	0.012
131	0.011
132	0.007
133	0.009
134	0.022
135	0.026
136	0.05
137	0.048
138	0.031
139	0.043
140	0.076
141	0.083
142	0.075
143	0.081
144	0.053
145	0.035
146	0.041
147	0.033
148	0.013
149	0.015
150	0.029
151	0.02
152	0.015
153	0.031
154	0.045
155	0.036
156	0.053
157	0.044
158	0.066
159	0.063
160	0.084
161	0.091
162	0.086
163	0.096
164	0.083
165	0.06
166	0.028
167	0.025
168	0.015
169	0.01
170	0.012
171	0.009
172	0.015
173	0.016
174	0.02
175	0.023
176	0.021
177	0.015
178	0.008
179	0.015
180	0.015
181	0.004
182	0.007
183	0.023
184	0.031
185	0.039
186	0.054
187	0.063
188	0.061
189	0.08
190	0.103
191	0.102
192	0.086
193	0.073
194	0.055
195	0.085
196	0.169
197	0.257
198	0.392
199	0.558
200	0.42
201	0.297
202	0.186
203	0.177
204	0.115
205	0.117
206	0.085
207	0.117
208	0.128
209	0.158
210	0.126
211	0.092
212	0.102
213	0.11
214	0.074
215	0.055
216	0.054
217	0.043
218	0.015
219	0.015
220	0.014
221	0.01
222	0.011
223	0.015
224	0.015
225	0.015
226	0.012
227	0.011
228	0.016
229	0.017
230	0.019
231	0.016
232	0.015
233	0.02
234	0.02
235	0.018
236	0.016
237	0.02
238	0.024
239	0.019
240	0.017
241	0.027
242	0.028
243	0.02
244	0.027
245	0.038
246	0.033
247	0.032
248	0.018
249	0.01
250	0.005
251	0.005
252	0.003
253	0.001
254	0.007
255	0.014
256	0.015
257	0.005
258	0.006
259	0.012
260	0.017
261	0.02
262	0.029
263	0.03
264	0.042
265	0.038
266	0.028
267	0.029
268	0.032
269	0.032
270	0.034
271	0.036
272	0.044
273	0.042
274	0.042
275	0.025
276	0.026
277	0.029
278	0.018
279	0.012
280	0.006
281	0.019
282	0.03
283	0.045
284	0.044
285	0.062
286	0.1
287	0.111
288	0.149
289	0.131
290	0.112
291	0.086
292	0.06
293	0.032
294	0.019
295	0.021
296	0.011
297	0.009
298	0.009
299	0.017
300	0.045
301	0.044
302	0.089
303	0.122
304	0.113
305	0.218
306	0.256
307	0.411
308	0.384
309	0.237
310	0.304
311	0.421
312	0.282
313	0.22
314	0.372
315	0.347
316	0.211
317	0.29
318	0.4
319	0.271
320	0.217
321	0.364
322	0.436
323	0.52
324	0.374
325	0.265
326	0.322
327	0.338
328	0.199
329	0.138
330	0.168
331	0.152
332	0.061
333	0.043
334	0.046
335	0.085
336	0.152
337	0.109
338	0.231
339	0.317
340	0.453
341	0.378
342	0.341
343	0.501
344	0.492
345	0.419
346	0.302
347	0.23
348	0.305
349	0.288
350	0.149
351	0.124
352	0.052
353	0.075
354	0.115
355	0.084
356	0.06
357	0.103
358	0.127
359	0.085
360	0.074
361	0.1
362	0.088
363	0.058
364	0.053
365	0.046
366	0.049
367	0.078
368	0.051
369	0.086
370	0.106
371	0.114
372	0.071
373	0.063
374	0.087
375	0.067
376	0.034
377	0.045
378	0.054
379	0.032
380	0.021
381	0.027
382	0.028
383	0.017
384	0.018
385	0.023
386	0.016
387	0.013
388	0.016
389	0.017
390	0.009
391	0.013
392	0.017
393	0.011
394	0.023
395	0.018
396	0.057
397	0.091
398	0.122
399	0.087
400	0.07
401	0.112
402	0.129
403	0.088
404	0.089
405	0.136
406	0.128
407	0.091
408	0.124
409	0.173
410	0.142
411	0.117
412	0.182
413	0.213
414	0.158
415	0.166
416	0.263
417	0.252
418	0.625
419	0.449
420	0.235
421	0.146
422	0.086
423	0.052
424	0.037
425	0.02
426	0.027
427	0.021
428	0.05
429	0.034
430	0.029
431	0.037
432	0.079
433	0.114
434	0.09
435	0.101
436	0.208
437	0.262
438	0.226
439	0.278
440	0.466
441	0.58
442	0.506
443	0.564
444	0.761
445	0.762
446	0.689
447	0.763
448	0.595
449	0.518
450	0.258
451	0.199
452	0.068
453	0.052
454	0.047
455	0.042
456	0.028
457	0.02
458	0.023
459	0.035
460	0.032
461	0.034
462	0.05
463	0.056
464	0.054
465	0.067
466	0.092
467	0.096
468	0.091
469	0.124
470	0.147
471	0.145
472	0.151
473	0.126
474	0.114
475	0.12
476	0.081
477	0.054
478	0.032
479	0.012
480	0.002
481	0.003
482	0.004
483	0.004
484	0.001
485	0.01
486	0.022
487	0.021
488	0.014
489	0.036
490	0.06
491	0.049
492	0.058
493	0.032
494	0.036
495	0.012
496	0.033
497	0.037
498	0.081
499	0.114
500	0.106
501	0.153
502	0.217
503	0.231
504	0.261
505	0.177
506	0.174
507	0.279
508	0.262
509	0.19
510	0.205
511	0.173
512	0.12
513	0.081
514	0.078
515	0.058
516	0.019
517	0.014
518	0.006
519	0.015
520	0.041
521	0.058
522	0.029
523	0.03
524	0.004
525	0.007
526	0.003
527	0.01
528	0.036
529	0.054
530	0.069
531	0.07
532	0.062
533	0.042
534	0.045
535	0.031
536	0.038
537	0.019
538	0.012
539	0.003
540	0.002
541	0.005
542	0.003
543	0.003
544	0.007
545	0.007
546	0.006
547	0.016
548	0.022
549	0.029
550	0.056
551	0.053
552	0.091
553	0.096
554	0.065
555	0.074
556	0.119
557	0.124
558	0.108
559	0.124
560	0.093
561	0.063
562	0.067
563	0.067
564	0.035
565	0.025
566	0.047
567	0.038
568	0.02
569	0.038
570	0.059
571	0.045
572	0.058
573	0.037
574	0.057
575	0.054
576	0.074
577	0.101
578	0.104
579	0.104
580	0.095
581	0.062
582	0.024
583	0.02
584	0.013
585	0.006
586	0.007
587	0.005
588	0.012
589	0.011
590	0.015
591	0.017
592	0.013
593	0.007
594	0.004
595	0.006
596	0.006
597	0.004
598	0.008
599	0.019
600	0.03
601	0.047
602	0.061
603	0.061
604	0.066
605	0.094
606	0.112
607	0.106
608	0.079
609	0.058
610	0.035
611	0.048
612	0.097
613	0.135
614	0.216
615	0.3
616	0.228
617	0.144
618	0.088
619	0.091
620	0.065
621	0.08
622	0.063
623	0.095
624	0.106
625	0.146
626	0.122
627	0.083
628	0.097
629	0.115
630	0.082
631	0.057
632	0.061
633	0.057
634	0.023
635	0.017
636	0.018
637	0.013
638	0.011
639	0.017
640	0.018
641	0.018
642	0.012
643	0.009
644	0.011
645	0.016
646	0.018
647	0.013
648	0.012
649	0.02
650	0.019
651	0.017
652	0.015
653	0.022
654	0.028
655	0.016
656	0.016
657	0.034
658	0.03
659	0.016
660	0.027
661	0.043
662	0.028
663	0.028
664	0.012
665	0.005
666	0.002
667	0.001
668	0.008
669	0.01
670	0.027
671	0.04
672	0.038
673	0.02
674	0.032
675	0.046
676	0.031
677	0.023
678	0.036
679	0.048
680	0.057
681	0.076
682	0.043
683	0.033
684	0.035
685	0.042
686	0.038
687	0.028
688	0.015
689	0.021
690	0.025
691	0.012
692	0.013
693	0.015
694	0.047
695	0.06
696	0.077
697	0.067
698	0.093
699	0.134
700	0.135
701	0.172
702	0.158
703	0.131
704	0.114
705	0.08
706	0.051
707	0.031
708	0.038
709	0.025
710	0.025
711	0.017
712	0.02
713	0.034
714	0.028
715	0.056
716	0.072
717	0.08
718	0.142
719	0.159
720	0.255
721	0.241
722	0.156
723	0.194
724	0.253
725	0.172
726	0.136
727	0.223
728	0.214
729	0.139
730	0.187
731	0.258
732	0.19
733	0.159
734	0.255
735	0.324
736	0.377
737	0.272
738	0.211
739	0.262
740	0.264
741	0.161
742	0.133
743	0.159
744	0.133
745	0.064
746	0.064
747	0.065
748	0.101
749	0.146
750	0.108
751	0.192
752	0.257
753	0.348
754	0.306
755	0.29
756	0.433
757	0.452
758	0.48
759	0.381
760	0.278
761	0.347
762	0.363
763	0.217
764	0.185
765	0.099
766	0.126
767	0.18
768	0.135
769	0.103
770	0.153
771	0.182
772	0.131
773	0.117
774	0.145
775	0.119
776	0.082
777	0.065
778	0.037
779	0.026
780	0.044
781	0.023
782	0.037
783	0.041
784	0.043
785	0.026
786	0.02
787	0.031
788	0.028
789	0.012
790	0.017
791	0.024
792	0.015
793	0.009
794	0.014
795	0.016
796	0.01
797	0.01
798	0.015
799	0.011
800	0.008
801	0.012
802	0.016
803	0.009
804	0.009
805	0.014
806	0.011
807	0.028
808	0.024
809	0.076
810	0.109
811	0.135
812	0.093
813	0.073
814	0.11
815	0.119
816	0.075
817	0.071
818	0.105
819	0.094
820	0.06
821	0.079
822	0.105
823	0.078
824	0.059
825	0.091
826	0.099
827	0.066
828	0.068
829	0.098
830	0.089
831	0.078
