index	displacement
1	0.811
2	0.572
3	0.344
4	0.229
5	0.136
6	0.092
7	0.045
8	0.034
9	0.014
10	0.03
11	0.025
12	0.041
13	0.068
14	0.078
15	0.046
16	0.064
17	0.12
18	0.101
19	0.081
20	0.147
21	0.205
22	0.169
23	0.211
24	0.305
25	0.344
26	0.339
27	0.387
28	0.53
29	0.566
30	0.555
31	0.594
32	0.432
33	0.355
34	0.214
35	0.163
36	0.104
37	0.055
38	0.038
39	0.015
40	0.012
41	0.005
42	0.004
43	0.004
44	0.006
45	0.003
46	0.001
47	0.007
48	0.016
49	0.011
50	0.005
51	0.018
52	0.024
53	0.012
54	0.009
55	0.027
56	0.027
57	0.02
58	0.081
59	0.141
60	0.106
61	0.051
62	0.041
63	0.035
64	0.022
65	0.031
66	0.03
67	0.041
68	0.07
69	0.092
70	0.081
71	0.084
72	0.126
73	0.138
74	0.119
75	0.168
76	0.138
77	0.149
78	0.21
79	0.266
80	0.261
81	0.306
82	0.367
83	0.299
84	0.253
85	0.33
86	0.35
87	0.256
88	0.257
89	0.249
90	0.2
91	0.175
92	0.15
93	0.097
94	0.065
95	0.083
96	0.054
97	0.057
98	0.104
99	0.103
100	0.075
101	0.116
102	0.144
103	0.145
104	0.157
105	0.244
106	0.261
107	0.318
108	0.286
109	0.21
110	0.168
111	0.125
112	0.13
113	0.086
114	0.077
115	0.04
116	0.016
117	0.006
118	0.001
119	0.008
120	0.023
121	0.04
122	0.056
123	0.079
124	0.105
125	0.136
126	0.172
127	0.157
128	0.156
129	0.201
130	0.227
131	0.211
132	0.226
133	0.174
134	0.181
135	0.13
136	0.118
137	0.139
138	0.125
139	0.086
140	0.09
141	0.102
142	0.111
143	0.157
144	0.146
145	0.116
146	0.138
147	0.173
148	0.152
149	0.132
150	0.175
151	0.192
152	0.165
153	0.178
154	0.207
155	0.204
156	0.234
157	0.193
158	0.137
159	0.106
160	0.119
161	0.083
162	0.075
163	0.119
164	0.105
165	0.12
166	0.106
167	0.092
168	0.097
169	0.068
170	0.044
171	0.03
172	0.017
173	0.018
174	0.008
175	0.003
176	0.003
177	0.001
178	0.003
179	0.009
180	0.013
181	0.008
182	0.016
183	0.033
184	0.032
185	0.034
186	0.064
187	0.074
188	0.059
189	0.069
190	0.11
191	0.106
192	0.104
193	0.083
194	0.075
195	0.104
196	0.148
197	0.216
198	0.327
199	0.458
200	0.396
201	0.305
202	0.179
203	0.166
204	0.133
205	0.136
206	0.117
207	0.163
208	0.182
209	0.204
210	0.158
211	0.121
212	0.148
213	0.16
214	0.109
215	0.094
216	0.133
217	0.133
218	0.089
219	0.092
220	0.125
221	0.11
222	0.102
223	0.137
224	0.153
225	0.15
226	0.118
227	0.09
228	0.084
229	0.06
230	0.037
231	0.034
232	0.029
233	0.016
234	0.015
235	0.009
236	0.01
237	0.013
238	0.015
239	0.023
240	0.025
241	0.025
242	0.034
243	0.045
244	0.05
245	0.051
246	0.074
247	0.07
248	0.069
249	0.088
250	0.064
251	0.04
252	0.026
253	0.017
254	0.013
255	0.028
256	0.037
257	0.051
258	0.073
259	0.078
260	0.066
261	0.08
262	0.1
263	0.083
264	0.068
265	0.042
266	0.035
267	0.062
268	0.057
269	0.058
270	0.062
271	0.083
272	0.09
273	0.081
274	0.109
275	0.089
276	0.094
277	0.139
278	0.131
279	0.097
280	0.088
281	0.066
282	0.059
283	0.035
284	0.037
285	0.06
286	0.061
287	0.084
288	0.118
289	0.091
290	0.053
291	0.032
292	0.022
293	0.012
294	0.006
295	0.002
296	0.007
297	0.013
298	0.03
299	0.067
300	0.09
301	0.114
302	0.144
303	0.137
304	0.194
305	0.189
306	0.193
307	0.295
308	0.338
309	0.343
310	0.442
311	0.409
312	0.289
313	0.315
314	0.366
315	0.283
316	0.224
317	0.268
318	0.268
319	0.184
320	0.158
321	0.199
322	0.165
323	0.206
324	0.18
325	0.121
326	0.122
327	0.155
328	0.105
329	0.07
330	0.107
331	0.112
332	0.056
333	0.052
334	0.03
335	0.028
336	0.052
337	0.053
338	0.093
339	0.074
340	0.106
341	0.103
342	0.057
343	0.082
344	0.129
345	0.143
346	0.141
347	0.081
348	0.075
349	0.122
350	0.108
351	0.1
352	0.078
353	0.053
354	0.048
355	0.04
356	0.02
357	0.016
358	0.015
359	0.01
360	0.001
361	0.001
362	0.008
363	0.003
364	0.014
365	0.027
366	0.041
367	0.075
368	0.083
369	0.101
370	0.103
371	0.091
372	0.049
373	0.039
374	0.055
375	0.045
376	0.019
377	0.019
378	0.034
379	0.028
380	0.013
381	0.018
382	0.035
383	0.031
384	0.021
385	0.033
386	0.051
387	0.044
388	0.039
389	0.075
390	0.088
391	0.068
392	0.072
393	0.129
394	0.126
395	0.148
396	0.211
397	0.222
398	0.238
399	0.179
400	0.148
401	0.18
402	0.183
403	0.128
404	0.123
405	0.166
406	0.141
407	0.101
408	0.131
409	0.161
410	0.123
411	0.104
412	0.154
413	0.168
414	0.123
415	0.135
416	0.202
417	0.197
418	0.374
419	0.245
420	0.166
421	0.087
422	0.068
423	0.03
424	0.029
425	0.014
426	0.03
427	0.031
428	0.064
429	0.086
430	0.092
431	0.059
432	0.072
433	0.129
434	0.108
435	0.083
436	0.145
437	0.212
438	0.173
439	0.206
440	0.305
441	0.367
442	0.341
443	0.372
444	0.532
445	0.573
446	0.53
447	0.549
448	0.382
449	0.292
450	0.186
451	0.128
452	0.088
453	0.044
454	0.029
455	0.013
456	0.012
457	0.005
458	0.006
459	0.005
460	0.003
461	0.001
462	0.001
463	0.002
464	0.005
465	0.004
466	0.0
467	0.004
468	0.009
469	0.004
470	0.001
471	0.007
472	0.006
473	0.005
474	0.037
475	0.092
476	0.077
477	0.036
478	0.034
479	0.028
480	0.018
481	0.029
482	0.026
483	0.034
484	0.061
485	0.084
486	0.073
487	0.072
488	0.111
489	0.128
490	0.106
491	0.145
492	0.108
493	0.118
494	0.175
495	0.25
496	0.252
497	0.315
498	0.376
499	0.313
500	0.285
501	0.386
502	0.409
503	0.325
504	0.353
505	0.325
506	0.268
507	0.269
508	0.237
509	0.156
510	0.112
511	0.125
512	0.075
513	0.079
514	0.133
515	0.117
516	0.08
517	0.123
518	0.143
519	0.139
520	0.155
521	0.24
522	0.26
523	0.331
524	0.287
525	0.215
526	0.159
527	0.119
528	0.134
529	0.098
530	0.088
531	0.051
532	0.024
533	0.009
534	0.003
535	0.008
536	0.025
537	0.047
538	0.067
539	0.098
540	0.134
541	0.175
542	0.215
543	0.196
544	0.195
545	0.253
546	0.285
547	0.26
548	0.277
549	0.209
550	0.207
551	0.15
552	0.125
553	0.144
554	0.135
555	0.088
556	0.084
557	0.095
558	0.108
559	0.157
560	0.15
561	0.122
562	0.15
563	0.19
564	0.172
565	0.155
566	0.206
567	0.228
568	0.2
569	0.219
570	0.258
571	0.26
572	0.307
573	0.254
574	0.194
575	0.151
576	0.173
577	0.121
578	0.112
579	0.176
580	0.156
581	0.17
582	0.138
583	0.117
584	0.122
585	0.085
586	0.058
587	0.039
588	0.024
589	0.027
590	0.015
591	0.006
592	0.005
593	0.002
594	0.005
595	0.015
596	0.016
597	0.009
598	0.019
599	0.035
600	0.029
601	0.029
602	0.059
603	0.067
604	0.049
605	0.056
606	0.095
607	0.09
608	0.091
609	0.072
610	0.066
611	0.091
612	0.125
613	0.194
614	0.296
615	0.449
616	0.421
617	0.29
618	0.162
619	0.154
620	0.125
621	0.124
622	0.112
623	0.16
624	0.169
625	0.192
626	0.145
627	0.114
628	0.148
629	0.155
630	0.105
631	0.099
632	0.141
633	0.137
634	0.096
635	0.107
636	0.143
637	0.126
638	0.124
639	0.165
640	0.18
641	0.182
642	0.142
643	0.112
644	0.108
645	0.083
646	0.05
647	0.047
648	0.042
649	0.024
650	0.02
651	0.013
652	0.014
653	0.015
654	0.018
655	0.029
656	0.032
657	0.029
658	0.041
659	0.058
660	0.06
661	0.061
662	0.094
663	0.09
664	0.088
665	0.112
666	0.08
667	0.05
668	0.033
669	0.023
670	0.017
671	0.031
672	0.046
673	0.061
674	0.084
675	0.09
676	0.079
677	0.097
678	0.13
679	0.108
680	0.102
681	0.034
682	0.065
683	0.073
684	0.115
685	0.129
686	0.11
687	0.144
688	0.113
689	0.117
690	0.172
691	0.169
692	0.125
693	0.114
694	0.078
695	0.065
696	0.035
697	0.033
698	0.053
699	0.049
700	0.071
701	0.099
702	0.077
703	0.038
704	0.022
705	0.014
706	0.008
707	0.003
708	0.001
709	0.008
710	0.015
711	0.03
712	0.066
713	0.081
714	0.094
715	0.111
716	0.098
717	0.143
718	0.122
719	0.128
720	0.194
721	0.246
722	0.267
723	0.367
724	0.337
725	0.239
726	0.287
727	0.348
728	0.264
729	0.219
730	0.288
731	0.29
732	0.197
733	0.184
734	0.247
735	0.231
736	0.268
737	0.214
738	0.156
739	0.166
740	0.193
741	0.127
742	0.09
743	0.134
744	0.137
745	0.074
746	0.062
747	0.037
748	0.043
749	0.079
750	0.076
751	0.14
752	0.136
753	0.184
754	0.157
755	0.096
756	0.13
757	0.193
758	0.207
759	0.222
760	0.132
761	0.113
762	0.168
763	0.151
764	0.121
765	0.095
766	0.07
767	0.058
768	0.044
769	0.026
770	0.024
771	0.016
772	0.009
773	0.003
774	0.0
775	0.002
776	0.001
777	0.01
778	0.019
779	0.034
780	0.07
781	0.079
782	0.094
783	0.092
784	0.08
785	0.043
786	0.031
787	0.047
788	0.041
789	0.017
790	0.02
791	0.037
792	0.031
793	0.018
794	0.027
795	0.046
796	0.042
797	0.032
798	0.048
799	0.067
800	0.06
801	0.058
802	0.101
803	0.114
804	0.091
805	0.1
806	0.164
807	0.164
808	0.179
809	0.236
810	0.24
811	0.261
812	0.205
813	0.166
814	0.195
815	0.202
816	0.146
817	0.131
818	0.173
819	0.154
820	0.11
821	0.13
822	0.161
823	0.126
824	0.1
825	0.14
826	0.155
827	0.108
828	0.117
829	0.168
830	0.16
831	0.107
