index	displacement
1	0.595
2	0.299
3	0.19
4	0.117
5	0.106
6	0.062
7	0.061
8	0.033
9	0.033
10	0.039
11	0.028
12	0.043
13	0.04
14	0.058
15	0.053
16	0.077
17	0.091
18	0.063
19	0.052
20	0.089
21	0.091
22	0.046
23	0.048
24	0.11
25	0.084
26	0.047
27	0.101
28	0.13
29	0.069
30	0.073
31	0.143
32	0.141
33	0.173
34	0.1
35	0.125
36	0.083
37	0.086
38	0.061
39	0.067
40	0.06
41	0.055
42	0.067
43	0.065
44	0.071
45	0.068
46	0.064
47	0.081
48	0.089
49	0.084
50	0.087
51	0.11
52	0.113
53	0.091
54	0.094
55	0.095
56	0.095
57	0.086
58	0.117
59	0.095
60	0.052
61	0.046
62	0.02
63	0.029
64	0.023
65	0.033
66	0.042
67	0.058
68	0.071
69	0.122
70	0.133
71	0.099
72	0.12
73	0.162
74	0.158
75	0.13
76	0.114
77	0.116
78	0.121
79	0.129
80	0.103
81	0.162
82	0.154
83	0.091
84	0.12
85	0.175
86	0.118
87	0.107
88	0.188
89	0.216
90	0.275
91	0.31
92	0.206
93	0.174
94	0.182
95	0.205
96	0.134
97	0.099
98	0.147
99	0.155
100	0.094
101	0.102
102	0.145
103	0.165
104	0.225
105	0.362
106	0.334
107	0.534
108	0.234
109	0.138
110	0.104
111	0.06
112	0.04
113	0.033
114	0.015
115	0.015
116	0.021
117	0.016
118	0.023
119	0.017
120	0.027
121	0.033
122	0.051
123	0.084
124	0.125
125	0.189
126	0.247
127	0.238
128	0.254
129	0.363
130	0.416
131	0.379
132	0.436
133	0.32
134	0.328
135	0.246
136	0.27
137	0.25
138	0.182
139	0.144
140	0.168
141	0.117
142	0.073
143	0.108
144	0.156
145	0.115
146	0.113
147	0.184
148	0.194
149	0.15
150	0.213
151	0.297
152	0.244
153	0.263
154	0.39
155	0.401
156	0.542
157	0.379
158	0.284
159	0.148
160	0.116
161	0.058
162	0.115
163	0.219
164	0.261
165	0.277
166	0.178
167	0.141
168	0.121
169	0.059
170	0.049
171	0.031
172	0.05
173	0.069
174	0.074
175	0.072
176	0.054
177	0.045
178	0.03
179	0.044
180	0.033
181	0.014
182	0.008
183	0.008
184	0.014
185	0.016
186	0.008
187	0.017
188	0.042
189	0.04
190	0.03
191	0.065
192	0.056
193	0.069
194	0.069
195	0.13
196	0.25
197	0.473
198	0.676
199	1.111
200	0.952
201	0.656
202	0.37
203	0.292
204	0.16
205	0.111
206	0.066
207	0.078
208	0.071
209	0.048
210	0.035
211	0.033
212	0.026
213	0.008
214	0.006
215	0.013
216	0.019
217	0.015
218	0.016
219	0.037
220	0.048
221	0.052
222	0.075
223	0.094
224	0.108
225	0.136
226	0.101
227	0.083
228	0.103
229	0.133
230	0.104
231	0.079
232	0.084
233	0.096
234	0.067
235	0.059
236	0.037
237	0.044
238	0.055
239	0.044
240	0.034
241	0.045
242	0.057
243	0.041
244	0.037
245	0.053
246	0.069
247	0.097
248	0.089
249	0.102
250	0.058
251	0.028
252	0.014
253	0.013
254	0.013
255	0.019
256	0.023
257	0.03
258	0.038
259	0.022
260	0.024
261	0.031
262	0.02
263	0.012
264	0.015
265	0.035
266	0.045
267	0.024
268	0.02
269	0.022
270	0.035
271	0.026
272	0.024
273	0.046
274	0.079
275	0.056
276	0.037
277	0.07
278	0.113
279	0.085
280	0.11
281	0.075
282	0.088
283	0.07
284	0.056
285	0.093
286	0.095
287	0.057
288	0.068
289	0.093
290	0.11
291	0.099
292	0.067
293	0.036
294	0.025
295	0.035
296	0.027
297	0.014
298	0.014
299	0.019
300	0.02
301	0.047
302	0.069
303	0.106
304	0.143
305	0.184
306	0.142
307	0.245
308	0.156
309	0.133
310	0.109
311	0.071
312	0.057
313	0.05
314	0.022
315	0.014
316	0.02
317	0.022
318	0.009
319	0.008
320	0.025
321	0.042
322	0.071
323	0.065
324	0.031
325	0.036
326	0.071
327	0.065
328	0.031
329	0.034
330	0.066
331	0.061
332	0.032
333	0.032
334	0.018
335	0.035
336	0.044
337	0.042
338	0.092
339	0.167
340	0.201
341	0.146
342	0.177
343	0.275
344	0.271
345	0.317
346	0.241
347	0.186
348	0.258
349	0.309
350	0.214
351	0.187
352	0.127
353	0.108
354	0.144
355	0.114
356	0.079
357	0.11
358	0.138
359	0.1
360	0.099
361	0.15
362	0.116
363	0.081
364	0.078
365	0.078
366	0.08
367	0.13
368	0.119
369	0.162
370	0.21
371	0.184
372	0.09
373	0.093
374	0.148
375	0.088
376	0.054
377	0.103
378	0.107
379	0.062
380	0.069
381	0.098
382	0.096
383	0.076
384	0.088
385	0.111
386	0.095
387	0.093
388	0.121
389	0.135
390	0.123
391	0.137
392	0.173
393	0.177
394	0.175
395	0.12
396	0.094
397	0.066
398	0.098
399	0.122
400	0.081
401	0.086
402	0.136
403	0.129
404	0.095
405	0.147
406	0.195
407	0.145
408	0.161
409	0.273
410	0.279
411	0.209
412	0.319
413	0.451
414	0.328
415	0.316
416	0.557
417	0.575
418	0.364
419	0.276
420	0.167
421	0.135
422	0.083
423	0.07
424	0.04
425	0.032
426	0.042
427	0.03
428	0.055
429	0.045
430	0.061
431	0.056
432	0.09
433	0.116
434	0.086
435	0.076
436	0.137
437	0.151
438	0.092
439	0.105
440	0.206
441	0.186
442	0.133
443	0.21
444	0.266
445	0.191
446	0.195
447	0.289
448	0.261
449	0.27
450	0.16
451	0.157
452	0.094
453	0.082
454	0.064
455	0.068
456	0.06
457	0.053
458	0.066
459	0.062
460	0.07
461	0.069
462	0.065
463	0.08
464	0.093
465	0.091
466	0.093
467	0.115
468	0.121
469	0.103
470	0.102
471	0.101
472	0.105
473	0.097
474	0.125
475	0.122
476	0.071
477	0.054
478	0.026
479	0.026
480	0.017
481	0.023
482	0.03
483	0.044
484	0.05
485	0.091
486	0.107
487	0.084
488	0.098
489	0.14
490	0.155
491	0.131
492	0.124
493	0.107
494	0.11
495	0.092
496	0.059
497	0.092
498	0.075
499	0.035
500	0.054
501	0.083
502	0.04
503	0.046
504	0.105
505	0.129
506	0.192
507	0.234
508	0.147
509	0.136
510	0.168
511	0.186
512	0.125
513	0.079
514	0.11
515	0.123
516	0.068
517	0.067
518	0.109
519	0.126
520	0.185
521	0.297
522	0.259
523	0.431
524	0.167
525	0.091
526	0.074
527	0.037
528	0.019
529	0.017
530	0.011
531	0.016
532	0.02
533	0.017
534	0.028
535	0.026
536	0.038
537	0.037
538	0.056
539	0.082
540	0.123
541	0.194
542	0.25
543	0.234
544	0.253
545	0.373
546	0.415
547	0.354
548	0.418
549	0.303
550	0.33
551	0.258
552	0.281
553	0.26
554	0.185
555	0.161
556	0.196
557	0.144
558	0.086
559	0.106
560	0.156
561	0.11
562	0.087
563	0.151
564	0.174
565	0.123
566	0.165
567	0.254
568	0.215
569	0.212
570	0.324
571	0.354
572	0.501
573	0.364
574	0.296
575	0.152
576	0.136
577	0.065
578	0.115
579	0.238
580	0.265
581	0.268
582	0.158
583	0.113
584	0.097
585	0.042
586	0.033
587	0.018
588	0.034
589	0.049
590	0.059
591	0.061
592	0.045
593	0.038
594	0.021
595	0.028
596	0.023
597	0.009
598	0.001
599	0.004
600	0.026
601	0.038
602	0.028
603	0.043
604	0.082
605	0.089
606	0.083
607	0.131
608	0.106
609	0.104
610	0.088
611	0.148
612	0.287
613	0.482
614	0.682
615	1.061
616	0.986
617	0.633
618	0.377
619	0.291
620	0.166
621	0.14
622	0.081
623	0.099
624	0.119
625	0.102
626	0.09
627	0.065
628	0.043
629	0.033
630	0.027
631	0.011
632	0.005
633	0.009
634	0.006
635	0.01
636	0.019
637	0.03
638	0.041
639	0.051
640	0.072
641	0.095
642	0.073
643	0.051
644	0.077
645	0.096
646	0.087
647	0.059
648	0.061
649	0.079
650	0.056
651	0.049
652	0.03
653	0.037
654	0.046
655	0.034
656	0.027
657	0.037
658	0.046
659	0.03
660	0.027
661	0.043
662	0.055
663	0.085
664	0.071
665	0.088
666	0.048
667	0.022
668	0.011
669	0.014
670	0.018
671	0.025
672	0.028
673	0.032
674	0.037
675	0.026
676	0.026
677	0.032
678	0.019
679	0.008
680	0.007
681	0.032
682	0.019
683	0.03
684	0.023
685	0.021
686	0.043
687	0.082
688	0.053
689	0.037
690	0.072
691	0.118
692	0.088
693	0.11
694	0.081
695	0.097
696	0.085
697	0.078
698	0.123
699	0.143
700	0.106
701	0.134
702	0.169
703	0.17
704	0.148
705	0.099
706	0.055
707	0.035
708	0.038
709	0.022
710	0.01
711	0.01
712	0.011
713	0.018
714	0.042
715	0.073
716	0.114
717	0.152
718	0.216
719	0.169
720	0.273
721	0.191
722	0.145
723	0.124
724	0.107
725	0.078
726	0.048
727	0.034
728	0.037
729	0.016
730	0.008
731	0.021
732	0.019
733	0.013
734	0.031
735	0.068
736	0.088
737	0.057
738	0.047
739	0.092
740	0.105
741	0.062
742	0.057
743	0.093
744	0.091
745	0.048
746	0.046
747	0.032
748	0.041
749	0.05
750	0.035
751	0.073
752	0.15
753	0.18
754	0.155
755	0.193
756	0.309
757	0.32
758	0.403
759	0.341
760	0.242
761	0.313
762	0.371
763	0.254
764	0.215
765	0.142
766	0.133
767	0.17
768	0.136
769	0.098
770	0.125
771	0.162
772	0.128
773	0.116
774	0.17
775	0.142
776	0.096
777	0.093
778	0.076
779	0.08
780	0.117
781	0.095
782	0.134
783	0.167
784	0.145
785	0.067
786	0.068
787	0.116
788	0.072
789	0.039
790	0.079
791	0.084
792	0.044
793	0.046
794	0.068
795	0.061
796	0.044
797	0.057
798	0.074
799	0.053
800	0.054
801	0.081
802	0.078
803	0.067
804	0.092
805	0.121
806	0.106
807	0.096
808	0.048
809	0.024
810	0.019
811	0.048
812	0.063
813	0.04
814	0.063
815	0.102
816	0.089
817	0.078
818	0.14
819	0.168
820	0.12
821	0.16
822	0.264
823	0.238
824	0.182
825	0.299
826	0.384
827	0.253
828	0.255
829	0.398
830	0.375
831	0.327
