index	mode7	mode8	mode9	mode10	mode11	mode12
1	0.811	2.26	0.595	4.55	4.289	1.419
2	0.572	1.369	0.299	2.175	1.957	0.491
3	0.344	0.982	0.19	0.895	0.802	0.326
4	0.229	0.475	0.117	0.451	0.266	0.072
5	0.136	0.356	0.106	0.309	0.219	0.054
6	0.092	0.189	0.062	0.18	0.113	0.013
7	0.045	0.134	0.061	0.122	0.11	0.012
8	0.034	0.074	0.033	0.077	0.064	0.001
9	0.014	0.047	0.033	0.064	0.066	0.001
10	0.03	0.055	0.039	0.105	0.066	0.0
11	0.025	0.036	0.028	0.072	0.052	0.001
12	0.041	0.073	0.043	0.076	0.057	0.006
13	0.068	0.053	0.04	0.114	0.041	0.005
14	0.078	0.061	0.058	0.126	0.081	0.006
15	0.046	0.092	0.053	0.091	0.089	0.006
16	0.064	0.176	0.077	0.107	0.117	0.023
17	0.12	0.214	0.091	0.179	0.121	0.042
18	0.101	0.143	0.063	0.143	0.091	0.039
19	0.081	0.176	0.052	0.095	0.096	0.035
20	0.147	0.372	0.089	0.188	0.138	0.095
21	0.205	0.41	0.091	0.235	0.112	0.141
22	0.169	0.34	0.046	0.139	0.077	0.115
23	0.211	0.473	0.048	0.167	0.129	0.133
24	0.305	0.824	0.11	0.311	0.22	0.343
25	0.344	1.043	0.084	0.184	0.249	0.489
26	0.339	0.97	0.047	0.222	0.407	0.39
27	0.387	1.096	0.101	0.466	0.561	0.439
28	0.53	1.503	0.13	0.583	0.746	0.705
29	0.566	1.56	0.069	0.501	0.877	0.696
30	0.555	1.441	0.073	0.736	1.078	0.559
31	0.594	1.581	0.143	1.026	1.214	0.646
32	0.432	1.208	0.141	0.835	0.911	0.446
33	0.355	1.078	0.173	0.824	0.771	0.441
34	0.214	0.551	0.1	0.429	0.335	0.147
35	0.163	0.519	0.125	0.386	0.353	0.138
36	0.104	0.194	0.083	0.249	0.181	0.028
37	0.055	0.185	0.086	0.178	0.157	0.027
38	0.038	0.111	0.061	0.133	0.116	0.003
39	0.015	0.1	0.067	0.065	0.076	0.002
40	0.012	0.075	0.06	0.062	0.085	0.002
41	0.005	0.055	0.055	0.036	0.056	0.006
42	0.004	0.062	0.067	0.027	0.064	0.006
43	0.004	0.075	0.065	0.013	0.045	0.005
44	0.006	0.074	0.071	0.015	0.054	0.01
45	0.003	0.084	0.068	0.025	0.05	0.023
46	0.001	0.112	0.064	0.025	0.048	0.024
47	0.007	0.124	0.081	0.033	0.049	0.024
48	0.016	0.131	0.089	0.033	0.057	0.035
49	0.011	0.161	0.084	0.047	0.057	0.068
50	0.005	0.208	0.087	0.058	0.06	0.071
51	0.018	0.212	0.11	0.091	0.046	0.072
52	0.024	0.207	0.113	0.096	0.041	0.112
53	0.012	0.264	0.091	0.11	0.049	0.161
54	0.009	0.299	0.094	0.137	0.049	0.157
55	0.027	0.29	0.095	0.176	0.034	0.152
56	0.027	0.31	0.095	0.177	0.046	0.1
57	0.02	0.265	0.086	0.163	0.063	0.033
58	0.081	0.253	0.117	0.237	0.13	0.07
59	0.141	0.214	0.095	0.259	0.097	0.042
60	0.106	0.14	0.052	0.161	0.076	0.017
61	0.051	0.098	0.046	0.097	0.068	0.017
62	0.041	0.054	0.02	0.062	0.076	0.015
63	0.035	0.025	0.029	0.046	0.054	0.03
64	0.022	0.007	0.023	0.027	0.066	0.034
65	0.031	0.001	0.033	0.021	0.045	0.044
66	0.03	0.015	0.042	0.021	0.063	0.054
67	0.041	0.024	0.058	0.042	0.06	0.055
68	0.07	0.011	0.071	0.058	0.038	0.076
69	0.092	0.035	0.122	0.064	0.037	0.096
70	0.081	0.065	0.133	0.066	0.051	0.085
71	0.084	0.059	0.099	0.098	0.047	0.092
72	0.126	0.043	0.12	0.118	0.024	0.131
73	0.138	0.093	0.162	0.119	0.03	0.163
74	0.119	0.137	0.158	0.126	0.035	0.155
75	0.168	0.109	0.13	0.145	0.018	0.181
76	0.138	0.111	0.114	0.144	0.022	0.14
77	0.149	0.054	0.116	0.198	0.016	0.125
78	0.21	0.042	0.121	0.241	0.023	0.131
79	0.266	0.011	0.129	0.218	0.022	0.158
80	0.261	0.043	0.103	0.228	0.054	0.105
81	0.306	0.057	0.162	0.259	0.061	0.185
82	0.367	0.136	0.154	0.327	0.134	0.119
83	0.299	0.173	0.091	0.212	0.114	0.082
84	0.253	0.156	0.12	0.173	0.079	0.159
85	0.33	0.244	0.175	0.235	0.123	0.21
86	0.35	0.338	0.118	0.18	0.147	0.154
87	0.256	0.325	0.107	0.094	0.09	0.177
88	0.257	0.376	0.188	0.145	0.094	0.263
89	0.249	0.259	0.216	0.212	0.089	0.269
90	0.2	0.253	0.275	0.259	0.089	0.304
91	0.175	0.381	0.31	0.252	0.084	0.35
92	0.15	0.334	0.206	0.123	0.053	0.251
93	0.097	0.219	0.174	0.082	0.027	0.215
94	0.065	0.239	0.182	0.08	0.022	0.242
95	0.083	0.209	0.205	0.097	0.018	0.279
96	0.054	0.132	0.134	0.046	0.02	0.19
97	0.057	0.079	0.099	0.033	0.019	0.135
98	0.104	0.087	0.147	0.067	0.015	0.159
99	0.103	0.071	0.155	0.073	0.019	0.185
100	0.075	0.019	0.094	0.045	0.024	0.115
101	0.116	0.012	0.102	0.068	0.014	0.113
102	0.144	0.012	0.145	0.1	0.012	0.147
103	0.145	0.04	0.165	0.085	0.018	0.163
104	0.157	0.082	0.225	0.084	0.028	0.177
105	0.244	0.12	0.362	0.164	0.023	0.24
106	0.261	0.072	0.334	0.22	0.008	0.444
107	0.318	0.075	0.534	0.472	0.015	1.247
108	0.286	0.013	0.234	0.255	0.008	0.358
109	0.21	0.008	0.138	0.148	0.007	0.194
110	0.168	0.002	0.104	0.139	0.014	0.121
111	0.125	0.008	0.06	0.086	0.023	0.072
112	0.13	0.042	0.04	0.063	0.025	0.056
113	0.086	0.053	0.033	0.027	0.02	0.064
114	0.077	0.072	0.015	0.022	0.041	0.038
115	0.04	0.058	0.015	0.017	0.045	0.033
116	0.016	0.043	0.021	0.017	0.036	0.044
117	0.006	0.018	0.016	0.024	0.058	0.042
118	0.001	0.021	0.023	0.022	0.071	0.008
119	0.008	0.014	0.017	0.032	0.069	0.002
120	0.023	0.018	0.027	0.028	0.077	0.012
121	0.04	0.006	0.033	0.03	0.057	0.017
122	0.056	0.003	0.051	0.033	0.053	0.026
123	0.079	0.002	0.084	0.037	0.034	0.037
124	0.105	0.009	0.125	0.047	0.029	0.06
125	0.136	0.009	0.189	0.048	0.042	0.102
126	0.172	0.012	0.247	0.069	0.038	0.145
127	0.157	0.011	0.238	0.073	0.026	0.118
128	0.156	0.007	0.254	0.07	0.034	0.112
129	0.201	0.008	0.363	0.075	0.044	0.19
130	0.227	0.012	0.416	0.101	0.027	0.195
131	0.211	0.011	0.379	0.106	0.022	0.12
132	0.226	0.007	0.436	0.098	0.037	0.152
133	0.174	0.009	0.32	0.086	0.044	0.109
134	0.181	0.022	0.328	0.073	0.082	0.162
135	0.13	0.026	0.246	0.062	0.086	0.139
136	0.118	0.05	0.27	0.059	0.11	0.186
137	0.139	0.048	0.25	0.077	0.1	0.145
138	0.125	0.031	0.182	0.08	0.078	0.081
139	0.086	0.043	0.144	0.067	0.091	0.081
140	0.09	0.076	0.168	0.078	0.111	0.132
141	0.102	0.083	0.117	0.1	0.103	0.109
142	0.111	0.075	0.073	0.12	0.088	0.074
143	0.157	0.081	0.108	0.137	0.084	0.081
144	0.146	0.053	0.156	0.11	0.081	0.079
145	0.116	0.035	0.115	0.099	0.067	0.039
146	0.138	0.041	0.113	0.12	0.05	0.021
147	0.173	0.033	0.184	0.127	0.047	0.034
148	0.152	0.013	0.194	0.098	0.043	0.039
149	0.132	0.015	0.15	0.099	0.025	0.011
150	0.175	0.029	0.213	0.134	0.02	0.009
151	0.192	0.02	0.297	0.125	0.02	0.039
152	0.165	0.015	0.244	0.104	0.016	0.043
153	0.178	0.031	0.263	0.13	0.008	0.031
154	0.207	0.045	0.39	0.16	0.004	0.055
155	0.204	0.036	0.401	0.14	0.006	0.098
156	0.234	0.053	0.542	0.18	0.005	0.185
157	0.193	0.044	0.379	0.142	0.009	0.178
158	0.137	0.066	0.284	0.12	0.011	0.201
159	0.106	0.063	0.148	0.094	0.008	0.165
160	0.119	0.084	0.116	0.107	0.013	0.216
161	0.083	0.091	0.058	0.099	0.013	0.182
162	0.075	0.086	0.115	0.096	0.013	0.171
163	0.119	0.096	0.219	0.127	0.013	0.241
164	0.105	0.083	0.261	0.116	0.013	0.187
165	0.12	0.06	0.277	0.115	0.004	0.138
166	0.106	0.028	0.178	0.075	0.005	0.064
167	0.092	0.025	0.141	0.069	0.004	0.03
168	0.097	0.015	0.121	0.064	0.009	0.014
169	0.068	0.01	0.059	0.051	0.011	0.004
170	0.044	0.012	0.049	0.032	0.007	0.006
171	0.03	0.009	0.031	0.027	0.012	0.003
172	0.017	0.015	0.05	0.019	0.016	0.012
173	0.018	0.016	0.069	0.016	0.017	0.022
174	0.008	0.02	0.074	0.01	0.019	0.027
175	0.003	0.023	0.072	0.007	0.03	0.022
176	0.003	0.021	0.054	0.011	0.042	0.014
177	0.001	0.015	0.045	0.021	0.053	0.018
178	0.003	0.008	0.03	0.017	0.055	0.012
179	0.009	0.015	0.044	0.024	0.037	0.014
180	0.013	0.015	0.033	0.04	0.05	0.015
181	0.008	0.004	0.014	0.036	0.072	0.005
182	0.016	0.007	0.008	0.034	0.069	0.002
183	0.033	0.023	0.008	0.064	0.064	0.011
184	0.032	0.031	0.014	0.08	0.089	0.023
185	0.034	0.039	0.016	0.083	0.1	0.028
186	0.064	0.054	0.008	0.113	0.088	0.045
187	0.074	0.063	0.017	0.135	0.096	0.082
188	0.059	0.061	0.042	0.131	0.119	0.101
189	0.069	0.08	0.04	0.134	0.115	0.103
190	0.11	0.103	0.03	0.165	0.113	0.14
191	0.106	0.102	0.065	0.176	0.137	0.186
192	0.104	0.086	0.056	0.162	0.124	0.164
193	0.083	0.073	0.069	0.153	0.12	0.123
194	0.075	0.055	0.069	0.146	0.096	0.099
195	0.104	0.085	0.13	0.147	0.11	0.126
196	0.148	0.169	0.25	0.191	0.139	0.26
197	0.216	0.257	0.473	0.209	0.181	0.501
198	0.327	0.392	0.676	0.25	0.181	0.829
199	0.458	0.558	1.111	0.292	0.209	1.331
200	0.396	0.42	0.952	0.253	0.227	0.88
201	0.305	0.297	0.656	0.207	0.16	0.424
202	0.179	0.186	0.37	0.173	0.126	0.22
203	0.166	0.177	0.292	0.154	0.097	0.239
204	0.133	0.115	0.16	0.14	0.086	0.176
205	0.136	0.117	0.111	0.154	0.099	0.187
206	0.117	0.085	0.066	0.14	0.079	0.154
207	0.163	0.117	0.078	0.163	0.078	0.222
208	0.182	0.128	0.071	0.185	0.107	0.247
209	0.204	0.158	0.048	0.204	0.11	0.26
210	0.158	0.126	0.035	0.2	0.116	0.204
211	0.121	0.092	0.033	0.166	0.097	0.151
212	0.148	0.102	0.026	0.174	0.078	0.166
213	0.16	0.11	0.008	0.186	0.087	0.151
214	0.109	0.074	0.006	0.153	0.084	0.092
215	0.094	0.055	0.013	0.136	0.065	0.077
216	0.133	0.054	0.019	0.157	0.056	0.1
217	0.133	0.043	0.015	0.156	0.065	0.068
218	0.089	0.015	0.016	0.117	0.054	0.032
219	0.092	0.015	0.037	0.111	0.031	0.041
220	0.125	0.014	0.048	0.136	0.026	0.038
221	0.11	0.01	0.052	0.12	0.023	0.012
222	0.102	0.011	0.075	0.101	0.012	0.018
223	0.137	0.015	0.094	0.131	0.009	0.034
224	0.153	0.015	0.108	0.145	0.009	0.012
225	0.15	0.015	0.136	0.126	0.006	0.012
226	0.118	0.012	0.101	0.104	0.011	0.003
227	0.09	0.011	0.083	0.081	0.012	0.011
228	0.084	0.016	0.103	0.061	0.006	0.023
229	0.06	0.017	0.133	0.045	0.005	0.038
230	0.037	0.019	0.104	0.019	0.01	0.031
231	0.034	0.016	0.079	0.018	0.012	0.02
232	0.029	0.015	0.084	0.021	0.011	0.027
233	0.016	0.02	0.096	0.008	0.017	0.033
234	0.015	0.02	0.067	0.007	0.018	0.02
235	0.009	0.018	0.059	0.01	0.02	0.016
236	0.01	0.016	0.037	0.015	0.017	0.005
237	0.013	0.02	0.044	0.019	0.016	0.009
238	0.015	0.024	0.055	0.019	0.007	0.018
239	0.023	0.019	0.044	0.02	0.002	0.012
240	0.025	0.017	0.034	0.022	0.007	0.012
241	0.025	0.027	0.045	0.025	0.008	0.025
242	0.034	0.028	0.057	0.031	0.003	0.035
243	0.045	0.02	0.041	0.03	0.004	0.032
244	0.05	0.027	0.037	0.04	0.006	0.045
245	0.051	0.038	0.053	0.044	0.003	0.063
246	0.074	0.033	0.069	0.052	0.004	0.072
247	0.07	0.032	0.097	0.051	0.006	0.058
248	0.069	0.018	0.089	0.047	0.006	0.034
249	0.088	0.01	0.102	0.049	0.012	0.035
250	0.064	0.005	0.058	0.039	0.018	0.018
251	0.04	0.005	0.028	0.035	0.018	0.007
252	0.026	0.003	0.014	0.035	0.051	0.004
253	0.017	0.001	0.013	0.029	0.052	0.006
254	0.013	0.007	0.013	0.032	0.057	0.008
255	0.028	0.014	0.019	0.053	0.043	0.006
256	0.037	0.015	0.023	0.058	0.052	0.003
257	0.051	0.005	0.03	0.07	0.027	0.006
258	0.073	0.006	0.038	0.066	0.028	0.008
259	0.078	0.012	0.022	0.063	0.035	0.006
260	0.066	0.017	0.024	0.057	0.019	0.006
261	0.08	0.02	0.031	0.062	0.011	0.019
262	0.1	0.029	0.02	0.048	0.019	0.021
263	0.083	0.03	0.012	0.042	0.012	0.016
264	0.068	0.042	0.015	0.04	0.025	0.018
265	0.042	0.038	0.035	0.041	0.039	0.016
266	0.035	0.028	0.045	0.04	0.066	0.011
267	0.062	0.029	0.024	0.053	0.032	0.011
268	0.057	0.032	0.02	0.047	0.034	0.004
269	0.058	0.032	0.022	0.051	0.007	0.01
270	0.062	0.034	0.035	0.059	0.006	0.022
271	0.083	0.036	0.026	0.058	0.013	0.033
272	0.09	0.044	0.024	0.067	0.019	0.045
273	0.081	0.042	0.046	0.06	0.016	0.08
274	0.109	0.042	0.079	0.065	0.022	0.107
275	0.089	0.025	0.056	0.05	0.015	0.069
276	0.094	0.026	0.037	0.058	0.017	0.062
277	0.139	0.029	0.07	0.064	0.043	0.115
278	0.131	0.018	0.113	0.055	0.04	0.086
279	0.097	0.012	0.085	0.047	0.038	0.056
280	0.088	0.006	0.11	0.035	0.041	0.05
281	0.066	0.019	0.075	0.028	0.081	0.046
282	0.059	0.03	0.088	0.03	0.085	0.042
283	0.035	0.045	0.07	0.031	0.092	0.036
284	0.037	0.044	0.056	0.044	0.087	0.028
285	0.06	0.062	0.093	0.079	0.098	0.077
286	0.061	0.1	0.095	0.089	0.109	0.119
287	0.084	0.111	0.057	0.127	0.109	0.114
288	0.118	0.149	0.068	0.165	0.118	0.178
289	0.091	0.131	0.093	0.161	0.131	0.203
290	0.053	0.112	0.11	0.108	0.13	0.176
291	0.032	0.086	0.099	0.073	0.124	0.118
292	0.022	0.06	0.067	0.055	0.108	0.046
293	0.012	0.032	0.036	0.025	0.098	0.013
294	0.006	0.019	0.025	0.027	0.079	0.001
295	0.002	0.021	0.035	0.022	0.073	0.004
296	0.007	0.011	0.027	0.018	0.058	0.029
297	0.013	0.009	0.014	0.018	0.057	0.039
298	0.03	0.009	0.014	0.024	0.055	0.03
299	0.067	0.017	0.019	0.037	0.038	0.038
300	0.09	0.045	0.02	0.067	0.048	0.024
301	0.114	0.044	0.047	0.102	0.039	0.039
302	0.144	0.089	0.069	0.176	0.045	0.048
303	0.137	0.122	0.106	0.218	0.039	0.087
304	0.194	0.113	0.143	0.274	0.026	0.138
305	0.189	0.218	0.184	0.317	0.027	0.163
306	0.193	0.256	0.142	0.343	0.096	0.081
307	0.295	0.411	0.245	0.8	0.284	0.147
308	0.338	0.384	0.156	0.681	0.279	0.057
309	0.343	0.237	0.133	0.56	0.197	0.038
310	0.442	0.304	0.109	0.668	0.314	0.009
311	0.409	0.421	0.071	0.611	0.35	0.005
312	0.289	0.282	0.057	0.374	0.189	0.004
313	0.315	0.22	0.05	0.313	0.161	0.011
314	0.366	0.372	0.022	0.32	0.241	0.015
315	0.283	0.347	0.014	0.242	0.198	0.012
316	0.224	0.211	0.02	0.151	0.115	0.017
317	0.268	0.29	0.022	0.126	0.132	0.056
318	0.268	0.4	0.009	0.099	0.156	0.067
319	0.184	0.271	0.008	0.065	0.106	0.042
320	0.158	0.217	0.025	0.036	0.07	0.069
321	0.199	0.364	0.042	0.023	0.085	0.123
322	0.165	0.436	0.071	0.012	0.061	0.193
323	0.206	0.52	0.065	0.017	0.073	0.191
324	0.18	0.374	0.031	0.026	0.079	0.1
325	0.121	0.265	0.036	0.013	0.05	0.098
326	0.122	0.322	0.071	0.037	0.041	0.142
327	0.155	0.338	0.065	0.059	0.059	0.116
328	0.105	0.199	0.031	0.046	0.059	0.047
329	0.07	0.138	0.034	0.048	0.045	0.043
330	0.107	0.168	0.066	0.073	0.053	0.053
331	0.112	0.152	0.061	0.085	0.057	0.035
332	0.056	0.061	0.032	0.06	0.052	0.009
333	0.052	0.043	0.032	0.061	0.051	0.009
334	0.03	0.046	0.018	0.049	0.048	0.013
335	0.028	0.085	0.035	0.04	0.035	0.048
336	0.052	0.152	0.044	0.021	0.03	0.089
337	0.053	0.109	0.042	0.016	0.024	0.09
338	0.093	0.231	0.092	0.03	0.03	0.158
339	0.074	0.317	0.167	0.073	0.029	0.252
340	0.106	0.453	0.201	0.078	0.038	0.289
341	0.103	0.378	0.146	0.051	0.031	0.23
342	0.057	0.341	0.177	0.101	0.039	0.23
343	0.082	0.501	0.275	0.174	0.042	0.337
344	0.129	0.492	0.271	0.161	0.041	0.306
345	0.143	0.419	0.317	0.224	0.07	0.228
346	0.141	0.302	0.241	0.172	0.075	0.153
347	0.081	0.23	0.186	0.138	0.072	0.081
348	0.075	0.305	0.258	0.209	0.096	0.101
349	0.122	0.288	0.309	0.283	0.124	0.082
350	0.108	0.149	0.214	0.17	0.107	0.019
351	0.1	0.124	0.187	0.121	0.126	0.013
352	0.078	0.052	0.127	0.08	0.097	0.012
353	0.053	0.075	0.108	0.073	0.097	0.005
354	0.048	0.115	0.144	0.085	0.106	0.01
355	0.04	0.084	0.114	0.056	0.102	0.015
356	0.02	0.06	0.079	0.044	0.097	0.008
357	0.016	0.103	0.11	0.056	0.105	0.008
358	0.015	0.127	0.138	0.058	0.104	0.009
359	0.01	0.085	0.1	0.038	0.101	0.005
360	0.001	0.074	0.099	0.036	0.108	0.011
361	0.001	0.1	0.15	0.043	0.119	0.025
362	0.008	0.088	0.116	0.033	0.111	0.015
363	0.003	0.058	0.081	0.032	0.101	0.004
364	0.014	0.053	0.078	0.035	0.089	0.001
365	0.027	0.046	0.078	0.02	0.066	0.007
366	0.041	0.049	0.08	0.009	0.093	0.02
367	0.075	0.078	0.13	0.027	0.066	0.049
368	0.083	0.051	0.119	0.028	0.052	0.079
369	0.101	0.086	0.162	0.03	0.055	0.072
370	0.103	0.106	0.21	0.047	0.05	0.07
371	0.091	0.114	0.184	0.036	0.069	0.043
372	0.049	0.071	0.09	0.02	0.071	0.037
373	0.039	0.063	0.093	0.04	0.068	0.07
374	0.055	0.087	0.148	0.05	0.064	0.062
375	0.045	0.067	0.088	0.03	0.061	0.02
376	0.019	0.034	0.054	0.026	0.062	0.019
377	0.019	0.045	0.103	0.035	0.045	0.042
378	0.034	0.054	0.107	0.045	0.036	0.05
379	0.028	0.032	0.062	0.038	0.039	0.028
380	0.013	0.021	0.069	0.029	0.033	0.025
381	0.018	0.027	0.098	0.03	0.019	0.041
382	0.035	0.028	0.096	0.044	0.018	0.054
383	0.031	0.017	0.076	0.042	0.023	0.038
384	0.021	0.018	0.088	0.026	0.014	0.038
385	0.033	0.023	0.111	0.036	0.006	0.069
386	0.051	0.016	0.095	0.054	0.011	0.065
387	0.044	0.013	0.093	0.042	0.011	0.049
388	0.039	0.016	0.121	0.034	0.004	0.072
389	0.075	0.017	0.135	0.068	0.004	0.092
390	0.088	0.009	0.123	0.074	0.006	0.061
391	0.068	0.013	0.137	0.051	0.003	0.066
392	0.072	0.017	0.173	0.055	0.0	0.106
393	0.129	0.011	0.177	0.105	0.002	0.096
394	0.126	0.023	0.175	0.11	0.008	0.13
395	0.148	0.018	0.12	0.133	0.015	0.1
396	0.211	0.057	0.094	0.177	0.04	0.159
397	0.222	0.091	0.066	0.206	0.067	0.201
398	0.238	0.122	0.098	0.2	0.066	0.276
399	0.179	0.087	0.122	0.146	0.034	0.229
400	0.148	0.07	0.081	0.14	0.038	0.173
401	0.18	0.112	0.086	0.174	0.058	0.238
402	0.183	0.129	0.136	0.153	0.041	0.275
403	0.128	0.088	0.129	0.112	0.024	0.202
404	0.123	0.089	0.095	0.126	0.043	0.184
405	0.166	0.136	0.147	0.154	0.048	0.268
406	0.141	0.128	0.195	0.121	0.027	0.252
407	0.101	0.091	0.145	0.104	0.033	0.162
408	0.131	0.124	0.161	0.133	0.052	0.204
409	0.161	0.173	0.273	0.144	0.043	0.307
410	0.123	0.142	0.279	0.116	0.033	0.226
411	0.104	0.117	0.209	0.104	0.052	0.137
412	0.154	0.182	0.319	0.137	0.062	0.24
413	0.168	0.213	0.451	0.147	0.051	0.314
414	0.123	0.158	0.328	0.099	0.059	0.137
415	0.135	0.166	0.316	0.096	0.072	0.083
416	0.202	0.263	0.557	0.155	0.082	0.25
417	0.197	0.252	0.575	0.141	0.083	0.236
418	0.374	0.625	0.364	0.78	1.526	0.55
419	0.245	0.449	0.276	0.496	0.931	0.357
420	0.166	0.235	0.167	0.298	0.398	0.144
421	0.087	0.146	0.135	0.194	0.301	0.09
422	0.068	0.086	0.083	0.132	0.179	0.036
423	0.03	0.052	0.07	0.083	0.17	0.021
424	0.029	0.037	0.04	0.058	0.122	0.005
425	0.014	0.02	0.032	0.035	0.132	0.003
426	0.03	0.027	0.042	0.056	0.166	0.01
427	0.031	0.021	0.03	0.035	0.119	0.013
428	0.064	0.05	0.055	0.051	0.141	0.026
429	0.086	0.034	0.045	0.103	0.223	0.046
430	0.092	0.029	0.061	0.115	0.282	0.034
431	0.059	0.037	0.056	0.07	0.226	0.02
432	0.072	0.079	0.09	0.096	0.286	0.033
433	0.129	0.114	0.116	0.156	0.356	0.078
434	0.108	0.09	0.086	0.12	0.245	0.082
435	0.083	0.101	0.076	0.088	0.218	0.058
436	0.145	0.208	0.137	0.168	0.355	0.129
437	0.212	0.262	0.151	0.207	0.325	0.209
438	0.173	0.226	0.092	0.132	0.201	0.156
439	0.206	0.278	0.105	0.166	0.313	0.151
440	0.305	0.466	0.206	0.293	0.517	0.364
441	0.367	0.58	0.186	0.245	0.499	0.428
442	0.341	0.506	0.133	0.242	0.639	0.275
443	0.372	0.564	0.21	0.397	0.908	0.37
444	0.532	0.761	0.266	0.523	1.219	0.556
445	0.573	0.762	0.191	0.467	1.256	0.439
446	0.53	0.689	0.195	0.561	1.408	0.361
447	0.549	0.763	0.289	0.727	1.66	0.513
448	0.382	0.595	0.261	0.573	1.222	0.407
449	0.292	0.518	0.27	0.503	1.046	0.406
450	0.186	0.258	0.16	0.302	0.421	0.166
451	0.128	0.199	0.157	0.249	0.46	0.13
452	0.088	0.068	0.094	0.17	0.276	0.047
453	0.044	0.052	0.082	0.106	0.239	0.027
454	0.029	0.047	0.064	0.07	0.216	0.009
455	0.013	0.042	0.068	0.041	0.148	0.003
456	0.012	0.028	0.06	0.03	0.161	0.002
457	0.005	0.02	0.053	0.018	0.117	0.009
458	0.006	0.023	0.066	0.015	0.122	0.01
459	0.005	0.035	0.062	0.016	0.083	0.007
460	0.003	0.032	0.07	0.017	0.099	0.011
461	0.001	0.034	0.069	0.02	0.098	0.032
462	0.001	0.05	0.065	0.023	0.091	0.032
463	0.002	0.056	0.08	0.034	0.089	0.033
464	0.005	0.054	0.093	0.036	0.095	0.045
465	0.004	0.067	0.091	0.042	0.092	0.087
466	0.0	0.092	0.093	0.049	0.098	0.093
467	0.004	0.096	0.115	0.075	0.081	0.105
468	0.009	0.091	0.121	0.078	0.064	0.145
469	0.004	0.124	0.103	0.079	0.067	0.203
470	0.001	0.147	0.102	0.091	0.078	0.203
471	0.007	0.145	0.101	0.115	0.06	0.202
472	0.006	0.151	0.105	0.11	0.101	0.144
473	0.005	0.126	0.097	0.087	0.144	0.062
474	0.037	0.114	0.125	0.141	0.217	0.096
475	0.092	0.12	0.122	0.179	0.191	0.093
476	0.077	0.081	0.071	0.124	0.146	0.04
477	0.036	0.054	0.054	0.077	0.119	0.027
478	0.034	0.032	0.026	0.052	0.117	0.016
479	0.028	0.012	0.026	0.043	0.075	0.03
480	0.018	0.002	0.017	0.027	0.078	0.031
481	0.029	0.003	0.023	0.02	0.045	0.047
482	0.026	0.004	0.03	0.023	0.074	0.062
483	0.034	0.004	0.044	0.043	0.078	0.061
484	0.061	0.001	0.05	0.056	0.037	0.096
485	0.084	0.01	0.091	0.064	0.033	0.135
486	0.073	0.022	0.107	0.069	0.07	0.118
487	0.072	0.021	0.084	0.085	0.072	0.127
488	0.111	0.014	0.098	0.102	0.025	0.183
489	0.128	0.036	0.14	0.107	0.025	0.237
490	0.106	0.06	0.155	0.113	0.038	0.234
491	0.145	0.049	0.131	0.119	0.022	0.25
492	0.108	0.058	0.124	0.116	0.044	0.208
493	0.118	0.032	0.107	0.149	0.059	0.182
494	0.175	0.036	0.11	0.177	0.104	0.2
495	0.25	0.012	0.092	0.15	0.096	0.217
496	0.252	0.033	0.059	0.162	0.179	0.137
497	0.315	0.037	0.092	0.168	0.226	0.229
498	0.376	0.081	0.075	0.219	0.421	0.143
499	0.313	0.114	0.035	0.152	0.343	0.071
500	0.285	0.106	0.054	0.115	0.263	0.158
501	0.386	0.153	0.083	0.153	0.437	0.204
502	0.409	0.217	0.04	0.127	0.489	0.109
503	0.325	0.231	0.046	0.06	0.32	0.156
504	0.353	0.261	0.105	0.078	0.377	0.283
505	0.325	0.177	0.129	0.122	0.355	0.322
506	0.268	0.174	0.192	0.152	0.329	0.434
507	0.269	0.279	0.234	0.132	0.359	0.528
508	0.237	0.262	0.147	0.056	0.236	0.349
509	0.156	0.19	0.136	0.042	0.128	0.312
510	0.112	0.205	0.168	0.043	0.123	0.376
511	0.125	0.173	0.186	0.056	0.103	0.432
512	0.075	0.12	0.125	0.024	0.057	0.303
513	0.079	0.081	0.079	0.017	0.028	0.199
514	0.133	0.078	0.11	0.044	0.049	0.228
515	0.117	0.058	0.123	0.049	0.035	0.278
516	0.08	0.019	0.068	0.036	0.016	0.168
517	0.123	0.014	0.067	0.058	0.021	0.15
518	0.143	0.006	0.109	0.084	0.018	0.213
519	0.139	0.015	0.126	0.077	0.009	0.229
520	0.155	0.041	0.185	0.074	0.031	0.296
521	0.24	0.058	0.297	0.134	0.052	0.41
522	0.26	0.029	0.259	0.158	0.028	0.609
523	0.331	0.03	0.431	0.293	0.125	1.848
524	0.287	0.004	0.167	0.167	0.07	0.479
525	0.215	0.007	0.091	0.108	0.051	0.244
526	0.159	0.003	0.074	0.107	0.04	0.165
527	0.119	0.01	0.037	0.072	0.038	0.088
528	0.134	0.036	0.019	0.054	0.054	0.054
529	0.098	0.054	0.017	0.022	0.027	0.067
530	0.088	0.069	0.011	0.02	0.048	0.036
531	0.051	0.07	0.016	0.008	0.037	0.042
532	0.024	0.062	0.02	0.005	0.031	0.056
533	0.009	0.042	0.017	0.012	0.071	0.04
534	0.003	0.045	0.028	0.011	0.08	0.012
535	0.008	0.031	0.026	0.02	0.092	0.005
536	0.025	0.038	0.038	0.021	0.092	0.016
537	0.047	0.019	0.037	0.029	0.089	0.023
538	0.067	0.012	0.056	0.04	0.09	0.031
539	0.098	0.003	0.082	0.052	0.076	0.054
540	0.134	0.002	0.123	0.081	0.074	0.078
541	0.175	0.005	0.194	0.086	0.08	0.132
542	0.215	0.003	0.25	0.128	0.075	0.181
543	0.196	0.003	0.234	0.121	0.063	0.168
544	0.195	0.007	0.253	0.098	0.064	0.181
545	0.253	0.007	0.373	0.118	0.067	0.275
546	0.285	0.006	0.415	0.161	0.057	0.286
547	0.26	0.016	0.354	0.138	0.054	0.219
548	0.277	0.022	0.418	0.113	0.058	0.273
549	0.209	0.029	0.303	0.084	0.063	0.209
550	0.207	0.056	0.33	0.064	0.067	0.247
551	0.15	0.053	0.258	0.057	0.072	0.199
552	0.125	0.091	0.281	0.038	0.076	0.231
553	0.144	0.096	0.26	0.04	0.07	0.217
554	0.135	0.065	0.185	0.053	0.068	0.147
555	0.088	0.074	0.161	0.039	0.076	0.127
556	0.084	0.119	0.196	0.034	0.077	0.174
557	0.095	0.124	0.144	0.049	0.077	0.145
558	0.108	0.108	0.086	0.073	0.082	0.108
559	0.157	0.124	0.106	0.085	0.069	0.129
560	0.15	0.093	0.156	0.065	0.064	0.141
561	0.122	0.063	0.11	0.07	0.068	0.093
562	0.15	0.067	0.087	0.096	0.057	0.073
563	0.19	0.067	0.151	0.098	0.048	0.108
564	0.172	0.035	0.174	0.083	0.049	0.114
565	0.155	0.025	0.123	0.1	0.048	0.064
566	0.206	0.047	0.165	0.137	0.042	0.071
567	0.228	0.038	0.254	0.13	0.044	0.13
568	0.2	0.02	0.215	0.129	0.048	0.109
569	0.219	0.038	0.212	0.17	0.042	0.078
570	0.258	0.059	0.324	0.205	0.038	0.127
571	0.26	0.045	0.354	0.198	0.034	0.175
572	0.307	0.058	0.501	0.289	0.036	0.251
573	0.254	0.037	0.364	0.241	0.035	0.222
574	0.194	0.057	0.296	0.234	0.033	0.224
575	0.151	0.054	0.152	0.192	0.023	0.162
576	0.173	0.074	0.136	0.228	0.018	0.196
577	0.121	0.101	0.065	0.203	0.018	0.152
578	0.112	0.104	0.115	0.198	0.018	0.15
579	0.176	0.104	0.238	0.266	0.026	0.232
580	0.156	0.095	0.265	0.237	0.032	0.19
581	0.17	0.062	0.268	0.217	0.03	0.152
582	0.138	0.024	0.158	0.132	0.039	0.079
583	0.117	0.02	0.113	0.11	0.038	0.04
584	0.122	0.013	0.097	0.088	0.04	0.037
585	0.085	0.006	0.042	0.067	0.036	0.014
586	0.058	0.007	0.033	0.048	0.034	0.005
587	0.039	0.005	0.018	0.038	0.032	0.0
588	0.024	0.012	0.034	0.031	0.034	0.006
589	0.027	0.011	0.049	0.034	0.035	0.013
590	0.015	0.015	0.059	0.025	0.04	0.019
591	0.006	0.017	0.061	0.017	0.053	0.015
592	0.005	0.013	0.045	0.015	0.085	0.01
593	0.002	0.007	0.038	0.02	0.104	0.012
594	0.005	0.004	0.021	0.02	0.095	0.007
595	0.015	0.006	0.028	0.032	0.084	0.007
596	0.016	0.006	0.023	0.037	0.101	0.01
597	0.009	0.004	0.009	0.03	0.104	0.005
598	0.019	0.008	0.001	0.035	0.089	0.001
599	0.035	0.019	0.004	0.06	0.096	0.007
600	0.029	0.03	0.026	0.06	0.107	0.024
601	0.029	0.047	0.038	0.057	0.098	0.033
602	0.059	0.061	0.028	0.084	0.093	0.042
603	0.067	0.061	0.043	0.1	0.117	0.068
604	0.049	0.066	0.082	0.085	0.119	0.099
605	0.056	0.094	0.089	0.082	0.104	0.104
606	0.095	0.112	0.083	0.111	0.114	0.112
607	0.09	0.106	0.131	0.116	0.138	0.163
608	0.091	0.079	0.106	0.116	0.146	0.139
609	0.072	0.058	0.104	0.104	0.15	0.115
610	0.066	0.035	0.088	0.106	0.147	0.101
611	0.091	0.048	0.148	0.107	0.17	0.12
612	0.125	0.097	0.287	0.115	0.234	0.236
613	0.194	0.135	0.482	0.114	0.304	0.481
614	0.296	0.216	0.682	0.132	0.46	0.733
615	0.449	0.3	1.061	0.154	0.666	1.317
616	0.421	0.228	0.986	0.135	0.585	1.082
617	0.29	0.144	0.633	0.125	0.477	0.449
618	0.162	0.088	0.377	0.113	0.313	0.227
619	0.154	0.091	0.291	0.11	0.274	0.204
620	0.125	0.065	0.166	0.11	0.2	0.147
621	0.124	0.08	0.14	0.116	0.183	0.152
622	0.112	0.063	0.081	0.115	0.153	0.123
623	0.16	0.095	0.099	0.138	0.156	0.171
624	0.169	0.106	0.119	0.144	0.173	0.196
625	0.192	0.146	0.102	0.172	0.162	0.175
626	0.145	0.122	0.09	0.154	0.15	0.15
627	0.114	0.083	0.065	0.133	0.144	0.114
628	0.148	0.097	0.043	0.153	0.136	0.109
629	0.155	0.115	0.033	0.154	0.117	0.095
630	0.105	0.082	0.027	0.123	0.103	0.067
631	0.099	0.057	0.011	0.125	0.099	0.05
632	0.141	0.061	0.005	0.151	0.082	0.061
633	0.137	0.057	0.009	0.138	0.068	0.048
634	0.096	0.023	0.006	0.113	0.059	0.025
635	0.107	0.017	0.01	0.128	0.05	0.021
636	0.143	0.018	0.019	0.148	0.04	0.02
637	0.126	0.013	0.03	0.128	0.037	0.008
638	0.124	0.011	0.041	0.131	0.03	0.002
639	0.165	0.017	0.051	0.167	0.023	0.007
640	0.18	0.018	0.072	0.167	0.023	0.003
641	0.182	0.018	0.095	0.165	0.02	0.006
642	0.142	0.012	0.073	0.127	0.028	0.009
643	0.112	0.009	0.051	0.116	0.029	0.003
644	0.108	0.011	0.077	0.104	0.023	0.01
645	0.083	0.016	0.096	0.09	0.017	0.019
646	0.05	0.018	0.087	0.048	0.019	0.019
647	0.047	0.013	0.059	0.044	0.025	0.01
648	0.042	0.012	0.061	0.049	0.023	0.015
649	0.024	0.02	0.079	0.03	0.023	0.024
650	0.02	0.019	0.056	0.021	0.028	0.013
651	0.013	0.017	0.049	0.017	0.036	0.011
652	0.014	0.015	0.03	0.014	0.037	0.002
653	0.015	0.022	0.037	0.02	0.035	0.005
654	0.018	0.028	0.046	0.03	0.016	0.011
655	0.029	0.016	0.034	0.032	0.018	0.007
656	0.032	0.016	0.027	0.028	0.031	0.008
657	0.029	0.034	0.037	0.039	0.027	0.018
658	0.041	0.03	0.046	0.058	0.021	0.027
659	0.058	0.016	0.03	0.054	0.029	0.028
660	0.06	0.027	0.027	0.069	0.033	0.035
661	0.061	0.043	0.043	0.085	0.023	0.05
662	0.094	0.028	0.055	0.1	0.027	0.062
663	0.09	0.028	0.085	0.097	0.037	0.056
664	0.088	0.012	0.071	0.08	0.037	0.04
665	0.112	0.005	0.088	0.078	0.042	0.052
666	0.08	0.002	0.048	0.052	0.049	0.033
667	0.05	0.001	0.022	0.04	0.053	0.013
668	0.033	0.008	0.011	0.032	0.09	0.009
669	0.023	0.01	0.014	0.026	0.092	0.005
670	0.017	0.027	0.018	0.025	0.088	0.007
671	0.031	0.04	0.025	0.042	0.075	0.011
672	0.046	0.038	0.028	0.047	0.089	0.007
673	0.061	0.02	0.032	0.079	0.084	0.004
674	0.084	0.032	0.037	0.081	0.079	0.005
675	0.09	0.046	0.026	0.086	0.077	0.005
676	0.079	0.031	0.026	0.08	0.07	0.003
677	0.097	0.023	0.032	0.095	0.062	0.008
678	0.13	0.036	0.019	0.092	0.068	0.008
679	0.108	0.048	0.008	0.088	0.063	0.007
680	0.102	0.057	0.007	0.089	0.058	0.016
681	0.034	0.076	0.032	0.095	0.039	0.017
682	0.065	0.043	0.019	0.084	0.05	0.007
683	0.073	0.033	0.03	0.093	0.048	0.013
684	0.115	0.035	0.023	0.1	0.06	0.019
685	0.129	0.042	0.021	0.113	0.06	0.041
686	0.11	0.038	0.043	0.111	0.061	0.066
687	0.144	0.028	0.082	0.122	0.072	0.097
688	0.113	0.015	0.053	0.09	0.06	0.063
689	0.117	0.021	0.037	0.098	0.062	0.048
690	0.172	0.025	0.072	0.115	0.077	0.097
691	0.169	0.012	0.118	0.102	0.081	0.089
692	0.125	0.013	0.088	0.077	0.072	0.057
693	0.114	0.015	0.11	0.053	0.072	0.056
694	0.078	0.047	0.081	0.035	0.089	0.047
695	0.065	0.06	0.097	0.029	0.09	0.048
696	0.035	0.077	0.085	0.021	0.089	0.041
697	0.033	0.067	0.078	0.023	0.096	0.041
698	0.053	0.093	0.123	0.039	0.083	0.111
699	0.049	0.134	0.143	0.042	0.088	0.14
700	0.071	0.135	0.106	0.071	0.105	0.122
701	0.099	0.172	0.134	0.096	0.11	0.17
702	0.077	0.158	0.169	0.097	0.105	0.203
703	0.038	0.131	0.17	0.065	0.093	0.189
704	0.022	0.114	0.148	0.038	0.082	0.139
705	0.014	0.08	0.099	0.026	0.096	0.048
706	0.008	0.051	0.055	0.011	0.098	0.01
707	0.003	0.031	0.035	0.013	0.096	0.005
708	0.001	0.038	0.038	0.009	0.081	0.007
709	0.008	0.025	0.022	0.006	0.072	0.035
710	0.015	0.025	0.01	0.006	0.06	0.044
711	0.03	0.017	0.01	0.019	0.058	0.026
712	0.066	0.02	0.011	0.036	0.04	0.036
713	0.081	0.034	0.018	0.061	0.075	0.023
714	0.094	0.028	0.042	0.089	0.073	0.054
715	0.111	0.056	0.073	0.135	0.111	0.08
716	0.098	0.072	0.114	0.161	0.112	0.148
717	0.143	0.08	0.152	0.201	0.12	0.229
718	0.122	0.142	0.216	0.24	0.129	0.291
719	0.128	0.159	0.169	0.239	0.25	0.179
720	0.194	0.255	0.273	0.49	0.634	0.353
721	0.246	0.241	0.191	0.427	0.574	0.203
722	0.267	0.156	0.145	0.36	0.426	0.143
723	0.367	0.194	0.124	0.436	0.627	0.099
724	0.337	0.253	0.107	0.399	0.65	0.081
725	0.239	0.172	0.078	0.26	0.387	0.05
726	0.287	0.136	0.048	0.227	0.359	0.025
727	0.348	0.223	0.034	0.242	0.51	0.01
728	0.264	0.214	0.037	0.189	0.396	0.016
729	0.219	0.139	0.016	0.123	0.26	0.007
730	0.288	0.187	0.008	0.104	0.317	0.025
731	0.29	0.258	0.021	0.094	0.337	0.041
732	0.197	0.19	0.019	0.063	0.203	0.033
733	0.184	0.159	0.013	0.033	0.146	0.058
734	0.247	0.255	0.031	0.02	0.197	0.111
735	0.231	0.324	0.068	0.002	0.14	0.222
736	0.268	0.377	0.088	0.016	0.155	0.229
737	0.214	0.272	0.057	0.031	0.146	0.118
738	0.156	0.211	0.047	0.01	0.071	0.12
739	0.166	0.262	0.092	0.02	0.046	0.196
740	0.193	0.264	0.105	0.043	0.086	0.173
741	0.127	0.161	0.062	0.033	0.083	0.081
742	0.09	0.133	0.057	0.027	0.043	0.082
743	0.134	0.159	0.093	0.043	0.061	0.102
744	0.137	0.133	0.091	0.055	0.107	0.076
745	0.074	0.064	0.048	0.034	0.092	0.032
746	0.062	0.064	0.046	0.036	0.07	0.03
747	0.037	0.065	0.032	0.026	0.054	0.034
748	0.043	0.101	0.041	0.018	0.027	0.074
749	0.079	0.146	0.05	0.004	0.022	0.125
750	0.076	0.108	0.035	0.002	0.02	0.117
751	0.14	0.192	0.073	0.008	0.07	0.207
752	0.136	0.257	0.15	0.028	0.107	0.355
753	0.184	0.348	0.18	0.029	0.126	0.403
754	0.157	0.306	0.155	0.018	0.048	0.34
755	0.096	0.29	0.193	0.047	0.061	0.37
756	0.13	0.433	0.309	0.1	0.081	0.554
757	0.193	0.452	0.32	0.093	0.035	0.539
758	0.207	0.48	0.403	0.159	0.046	0.538
759	0.222	0.381	0.341	0.14	0.048	0.395
760	0.132	0.278	0.242	0.103	0.063	0.213
761	0.113	0.347	0.313	0.159	0.113	0.247
762	0.168	0.363	0.371	0.234	0.142	0.229
763	0.151	0.217	0.254	0.164	0.124	0.067
764	0.121	0.185	0.215	0.142	0.15	0.0
765	0.095	0.099	0.142	0.092	0.124	0.001
766	0.07	0.126	0.133	0.074	0.102	0.005
767	0.058	0.18	0.17	0.086	0.117	0.021
768	0.044	0.135	0.136	0.059	0.12	0.022
769	0.026	0.103	0.098	0.037	0.103	0.012
770	0.024	0.153	0.125	0.046	0.098	0.017
771	0.016	0.182	0.162	0.054	0.11	0.021
772	0.009	0.131	0.128	0.029	0.105	0.013
773	0.003	0.117	0.116	0.025	0.1	0.007
774	0.0	0.145	0.17	0.037	0.106	0.001
775	0.002	0.119	0.142	0.021	0.102	0.001
776	0.001	0.082	0.096	0.017	0.092	0.002
777	0.01	0.065	0.093	0.026	0.092	0.008
778	0.019	0.037	0.076	0.015	0.078	0.008
779	0.034	0.026	0.08	0.019	0.108	0.024
780	0.07	0.044	0.117	0.037	0.064	0.077
781	0.079	0.023	0.095	0.033	0.052	0.11
782	0.094	0.037	0.134	0.041	0.066	0.104
783	0.092	0.041	0.167	0.062	0.069	0.103
784	0.08	0.043	0.145	0.047	0.152	0.047
785	0.043	0.026	0.067	0.032	0.117	0.043
786	0.031	0.02	0.068	0.043	0.133	0.06
787	0.047	0.031	0.116	0.048	0.171	0.041
788	0.041	0.028	0.072	0.036	0.141	0.01
789	0.017	0.012	0.039	0.034	0.114	0.01
790	0.02	0.017	0.079	0.042	0.12	0.023
791	0.037	0.024	0.084	0.046	0.122	0.032
792	0.031	0.015	0.044	0.043	0.096	0.02
793	0.018	0.009	0.046	0.04	0.077	0.016
794	0.027	0.014	0.068	0.041	0.066	0.028
795	0.046	0.016	0.061	0.059	0.065	0.041
796	0.042	0.01	0.044	0.059	0.058	0.028
797	0.032	0.01	0.057	0.046	0.043	0.027
798	0.048	0.015	0.074	0.059	0.039	0.052
799	0.067	0.011	0.053	0.081	0.042	0.048
800	0.06	0.008	0.054	0.072	0.032	0.032
801	0.058	0.012	0.081	0.069	0.022	0.049
802	0.101	0.016	0.078	0.113	0.023	0.062
803	0.114	0.009	0.067	0.12	0.018	0.035
804	0.091	0.009	0.092	0.098	0.01	0.037
805	0.1	0.014	0.121	0.113	0.007	0.065
806	0.164	0.011	0.106	0.171	0.01	0.054
807	0.164	0.028	0.096	0.175	0.021	0.077
808	0.179	0.024	0.048	0.176	0.032	0.062
809	0.236	0.076	0.024	0.198	0.059	0.095
810	0.24	0.109	0.019	0.206	0.094	0.13
811	0.261	0.135	0.048	0.208	0.098	0.179
812	0.205	0.093	0.063	0.172	0.071	0.148
813	0.166	0.073	0.04	0.152	0.083	0.117
814	0.195	0.11	0.063	0.169	0.118	0.17
815	0.202	0.119	0.102	0.158	0.112	0.196
816	0.146	0.075	0.089	0.123	0.098	0.147
817	0.131	0.071	0.078	0.12	0.124	0.14
818	0.173	0.105	0.14	0.134	0.153	0.208
819	0.154	0.094	0.168	0.111	0.142	0.197
820	0.11	0.06	0.12	0.096	0.14	0.13
821	0.13	0.079	0.16	0.103	0.179	0.167
822	0.161	0.105	0.264	0.103	0.215	0.246
823	0.126	0.078	0.238	0.092	0.202	0.171
824	0.1	0.059	0.182	0.085	0.201	0.101
825	0.14	0.091	0.299	0.089	0.266	0.179
826	0.155	0.099	0.384	0.093	0.306	0.21
827	0.108	0.066	0.253	0.077	0.256	0.073
828	0.117	0.068	0.255	0.074	0.253	0.034
829	0.168	0.098	0.398	0.086	0.369	0.079
830	0.16	0.089	0.375	0.089	0.378	0.118
831	0.107	0.078	0.327	0.076	0.349	0.173
