index	fluctuation
1	10.016
2	0.98
3	0.266
4	0.089
5	0.031
6	0.02
7	0.02
8	0.015
9	0.016
10	0.024
11	0.063
12	0.016
13	0.061
14	0.036
15	0.023
16	0.032
17	0.053
18	0.045
19	0.047
20	0.065
21	0.081
22	0.091
23	0.075
24	0.144
25	0.315
26	0.23
27	0.205
28	0.586
29	0.8
30	0.724
31	0.655
32	0.3
33	0.227
34	0.1
35	0.067
36	0.035
37	0.023
38	0.016
39	0.026
40	0.04
41	0.034
42	0.014
43	0.011
44	0.014
45	0.028
46	0.022
47	0.018
48	0.023
49	0.027
50	0.025
51	0.024
52	0.028
53	0.05
54	0.052
55	0.051
56	0.055
57	0.034
58	0.023
59	0.018
60	0.012
61	0.008
62	0.007
63	0.005
64	0.005
65	0.004
66	0.009
67	0.009
68	0.007
69	0.009
70	0.011
71	0.012
72	0.012
73	0.02
74	0.041
75	0.037
76	0.022
77	0.017
78	0.023
79	0.03
80	0.027
81	0.05
82	0.069
83	0.048
84	0.046
85	0.09
86	0.116
87	0.085
88	0.084
89	0.078
90	0.164
91	0.244
92	0.087
93	0.05
94	0.077
95	0.06
96	0.029
97	0.019
98	0.031
99	0.029
100	0.011
101	0.011
102	0.015
103	0.017
104	0.059
105	1.556
106	0.217
107	2.297
108	0.175
109	0.021
110	0.011
111	0.006
112	0.005
113	0.005
114	0.006
115	0.005
116	0.005
117	0.006
118	0.006
119	0.006
120	0.006
121	0.008
122	0.011
123	0.014
124	0.015
125	0.024
126	0.038
127	0.026
128	0.031
129	0.068
130	0.07
131	0.051
132	0.076
133	0.051
134	0.093
135	0.068
136	0.099
137	0.07
138	0.033
139	0.035
140	0.044
141	0.035
142	0.082
143	0.101
144	0.043
145	0.037
146	0.053
147	0.044
148	0.026
149	0.025
150	0.044
151	0.043
152	0.026
153	0.038
154	0.078
155	0.079
156	0.316
157	0.161
158	0.101
159	0.053
160	0.135
161	0.161
162	0.125
163	0.161
164	0.147
165	0.083
166	0.015
167	0.012
168	0.01
169	0.007
170	0.005
171	0.003
172	0.004
173	0.003
174	0.004
175	0.004
176	0.004
177	0.009
178	0.007
179	0.004
180	0.005
181	0.007
182	0.006
183	0.006
184	0.007
185	0.009
186	0.01
187	0.011
188	0.013
189	0.013
190	0.018
191	0.026
192	0.02
193	0.027
194	0.035
195	0.052
196	0.228
197	0.602
198	1.841
199	8.581
200	3.713
201	1.352
202	0.191
203	0.106
204	0.039
205	0.027
206	0.024
207	0.03
208	0.032
209	0.046
210	0.03
211	0.017
212	0.025
213	0.026
214	0.013
215	0.016
216	0.028
217	0.037
218	0.029
219	0.02
220	0.024
221	0.025
222	0.012
223	0.022
224	0.038
225	0.024
226	0.018
227	0.012
228	0.013
229	0.012
230	0.012
231	0.006
232	0.005
233	0.006
234	0.005
235	0.005
236	0.005
237	0.008
238	0.006
239	0.006
240	0.007
241	0.007
242	0.008
243	0.008
244	0.009
245	0.01
246	0.01
247	0.012
248	0.008
249	0.007
250	0.007
251	0.008
252	0.006
253	0.006
254	0.006
255	0.007
256	0.012
257	0.023
258	0.025
259	0.023
260	0.022
261	0.022
262	0.034
263	0.029
264	0.03
265	0.032
266	0.034
267	0.037
268	0.024
269	0.017
270	0.02
271	0.02
272	0.044
273	0.03
274	0.031
275	0.013
276	0.017
277	0.05
278	0.025
279	0.022
280	0.013
281	0.012
282	0.011
283	0.013
284	0.022
285	0.041
286	0.023
287	0.025
288	0.11
289	0.091
290	0.038
291	0.027
292	0.015
293	0.007
294	0.007
295	0.007
296	0.006
297	0.004
298	0.004
299	0.004
300	0.005
301	0.007
302	0.012
303	0.019
304	0.03
305	0.051
306	0.046
307	0.577
308	0.096
309	0.089
310	0.174
311	0.114
312	0.035
313	0.042
314	0.063
315	0.045
316	0.027
317	0.03
318	0.038
319	0.026
320	0.014
321	0.021
322	0.036
323	0.059
324	0.029
325	0.014
326	0.02
327	0.032
328	0.023
329	0.01
330	0.018
331	0.026
332	0.014
333	0.008
334	0.008
335	0.006
336	0.008
337	0.007
338	0.017
339	0.056
340	0.072
341	0.032
342	0.068
343	0.227
344	0.197
345	0.193
346	0.229
347	0.113
348	0.194
349	0.343
350	0.119
351	0.111
352	0.061
353	0.035
354	0.041
355	0.031
356	0.025
357	0.055
358	0.061
359	0.019
360	0.022
361	0.055
362	0.025
363	0.012
364	0.019
365	0.017
366	0.07
367	0.045
368	0.015
369	0.016
370	0.014
371	0.017
372	0.012
373	0.014
374	0.013
375	0.009
376	0.012
377	0.015
378	0.01
379	0.006
380	0.006
381	0.007
382	0.008
383	0.006
384	0.005
385	0.008
386	0.009
387	0.011
388	0.019
389	0.021
390	0.018
391	0.028
392	0.06
393	0.096
394	0.125
395	0.054
396	0.122
397	0.158
398	0.17
399	0.076
400	0.032
401	0.047
402	0.065
403	0.038
404	0.024
405	0.037
406	0.042
407	0.023
408	0.021
409	0.04
410	0.038
411	0.023
412	0.039
413	0.07
414	0.036
415	0.046
416	0.262
417	0.463
418	1.43
419	0.238
420	0.074
421	0.02
422	0.015
423	0.014
424	0.011
425	0.015
426	0.025
427	0.063
428	0.021
429	0.122
430	0.058
431	0.03
432	0.032
433	0.054
434	0.045
435	0.045
436	0.06
437	0.076
438	0.084
439	0.068
440	0.139
441	0.303
442	0.211
443	0.187
444	0.549
445	0.787
446	0.777
447	0.698
448	0.368
449	0.216
450	0.08
451	0.042
452	0.021
453	0.014
454	0.012
455	0.02
456	0.036
457	0.034
458	0.014
459	0.01
460	0.013
461	0.025
462	0.019
463	0.015
464	0.019
465	0.023
466	0.021
467	0.019
468	0.024
469	0.044
470	0.042
471	0.037
472	0.036
473	0.023
474	0.016
475	0.014
476	0.01
477	0.007
478	0.006
479	0.005
480	0.005
481	0.004
482	0.009
483	0.009
484	0.007
485	0.009
486	0.011
487	0.012
488	0.012
489	0.02
490	0.04
491	0.032
492	0.02
493	0.016
494	0.022
495	0.029
496	0.027
497	0.049
498	0.065
499	0.045
500	0.044
501	0.085
502	0.108
503	0.084
504	0.087
505	0.078
506	0.172
507	0.261
508	0.099
509	0.051
510	0.079
511	0.066
512	0.038
513	0.02
514	0.035
515	0.036
516	0.013
517	0.012
518	0.016
519	0.018
520	0.065
521	1.674
522	0.197
523	2.474
524	0.197
525	0.022
526	0.011
527	0.006
528	0.005
529	0.005
530	0.006
531	0.005
532	0.005
533	0.007
534	0.006
535	0.006
536	0.007
537	0.009
538	0.012
539	0.014
540	0.016
541	0.026
542	0.039
543	0.027
544	0.031
545	0.069
546	0.072
547	0.051
548	0.078
549	0.051
550	0.087
551	0.063
552	0.08
553	0.064
554	0.033
555	0.034
556	0.042
557	0.035
558	0.086
559	0.102
560	0.041
561	0.036
562	0.051
563	0.043
564	0.026
565	0.024
566	0.042
567	0.043
568	0.026
569	0.038
570	0.079
571	0.079
572	0.353
573	0.163
574	0.112
575	0.062
576	0.16
577	0.218
578	0.164
579	0.189
580	0.17
581	0.092
582	0.017
583	0.013
584	0.011
585	0.007
586	0.005
587	0.003
588	0.004
589	0.004
590	0.004
591	0.004
592	0.004
593	0.009
594	0.007
595	0.004
596	0.005
597	0.007
598	0.007
599	0.006
600	0.007
601	0.009
602	0.01
603	0.011
604	0.013
605	0.013
606	0.017
607	0.025
608	0.019
609	0.025
610	0.032
611	0.049
612	0.197
613	0.593
614	1.818
615	9.643
616	5.824
617	1.407
618	0.208
619	0.106
620	0.037
621	0.026
622	0.023
623	0.03
624	0.032
625	0.045
626	0.03
627	0.016
628	0.026
629	0.026
630	0.014
631	0.017
632	0.029
633	0.037
634	0.03
635	0.02
636	0.023
637	0.024
638	0.012
639	0.021
640	0.036
641	0.023
642	0.017
643	0.012
644	0.013
645	0.012
646	0.013
647	0.006
648	0.005
649	0.007
650	0.006
651	0.005
652	0.006
653	0.008
654	0.007
655	0.006
656	0.008
657	0.008
658	0.008
659	0.008
660	0.01
661	0.012
662	0.011
663	0.013
664	0.008
665	0.008
666	0.007
667	0.008
668	0.006
669	0.006
670	0.006
671	0.008
672	0.013
673	0.026
674	0.028
675	0.034
676	0.034
677	0.027
678	0.061
679	0.074
680	0.119
681	0.21
682	0.049
683	0.033
684	0.032
685	0.085
686	0.045
687	0.038
688	0.016
689	0.02
690	0.045
691	0.029
692	0.023
693	0.014
694	0.012
695	0.011
696	0.014
697	0.025
698	0.04
699	0.022
700	0.024
701	0.102
702	0.076
703	0.037
704	0.022
705	0.015
706	0.007
707	0.007
708	0.007
709	0.006
710	0.005
711	0.004
712	0.004
713	0.005
714	0.006
715	0.01
716	0.016
717	0.029
718	0.048
719	0.043
720	0.559
721	0.09
722	0.082
723	0.161
724	0.102
725	0.031
726	0.039
727	0.056
728	0.041
729	0.025
730	0.029
731	0.035
732	0.024
733	0.014
734	0.021
735	0.037
736	0.06
737	0.028
738	0.015
739	0.023
740	0.035
741	0.024
742	0.011
743	0.021
744	0.03
745	0.016
746	0.009
747	0.009
748	0.007
749	0.009
750	0.007
751	0.018
752	0.058
753	0.069
754	0.036
755	0.085
756	0.228
757	0.216
758	0.269
759	0.373
760	0.161
761	0.208
762	0.407
763	0.155
764	0.134
765	0.068
766	0.039
767	0.046
768	0.035
769	0.027
770	0.054
771	0.065
772	0.021
773	0.025
774	0.061
775	0.027
776	0.013
777	0.021
778	0.021
779	0.086
780	0.05
781	0.017
782	0.016
783	0.014
784	0.017
785	0.013
786	0.013
787	0.012
788	0.009
789	0.011
790	0.013
791	0.009
792	0.006
793	0.005
794	0.007
795	0.008
796	0.006
797	0.005
798	0.008
799	0.009
800	0.011
801	0.019
802	0.022
803	0.018
804	0.026
805	0.059
806	0.099
807	0.139
808	0.057
809	0.13
810	0.167
811	0.176
812	0.079
813	0.032
814	0.048
815	0.067
816	0.04
817	0.024
818	0.036
819	0.043
820	0.023
821	0.02
822	0.037
823	0.035
824	0.02
825	0.035
826	0.059
827	0.03
828	0.044
829	0.201
830	0.274
831	0.532
