index	4k79_A	1ovs_A
1	2.003	nan
2	0.608	nan
3	0.583	nan
4	1.284	nan
5	0.97	nan
6	0.429	nan
7	0.556	nan
8	0.509	nan
9	2.233	nan
10	3.395	nan
11	0.452	nan
12	0.245	nan
13	0.192	nan
14	0.196	nan
15	0.184	nan
16	0.18	nan
17	0.22	nan
18	0.346	nan
19	0.333	nan
20	0.32	nan
21	0.261	nan
22	0.389	nan
23	0.591	nan
24	nan	31.627
25	0.958	4.515
26	1.118	0.179
27	0.505	0.088
28	0.456	0.098
29	0.45	0.162
30	0.37	0.12
31	0.331	0.159
32	0.162	0.246
33	0.108	0.108
34	0.136	0.118
35	0.156	0.135
36	0.117	nan
37	0.094	nan
38	0.109	nan
39	0.098	nan
40	0.171	nan
41	0.133	nan
42	0.153	nan
43	0.132	nan
44	0.365	nan
45	0.584	nan
46	0.505	nan
47	0.328	nan
48	0.344	nan
49	0.468	nan
50	0.252	nan
51	0.228	nan
52	0.449	nan
53	0.202	nan
54	0.179	nan
55	0.131	nan
56	0.09	nan
57	0.072	0.071
58	0.118	0.069
59	0.129	0.063
60	0.109	0.064
61	0.086	0.08
62	0.1	0.051
63	0.071	0.045
64	0.146	0.03
65	0.086	0.042
66	0.13	nan
67	0.142	nan
68	0.383	nan
69	0.547	nan
70	0.348	nan
71	0.253	nan
72	0.256	nan
73	0.235	nan
74	0.183	nan
75	0.181	nan
76	0.164	nan
77	0.114	nan
78	0.136	nan
79	0.12	nan
80	0.078	nan
81	nan	0.087
82	nan	0.203
83	nan	0.18
84	nan	0.083
85	nan	0.041
86	0.069	0.046
87	0.127	0.049
88	0.136	0.058
89	0.122	0.052
90	0.097	0.047
91	0.107	0.046
92	0.07	0.128
93	0.136	0.259
94	0.089	nan
95	0.165	nan
96	0.117	nan
97	0.317	nan
98	0.511	nan
99	0.338	nan
100	0.253	nan
101	0.248	nan
102	0.223	nan
103	0.179	nan
104	0.181	nan
105	0.148	nan
106	0.108	nan
107	0.125	nan
108	0.106	0.328
109	0.081	0.128
110	0.074	nan
111	0.133	0.144
112	0.151	0.152
113	0.13	0.1
114	0.107	0.091
115	0.119	0.077
116	0.063	0.078
117	0.168	nan
118	0.077	0.085
119	0.105	0.087
120	0.119	0.106
121	0.327	0.29
122	0.449	0.137
123	0.304	nan
124	0.275	nan
125	0.283	nan
126	0.219	nan
127	0.191	nan
128	0.204	nan
129	0.153	0.183
130	0.115	0.08
131	0.148	0.076
132	0.111	nan
133	0.08	0.089
134	0.089	nan
135	0.135	nan
136	0.148	nan
137	0.116	nan
138	0.096	nan
139	0.097	nan
140	0.06	nan
141	0.136	0.109
142	0.08	0.229
143	0.132	0.08
144	0.088	0.164
145	0.27	0.071
146	0.273	0.047
147	0.294	0.089
148	0.275	0.218
149	0.522	0.167
150	0.277	0.051
151	0.34	nan
152	0.5	nan
153	0.239	nan
154	0.188	nan
155	0.401	nan
156	0.161	0.061
157	0.169	0.062
158	0.223	nan
159	0.129	0.077
160	0.149	0.077
161	0.098	0.092
162	0.094	0.049
163	0.101	nan
164	0.085	nan
165	0.129	nan
166	0.106	nan
167	0.073	nan
168	0.133	nan
169	0.134	nan
170	0.311	nan
171	0.22	nan
172	0.288	nan
173	0.268	nan
174	0.107	nan
175	0.135	nan
176	0.196	nan
177	0.128	nan
178	0.098	nan
179	0.185	nan
180	0.201	nan
181	0.119	nan
182	0.162	nan
183	0.324	nan
184	0.298	nan
185	0.18	nan
186	0.275	nan
187	0.218	nan
188	0.091	nan
189	0.121	nan
190	0.336	0.062
191	1.652	0.081
192	nan	0.787
193	3.625	0.654
194	3.636	0.335
195	0.704	0.116
196	0.737	0.063
197	0.36	0.081
198	0.249	0.076
199	0.198	0.068
200	0.173	0.079
201	nan	0.299
202	nan	0.166
203	nan	0.491
204	nan	0.659
205	nan	2.333
206	nan	10.201
207	nan	6.865
208	nan	3.276
209	nan	0.694
210	nan	0.172
211	nan	0.094
212	nan	0.067
213	nan	0.085
214	nan	0.056
215	0.175	0.038
216	0.09	0.025
217	0.099	0.04
218	0.081	0.083
219	0.262	0.809
220	1.917	1.625
221	0.775	2.027
222	0.434	0.447
223	0.34	0.469
224	0.101	0.047
225	0.086	0.047
226	nan	0.029
227	nan	0.026
228	nan	0.042
229	0.109	0.065
230	0.26	0.071
231	0.365	0.068
232	1.132	0.095
233	1.114	0.132
234	2.177	0.288
235	1.297	0.614
236	0.554	nan
237	1.167	nan
238	1.482	nan
239	2.998	nan
240	1.54	nan
241	1.674	nan
242	18.93	nan
243	nan	21.83
