index	4k79_A	1ovs_A
1	81826.894	nan
2	111154.124	nan
3	109111.623	nan
4	75461.17	nan
5	78543.578	nan
6	115573.174	nan
7	101626.131	nan
8	109878.678	nan
9	77809.71	nan
10	80200.003	nan
11	102972.121	nan
12	114107.983	nan
13	153007.558	nan
14	124686.597	nan
15	143936.373	nan
16	142849.701	nan
17	119193.402	nan
18	90851.904	nan
19	96123.33	nan
20	113233.052	nan
21	106078.974	nan
22	102132.534	nan
23	104032.402	nan
24	nan	34275.312
25	95558.954	51844.601
26	81525.035	91261.332
27	106090.94	168995.3
28	122457.929	111450.802
29	113705.096	104832.545
30	95705.459	104631.813
31	96627.685	117746.504
32	143918.377	91686.423
33	116747.823	120151.193
34	142449.016	93698.014
35	146595.493	113420.125
36	120292.997	nan
37	152996.205	nan
38	148547.693	nan
39	133621.217	nan
40	141987.987	nan
41	114128.862	nan
42	137208.427	nan
43	115679.417	nan
44	98391.808	nan
45	106151.366	nan
46	80452.053	nan
47	87855.036	nan
48	105720.871	nan
49	100940.289	nan
50	106234.594	nan
51	101748.486	nan
52	80111.153	nan
53	125861.313	nan
54	140169.933	nan
55	114526.129	nan
56	156158.636	nan
57	115725.031	98827.114
58	129165.864	123114.241
59	136697.645	153409.599
60	125970.552	144127.82
61	146992.528	131598.213
62	119681.196	186485.047
63	157519.753	137592.554
64	144885.838	201022.597
65	117730.322	136338.933
66	133208.492	nan
67	106819.747	nan
68	108456.907	nan
69	107927.99	nan
70	105674.838	nan
71	101044.21	nan
72	129626.828	nan
73	129763.686	nan
74	121357.521	nan
75	115815.562	nan
76	112167.678	nan
77	137432.811	nan
78	130594.627	nan
79	108570.322	nan
80	156360.951	nan
81	nan	137793.646
82	nan	85079.117
83	nan	127208.803
84	nan	119878.242
85	nan	157272.045
86	127642.165	146903.213
87	129959.741	167348.206
88	138914.958	130301.601
89	109120.746	154860.843
90	142442.085	133463.918
91	143085.659	151531.781
92	142652.784	108933.87
93	149828.562	80316.913
94	119388.074	nan
95	135562.138	nan
96	115123.64	nan
97	117222.586	nan
98	112320.657	nan
99	105967.056	nan
100	109158.345	nan
101	131449.16	nan
102	125139.801	nan
103	123401.639	nan
104	120339.539	nan
105	100058.347	nan
106	145364.285	nan
107	120969.709	nan
108	111896.788	75688.617
109	153261.994	98725.242
110	125824.025	nan
111	121390.173	115648.327
112	134565.396	117980.689
113	160216.017	108528.495
114	140497.216	110624.567
115	156185.455	118436.585
116	131686.696	149316.286
117	137255.77	nan
118	120563.75	114464.285
119	140394.003	129020.957
120	112040.453	101025.384
121	101295.525	73697.164
122	115503.427	99835.015
123	113710.49	nan
124	101620.923	nan
125	129416.537	nan
126	143104.366	nan
127	120593.089	nan
128	117754.818	nan
129	105590.614	114120.439
130	143276.145	114548.448
131	116830.055	126239.632
132	100755.713	nan
133	152275.441	142336.214
134	119060.026	nan
135	127320.664	nan
136	133440.259	nan
137	169601.311	nan
138	141101.987	nan
139	147748.689	nan
140	119688.931	nan
141	146930.481	100582.746
142	117039.413	85376.476
143	139091.87	93328.051
144	125168.8	109463.738
145	147371.537	120783.493
146	124285.858	161726.686
147	112759.84	139416.278
148	87189.976	86595.219
149	110296.349	99558.621
150	131700.854	159066.697
151	98259.422	nan
152	100502.213	nan
153	85738.263	nan
154	122828.887	nan
155	87635.074	nan
156	107797.976	122293.27
157	121873.671	162848.667
158	103174.138	nan
159	123912.629	128870.577
160	158872.165	158053.777
161	128878.861	127312.32
162	155185.413	161504.052
163	130184.39	nan
164	117008.748	nan
165	140567.575	nan
166	131521.46	nan
167	131351.983	nan
168	135089.708	nan
169	161783.4	nan
170	116998.788	nan
171	142255.235	nan
172	131804.103	nan
173	115648.715	nan
174	155962.485	nan
175	136690.005	nan
176	105825.395	nan
177	143938.979	nan
178	160817.032	nan
179	126970.884	nan
180	96860.741	nan
181	147113.637	nan
182	121061.673	nan
183	71482.699	nan
184	95449.684	nan
185	125060.152	nan
186	94194.605	nan
187	119271.122	nan
188	156517.89	nan
189	175484.395	nan
190	106100.159	148601.814
191	88765.817	130112.727
192	nan	68231.114
193	46139.539	77516.61
194	56579.472	67727.441
195	83002.137	96830.074
196	76712.576	144017.515
197	90442.39	102838.777
198	117046.869	128703.041
199	137210.0	114984.24
200	112274.37	128089.753
201	nan	108385.83
202	nan	89617.221
203	nan	86671.797
204	nan	86071.737
205	nan	68768.651
206	nan	50132.137
207	nan	52831.338
208	nan	61037.631
209	nan	85727.982
210	nan	114240.605
211	nan	108387.598
212	nan	162122.598
213	nan	132223.165
214	nan	157034.764
215	132358.659	182136.184
216	181283.088	173863.225
217	132987.935	131047.508
218	151565.891	124091.034
219	114056.696	99914.909
220	74556.868	56175.362
221	74416.566	55815.414
222	89382.177	78038.059
223	103908.298	79158.539
224	137411.599	107214.628
225	172864.431	132852.762
226	nan	166657.201
227	nan	221512.152
228	nan	161298.973
229	122758.631	162509.104
230	120770.124	137203.68
231	129686.348	143719.905
232	91555.97	130391.292
233	80005.942	101123.427
234	66980.117	97492.25
235	84617.734	69622.425
236	118757.513	nan
237	105339.737	nan
238	84843.223	nan
239	68194.663	nan
240	79968.765	nan
241	89060.611	nan
242	42737.82	nan
243	nan	38210.971
