index	displacement
1	0.3
2	0.219
3	0.192
4	0.16
5	0.113
6	0.147
7	0.208
8	0.176
9	0.149
10	0.213
11	0.262
12	0.235
13	0.231
14	0.153
15	0.121
16	0.083
17	0.069
18	0.055
19	0.064
20	0.123
21	0.169
22	0.26
23	0.294
24	0.237
25	0.275
26	0.348
27	0.278
28	0.285
29	0.198
30	0.166
31	0.212
32	0.215
33	0.141
34	0.14
35	0.203
36	0.191
37	0.133
38	0.124
39	0.161
40	0.116
41	0.107
42	0.084
43	0.13
44	0.108
45	0.174
46	0.238
47	0.196
48	0.181
49	0.232
50	0.345
51	0.354
52	0.343
53	0.401
54	0.522
55	0.595
56	0.5
57	0.509
58	0.595
59	0.488
60	0.511
61	0.433
62	0.491
63	0.385
64	0.296
65	0.365
66	0.386
67	0.27
68	0.272
69	0.376
70	0.341
71	0.259
72	0.328
73	0.428
74	0.354
75	0.327
76	0.222
77	0.187
78	0.135
79	0.08
80	0.094
81	0.073
82	0.076
83	0.091
84	0.081
85	0.109
86	0.186
87	0.22
88	0.27
89	0.297
90	0.423
91	0.565
92	0.561
93	0.399
94	0.436
95	0.541
96	0.43
97	0.358
98	0.277
99	0.225
100	0.305
101	0.263
102	0.162
103	0.191
104	0.248
105	0.157
106	0.127
107	0.216
108	0.214
109	0.137
110	0.187
111	0.278
112	0.238
113	0.19
114	0.28
115	0.357
116	0.29
117	0.278
118	0.298
119	0.296
120	0.178
121	0.143
122	0.074
123	0.052
124	0.024
125	0.027
126	0.024
127	0.038
128	0.065
129	0.082
130	0.12
131	0.201
132	0.225
133	0.334
134	0.336
135	0.348
136	0.236
137	0.222
138	0.17
139	0.199
140	0.283
141	0.264
142	0.288
143	0.178
144	0.17
145	0.25
146	0.19
147	0.143
148	0.117
149	0.057
150	0.059
151	0.029
152	0.012
153	0.02
154	0.03
155	0.013
156	0.02
157	0.053
158	0.062
159	0.071
160	0.109
161	0.152
162	0.169
163	0.159
164	0.204
165	0.128
166	0.079
167	0.034
168	0.014
169	0.006
170	0.008
171	0.027
172	0.037
173	0.067
174	0.066
175	0.062
176	0.111
177	0.164
178	0.237
179	0.199
180	0.243
181	0.155
182	0.123
183	0.185
184	0.158
185	0.084
186	0.117
187	0.153
188	0.087
189	0.066
190	0.129
191	0.116
192	0.059
193	0.101
194	0.151
195	0.096
196	0.078
197	0.03
198	0.035
199	0.03
200	0.056
201	0.04
202	0.022
203	0.01
204	0.015
205	0.006
206	0.012
207	0.011
208	0.026
209	0.023
210	0.031
211	0.045
212	0.053
213	0.043
214	0.042
215	0.081
216	0.106
217	0.153
218	0.092
219	0.119
220	0.167
221	0.12
222	0.098
223	0.164
224	0.171
225	0.112
226	0.139
227	0.205
228	0.16
229	0.153
230	0.091
231	0.089
232	0.057
233	0.037
234	0.02
235	0.01
236	0.006
237	0.004
238	0.003
239	0.007
240	0.01
241	0.008
242	0.004
243	0.006
244	0.012
245	0.027
246	0.024
247	0.018
248	0.042
249	0.055
250	0.041
251	0.059
252	0.102
253	0.098
254	0.093
255	0.145
256	0.179
257	0.168
258	0.207
259	0.149
260	0.102
261	0.101
262	0.078
263	0.042
264	0.028
265	0.016
266	0.021
267	0.038
268	0.047
269	0.039
270	0.028
271	0.055
272	0.058
273	0.035
274	0.037
275	0.029
276	0.034
277	0.041
278	0.019
279	0.015
280	0.006
281	0.009
282	0.017
283	0.027
284	0.03
285	0.048
286	0.061
287	0.056
288	0.045
289	0.034
290	0.017
291	0.011
292	0.013
293	0.028
294	0.04
295	0.036
296	0.048
297	0.083
298	0.095
299	0.099
300	0.124
301	0.169
302	0.185
303	0.123
304	0.061
305	0.076
306	0.067
307	0.058
308	0.029
309	0.018
310	0.014
311	0.006
312	0.005
313	0.004
314	0.003
315	0.004
316	0.006
317	0.01
318	0.018
319	0.02
320	0.012
321	0.008
322	0.003
323	0.002
324	0.003
325	0.004
326	0.008
327	0.014
328	0.017
329	0.012
330	0.018
331	0.02
332	0.031
333	0.029
334	0.035
335	0.028
336	0.023
337	0.013
338	0.011
339	0.006
340	0.003
341	0.001
342	0.001
343	0.003
344	0.005
345	0.006
346	0.006
347	0.005
348	0.002
349	0.003
350	0.001
351	0.001
352	0.003
353	0.003
354	0.007
355	0.004
356	0.004
357	0.003
358	0.003
359	0.003
360	0.005
361	0.007
362	0.005
363	0.007
364	0.009
365	0.007
366	0.009
367	0.014
368	0.018
369	0.026
370	0.034
371	0.035
372	0.049
373	0.051
374	0.045
375	0.037
376	0.029
377	0.02
378	0.018
379	0.014
380	0.019
381	0.015
382	0.009
383	0.009
384	0.008
385	0.011
386	0.009
387	0.013
388	0.008
389	0.006
390	0.007
391	0.013
392	0.017
393	0.038
394	0.057
395	0.052
396	0.026
397	0.025
398	0.014
399	0.018
400	0.014
401	0.013
402	0.019
403	0.027
404	0.029
405	0.03
406	0.025
407	0.016
408	0.023
409	0.02
410	0.031
411	0.041
412	0.032
413	0.024
414	0.014
415	0.011
416	0.008
417	0.013
418	0.017
419	0.019
420	0.017
421	0.024
422	0.028
423	0.038
424	0.05
425	0.044
426	0.058
427	0.051
428	0.045
429	0.032
430	0.025
431	0.025
432	0.022
433	0.015
434	0.015
435	0.011
436	0.011
437	0.306
438	0.228
439	0.198
440	0.163
441	0.117
442	0.151
443	0.215
444	0.184
445	0.154
446	0.221
447	0.268
448	0.237
449	0.238
450	0.159
451	0.128
452	0.088
453	0.071
454	0.054
455	0.063
456	0.122
457	0.166
458	0.257
459	0.286
460	0.223
461	0.262
462	0.332
463	0.259
464	0.27
465	0.183
466	0.153
467	0.204
468	0.207
469	0.134
470	0.134
471	0.199
472	0.191
473	0.135
474	0.125
475	0.166
476	0.12
477	0.108
478	0.083
479	0.128
480	0.103
481	0.17
482	0.237
483	0.201
484	0.185
485	0.244
486	0.361
487	0.366
488	0.357
489	0.428
490	0.549
491	0.646
492	0.565
493	0.555
494	0.632
495	0.516
496	0.532
497	0.454
498	0.505
499	0.388
500	0.303
501	0.382
502	0.386
503	0.268
504	0.283
505	0.393
506	0.344
507	0.267
508	0.345
509	0.441
510	0.368
511	0.352
512	0.237
513	0.196
514	0.142
515	0.086
516	0.098
517	0.075
518	0.079
519	0.098
520	0.09
521	0.119
522	0.199
523	0.229
524	0.281
525	0.317
526	0.448
527	0.598
528	0.607
529	0.436
530	0.476
531	0.603
532	0.472
533	0.394
534	0.325
535	0.267
536	0.353
537	0.296
538	0.19
539	0.221
540	0.282
541	0.181
542	0.151
543	0.249
544	0.238
545	0.153
546	0.21
547	0.307
548	0.256
549	0.207
550	0.306
551	0.381
552	0.307
553	0.298
554	0.317
555	0.307
556	0.183
557	0.15
558	0.078
559	0.056
560	0.025
561	0.03
562	0.028
563	0.04
564	0.066
565	0.084
566	0.12
567	0.202
568	0.222
569	0.333
570	0.316
571	0.343
572	0.228
573	0.229
574	0.178
575	0.203
576	0.301
577	0.281
578	0.309
579	0.194
580	0.186
581	0.278
582	0.221
583	0.162
584	0.124
585	0.063
586	0.071
587	0.035
588	0.014
589	0.027
590	0.038
591	0.016
592	0.024
593	0.064
594	0.07
595	0.076
596	0.119
597	0.167
598	0.182
599	0.165
600	0.212
601	0.133
602	0.081
603	0.034
604	0.014
605	0.005
606	0.007
607	0.026
608	0.037
609	0.068
610	0.068
611	0.065
612	0.116
613	0.171
614	0.244
615	0.2
616	0.246
617	0.154
618	0.121
619	0.181
620	0.155
621	0.08
622	0.111
623	0.146
624	0.081
625	0.057
626	0.115
627	0.101
628	0.048
629	0.088
630	0.131
631	0.078
632	0.059
633	0.021
634	0.03
635	0.027
636	0.055
637	0.04
638	0.022
639	0.01
640	0.016
641	0.006
642	0.014
643	0.012
644	0.028
645	0.024
646	0.031
647	0.045
648	0.056
649	0.046
650	0.047
651	0.092
652	0.122
653	0.169
654	0.104
655	0.135
656	0.183
657	0.128
658	0.107
659	0.174
660	0.173
661	0.111
662	0.139
663	0.199
664	0.15
665	0.147
666	0.089
667	0.09
668	0.058
669	0.04
670	0.023
671	0.011
672	0.006
673	0.005
674	0.004
675	0.008
676	0.01
677	0.008
678	0.005
679	0.009
680	0.015
681	0.034
682	0.029
683	0.022
684	0.049
685	0.065
686	0.047
687	0.065
688	0.114
689	0.112
690	0.099
691	0.154
692	0.192
693	0.179
694	0.213
695	0.152
696	0.105
697	0.104
698	0.082
699	0.045
700	0.029
701	0.015
702	0.019
703	0.034
704	0.042
705	0.033
706	0.023
707	0.047
708	0.052
709	0.029
710	0.031
711	0.024
712	0.028
713	0.034
714	0.015
715	0.011
716	0.005
717	0.008
718	0.016
719	0.023
720	0.023
721	0.037
722	0.05
723	0.047
724	0.04
725	0.031
726	0.016
727	0.012
728	0.014
729	0.028
730	0.041
731	0.039
732	0.049
733	0.086
734	0.103
735	0.106
736	0.13
737	0.179
738	0.199
739	0.147
740	0.089
741	0.091
742	0.081
743	0.056
744	0.021
745	0.011
746	0.011
747	0.007
748	0.004
749	0.003
750	0.001
751	0.002
752	0.004
753	0.008
754	0.012
755	0.016
756	0.01
757	0.004
758	0.003
759	0.002
760	0.004
761	0.006
762	0.012
763	0.019
764	0.022
765	0.015
766	0.021
767	0.022
768	0.034
769	0.031
770	0.037
771	0.03
772	0.026
773	0.016
774	0.014
775	0.009
776	0.006
777	0.002
778	0.001
779	0.003
780	0.005
781	0.007
782	0.007
783	0.007
784	0.003
785	0.003
786	0.002
787	0.001
788	0.004
789	0.003
790	0.008
791	0.004
792	0.004
793	0.003
794	0.004
795	0.003
796	0.006
797	0.008
798	0.005
799	0.008
800	0.009
801	0.008
802	0.01
803	0.014
804	0.018
805	0.026
806	0.033
807	0.033
808	0.047
809	0.049
810	0.045
811	0.037
812	0.031
813	0.022
814	0.02
815	0.015
816	0.019
817	0.014
818	0.009
819	0.009
820	0.008
821	0.01
822	0.01
823	0.013
824	0.009
825	0.006
826	0.007
827	0.012
828	0.014
829	0.034
830	0.048
831	0.047
832	0.022
833	0.022
834	0.013
835	0.017
836	0.014
837	0.014
838	0.019
839	0.026
840	0.028
841	0.029
842	0.024
843	0.016
844	0.023
845	0.021
846	0.031
847	0.041
848	0.031
849	0.025
850	0.015
851	0.013
852	0.011
853	0.018
854	0.019
855	0.022
856	0.019
857	0.025
858	0.028
859	0.038
860	0.047
861	0.04
862	0.05
863	0.046
864	0.039
865	0.026
866	0.022
867	0.021
868	0.018
869	0.011
870	0.009
871	0.007
872	0.007
