index	displacement
1	0.036
2	0.026
3	0.012
4	0.015
5	0.02
6	0.026
7	0.03
8	0.032
9	0.038
10	0.046
11	0.059
12	0.07
13	0.068
14	0.051
15	0.036
16	0.025
17	0.014
18	0.012
19	0.011
20	0.008
21	0.024
22	0.035
23	0.05
24	0.026
25	0.015
26	0.02
27	0.015
28	0.007
29	0.012
30	0.012
31	0.005
32	0.007
33	0.012
34	0.008
35	0.008
36	0.014
37	0.017
38	0.016
39	0.018
40	0.01
41	0.002
42	0.004
43	0.019
44	0.035
45	0.08
46	0.085
47	0.083
48	0.117
49	0.191
50	0.297
51	0.244
52	0.231
53	0.333
54	0.449
55	0.57
56	0.516
57	0.516
58	0.538
59	0.382
60	0.33
61	0.22
62	0.184
63	0.123
64	0.089
65	0.099
66	0.076
67	0.037
68	0.043
69	0.062
70	0.038
71	0.023
72	0.045
73	0.063
74	0.041
75	0.046
76	0.021
77	0.02
78	0.009
79	0.004
80	0.016
81	0.026
82	0.047
83	0.064
84	0.076
85	0.113
86	0.212
87	0.254
88	0.287
89	0.3
90	0.415
91	0.606
92	0.609
93	0.434
94	0.489
95	0.612
96	0.484
97	0.385
98	0.299
99	0.262
100	0.357
101	0.298
102	0.194
103	0.233
104	0.274
105	0.169
106	0.142
107	0.222
108	0.191
109	0.111
110	0.159
111	0.217
112	0.151
113	0.112
114	0.19
115	0.213
116	0.14
117	0.151
118	0.15
119	0.117
120	0.046
121	0.034
122	0.01
123	0.006
124	0.008
125	0.013
126	0.029
127	0.054
128	0.097
129	0.111
130	0.159
131	0.255
132	0.292
133	0.383
134	0.389
135	0.376
136	0.268
137	0.236
138	0.185
139	0.226
140	0.3
141	0.294
142	0.306
143	0.194
144	0.179
145	0.249
146	0.192
147	0.129
148	0.103
149	0.051
150	0.068
151	0.04
152	0.014
153	0.029
154	0.034
155	0.009
156	0.018
157	0.053
158	0.04
159	0.044
160	0.091
161	0.114
162	0.101
163	0.097
164	0.107
165	0.045
166	0.024
167	0.005
168	0.007
169	0.02
170	0.03
171	0.07
172	0.081
173	0.106
174	0.104
175	0.095
176	0.133
177	0.179
178	0.255
179	0.228
180	0.286
181	0.197
182	0.161
183	0.214
184	0.186
185	0.112
186	0.135
187	0.16
188	0.096
189	0.07
190	0.119
191	0.102
192	0.048
193	0.076
194	0.116
195	0.065
196	0.048
197	0.014
198	0.016
199	0.015
200	0.026
201	0.03
202	0.036
203	0.03
204	0.048
205	0.037
206	0.048
207	0.04
208	0.054
209	0.037
210	0.028
211	0.048
212	0.043
213	0.036
214	0.039
215	0.073
216	0.083
217	0.146
218	0.107
219	0.11
220	0.142
221	0.123
222	0.096
223	0.128
224	0.14
225	0.1
226	0.103
227	0.142
228	0.118
229	0.1
230	0.062
231	0.058
232	0.052
233	0.037
234	0.037
235	0.022
236	0.023
237	0.034
238	0.029
239	0.033
240	0.028
241	0.03
242	0.031
243	0.03
244	0.027
245	0.033
246	0.04
247	0.035
248	0.038
249	0.051
250	0.05
251	0.043
252	0.064
253	0.078
254	0.067
255	0.075
256	0.102
257	0.108
258	0.108
259	0.086
260	0.066
261	0.049
262	0.04
263	0.032
264	0.02
265	0.023
266	0.021
267	0.025
268	0.022
269	0.037
270	0.038
271	0.044
272	0.037
273	0.03
274	0.029
275	0.028
276	0.034
277	0.037
278	0.031
279	0.034
280	0.029
281	0.033
282	0.033
283	0.04
284	0.046
285	0.05
286	0.056
287	0.049
288	0.051
289	0.043
290	0.039
291	0.032
292	0.032
293	0.033
294	0.033
295	0.033
296	0.032
297	0.029
298	0.035
299	0.044
300	0.044
301	0.043
302	0.054
303	0.035
304	0.039
305	0.061
306	0.063
307	0.048
308	0.041
309	0.057
310	0.045
311	0.04
312	0.075
313	0.105
314	0.136
315	0.137
316	0.203
317	0.237
318	0.298
319	0.375
320	0.37
321	0.349
322	0.293
323	0.207
324	0.145
325	0.135
326	0.092
327	0.117
328	0.134
329	0.102
330	0.055
331	0.026
332	0.012
333	0.006
334	0.018
335	0.026
336	0.077
337	0.098
338	0.164
339	0.224
340	0.264
341	0.325
342	0.277
343	0.28
344	0.246
345	0.179
346	0.117
347	0.104
348	0.128
349	0.102
350	0.063
351	0.036
352	0.022
353	0.01
354	0.017
355	0.02
356	0.023
357	0.016
358	0.026
359	0.019
360	0.034
361	0.039
362	0.027
363	0.012
364	0.01
365	0.014
366	0.031
367	0.037
368	0.07
369	0.08
370	0.13
371	0.169
372	0.232
373	0.258
374	0.227
375	0.156
376	0.117
377	0.084
378	0.051
379	0.022
380	0.01
381	0.009
382	0.009
383	0.016
384	0.019
385	0.034
386	0.05
387	0.053
388	0.027
389	0.032
390	0.046
391	0.053
392	0.056
393	0.073
394	0.067
395	0.147
396	0.148
397	0.154
398	0.103
399	0.105
400	0.083
401	0.076
402	0.099
403	0.138
404	0.154
405	0.169
406	0.161
407	0.146
408	0.213
409	0.25
410	0.296
411	0.411
412	0.405
413	0.397
414	0.403
415	0.414
416	0.338
417	0.272
418	0.278
419	0.202
420	0.158
421	0.166
422	0.169
423	0.239
424	0.275
425	0.266
426	0.345
427	0.321
428	0.367
429	0.351
430	0.312
431	0.241
432	0.222
433	0.177
434	0.168
435	0.124
436	0.165
437	0.032
438	0.024
439	0.011
440	0.013
441	0.018
442	0.023
443	0.027
444	0.029
445	0.035
446	0.043
447	0.054
448	0.064
449	0.062
450	0.047
451	0.033
452	0.023
453	0.013
454	0.01
455	0.008
456	0.006
457	0.021
458	0.031
459	0.044
460	0.022
461	0.012
462	0.016
463	0.012
464	0.006
465	0.01
466	0.01
467	0.004
468	0.006
469	0.011
470	0.007
471	0.008
472	0.014
473	0.016
474	0.014
475	0.016
476	0.009
477	0.002
478	0.003
479	0.015
480	0.029
481	0.07
482	0.075
483	0.073
484	0.102
485	0.17
486	0.264
487	0.217
488	0.206
489	0.3
490	0.401
491	0.522
492	0.487
493	0.47
494	0.485
495	0.346
496	0.3
497	0.2
498	0.167
499	0.113
500	0.08
501	0.09
502	0.065
503	0.032
504	0.04
505	0.06
506	0.035
507	0.023
508	0.044
509	0.059
510	0.041
511	0.047
512	0.021
513	0.02
514	0.009
515	0.004
516	0.014
517	0.021
518	0.039
519	0.056
520	0.067
521	0.101
522	0.19
523	0.227
524	0.257
525	0.272
526	0.373
527	0.546
528	0.55
529	0.391
530	0.448
531	0.569
532	0.432
533	0.342
534	0.277
535	0.237
536	0.321
537	0.265
538	0.173
539	0.207
540	0.246
541	0.154
542	0.131
543	0.205
544	0.173
545	0.101
546	0.145
547	0.2
548	0.138
549	0.103
550	0.175
551	0.194
552	0.129
553	0.141
554	0.14
555	0.107
556	0.041
557	0.032
558	0.01
559	0.005
560	0.005
561	0.01
562	0.025
563	0.046
564	0.085
565	0.095
566	0.138
567	0.22
568	0.246
569	0.33
570	0.322
571	0.328
572	0.229
573	0.213
574	0.166
575	0.197
576	0.273
577	0.262
578	0.271
579	0.172
580	0.16
581	0.228
582	0.178
583	0.118
584	0.09
585	0.045
586	0.062
587	0.035
588	0.012
589	0.026
590	0.031
591	0.008
592	0.016
593	0.048
594	0.037
595	0.04
596	0.083
597	0.105
598	0.095
599	0.088
600	0.099
601	0.042
602	0.022
603	0.004
604	0.006
605	0.017
606	0.025
607	0.06
608	0.069
609	0.092
610	0.091
611	0.084
612	0.117
613	0.159
614	0.224
615	0.197
616	0.251
617	0.171
618	0.138
619	0.184
620	0.16
621	0.095
622	0.115
623	0.137
624	0.081
625	0.057
626	0.098
627	0.082
628	0.037
629	0.063
630	0.094
631	0.051
632	0.035
633	0.009
634	0.012
635	0.013
636	0.023
637	0.027
638	0.031
639	0.026
640	0.042
641	0.032
642	0.043
643	0.037
644	0.047
645	0.033
646	0.024
647	0.04
648	0.036
649	0.03
650	0.033
651	0.068
652	0.078
653	0.132
654	0.098
655	0.103
656	0.131
657	0.11
658	0.088
659	0.117
660	0.125
661	0.088
662	0.091
663	0.123
664	0.1
665	0.087
666	0.054
667	0.052
668	0.046
669	0.034
670	0.034
671	0.02
672	0.021
673	0.03
674	0.027
675	0.029
676	0.025
677	0.026
678	0.028
679	0.028
680	0.025
681	0.031
682	0.037
683	0.032
684	0.035
685	0.048
686	0.045
687	0.039
688	0.06
689	0.074
690	0.062
691	0.069
692	0.094
693	0.099
694	0.098
695	0.078
696	0.059
697	0.045
698	0.037
699	0.029
700	0.018
701	0.021
702	0.019
703	0.022
704	0.021
705	0.036
706	0.037
707	0.044
708	0.036
709	0.029
710	0.028
711	0.026
712	0.032
713	0.034
714	0.028
715	0.032
716	0.027
717	0.031
718	0.031
719	0.038
720	0.044
721	0.051
722	0.06
723	0.052
724	0.051
725	0.041
726	0.037
727	0.03
728	0.029
729	0.029
730	0.03
731	0.03
732	0.029
733	0.025
734	0.032
735	0.041
736	0.041
737	0.04
738	0.053
739	0.038
740	0.034
741	0.064
742	0.051
743	0.044
744	0.044
745	0.072
746	0.055
747	0.055
748	0.082
749	0.115
750	0.146
751	0.152
752	0.225
753	0.263
754	0.338
755	0.402
756	0.4
757	0.373
758	0.306
759	0.218
760	0.153
761	0.138
762	0.091
763	0.11
764	0.126
765	0.097
766	0.048
767	0.022
768	0.01
769	0.007
770	0.02
771	0.025
772	0.078
773	0.098
774	0.167
775	0.233
776	0.268
777	0.332
778	0.29
779	0.291
780	0.257
781	0.185
782	0.118
783	0.102
784	0.131
785	0.107
786	0.066
787	0.038
788	0.025
789	0.012
790	0.017
791	0.02
792	0.024
793	0.018
794	0.028
795	0.018
796	0.031
797	0.035
798	0.025
799	0.011
800	0.009
801	0.014
802	0.032
803	0.041
804	0.076
805	0.087
806	0.146
807	0.183
808	0.253
809	0.28
810	0.247
811	0.172
812	0.128
813	0.091
814	0.052
815	0.022
816	0.012
817	0.009
818	0.01
819	0.017
820	0.02
821	0.037
822	0.055
823	0.059
824	0.03
825	0.035
826	0.05
827	0.059
828	0.067
829	0.084
830	0.085
831	0.172
832	0.178
833	0.175
834	0.115
835	0.118
836	0.093
837	0.082
838	0.108
839	0.151
840	0.168
841	0.186
842	0.177
843	0.161
844	0.234
845	0.27
846	0.309
847	0.43
848	0.433
849	0.423
850	0.42
851	0.425
852	0.338
853	0.268
854	0.28
855	0.207
856	0.169
857	0.177
858	0.188
859	0.267
860	0.311
861	0.295
862	0.376
863	0.374
864	0.413
865	0.388
866	0.344
867	0.266
868	0.25
869	0.201
870	0.196
871	0.154
872	0.183
