index	displacement
1	0.027
2	0.031
3	0.046
4	0.038
5	0.024
6	0.019
7	0.019
8	0.016
9	0.007
10	0.006
11	0.007
12	0.004
13	0.003
14	0.004
15	0.009
16	0.014
17	0.026
18	0.043
19	0.067
20	0.101
21	0.144
22	0.176
23	0.206
24	0.179
25	0.167
26	0.21
27	0.197
28	0.177
29	0.156
30	0.127
31	0.119
32	0.117
33	0.086
34	0.073
35	0.075
36	0.065
37	0.045
38	0.035
39	0.028
40	0.033
41	0.057
42	0.074
43	0.114
44	0.115
45	0.173
46	0.197
47	0.184
48	0.205
49	0.271
50	0.325
51	0.299
52	0.302
53	0.382
54	0.442
55	0.525
56	0.525
57	0.522
58	0.501
59	0.399
60	0.365
61	0.28
62	0.29
63	0.249
64	0.198
65	0.192
66	0.197
67	0.146
68	0.125
69	0.135
70	0.125
71	0.084
72	0.077
73	0.093
74	0.075
75	0.046
76	0.044
77	0.044
78	0.065
79	0.069
80	0.111
81	0.122
82	0.153
83	0.202
84	0.224
85	0.211
86	0.243
87	0.23
88	0.263
89	0.321
90	0.402
91	0.484
92	0.537
93	0.458
94	0.434
95	0.53
96	0.537
97	0.528
98	0.546
99	0.585
100	0.601
101	0.492
102	0.459
103	0.504
104	0.466
105	0.371
106	0.383
107	0.416
108	0.35
109	0.288
110	0.326
111	0.337
112	0.264
113	0.226
114	0.271
115	0.256
116	0.188
117	0.189
118	0.139
119	0.115
120	0.098
121	0.064
122	0.074
123	0.108
124	0.109
125	0.158
126	0.161
127	0.13
128	0.117
129	0.153
130	0.122
131	0.112
132	0.072
133	0.085
134	0.064
135	0.104
136	0.102
137	0.15
138	0.18
139	0.178
140	0.251
141	0.289
142	0.372
143	0.334
144	0.308
145	0.391
146	0.437
147	0.411
148	0.335
149	0.35
150	0.325
151	0.246
152	0.277
153	0.329
154	0.272
155	0.231
156	0.292
157	0.311
158	0.238
159	0.232
160	0.292
161	0.272
162	0.207
163	0.193
164	0.138
165	0.117
166	0.094
167	0.119
168	0.094
169	0.101
170	0.076
171	0.059
172	0.037
173	0.025
174	0.027
175	0.011
176	0.009
177	0.026
178	0.029
179	0.028
180	0.059
181	0.061
182	0.048
183	0.078
184	0.106
185	0.097
186	0.096
187	0.145
188	0.164
189	0.143
190	0.168
191	0.223
192	0.22
193	0.21
194	0.269
195	0.315
196	0.289
197	0.26
198	0.219
199	0.152
200	0.108
201	0.076
202	0.06
203	0.042
204	0.022
205	0.027
206	0.011
207	0.02
208	0.013
209	0.023
210	0.023
211	0.018
212	0.011
213	0.012
214	0.005
215	0.004
216	0.011
217	0.014
218	0.006
219	0.014
220	0.03
221	0.028
222	0.026
223	0.045
224	0.066
225	0.067
226	0.064
227	0.101
228	0.124
229	0.117
230	0.087
231	0.052
232	0.033
233	0.021
234	0.012
235	0.026
236	0.029
237	0.016
238	0.022
239	0.019
240	0.025
241	0.033
242	0.03
243	0.027
244	0.027
245	0.021
246	0.014
247	0.014
248	0.014
249	0.008
250	0.003
251	0.004
252	0.006
253	0.004
254	0.004
255	0.006
256	0.017
257	0.02
258	0.028
259	0.032
260	0.015
261	0.013
262	0.007
263	0.009
264	0.019
265	0.025
266	0.039
267	0.056
268	0.058
269	0.062
270	0.061
271	0.084
272	0.078
273	0.057
274	0.057
275	0.043
276	0.058
277	0.051
278	0.038
279	0.047
280	0.035
281	0.037
282	0.035
283	0.051
284	0.068
285	0.088
286	0.096
287	0.072
288	0.067
289	0.052
290	0.047
291	0.043
292	0.031
293	0.034
294	0.038
295	0.029
296	0.02
297	0.026
298	0.028
299	0.018
300	0.014
301	0.021
302	0.021
303	0.028
304	0.035
305	0.035
306	0.033
307	0.03
308	0.035
309	0.039
310	0.036
311	0.036
312	0.04
313	0.048
314	0.053
315	0.055
316	0.063
317	0.068
318	0.077
319	0.084
320	0.079
321	0.076
322	0.067
323	0.058
324	0.054
325	0.048
326	0.042
327	0.042
328	0.038
329	0.03
330	0.025
331	0.022
332	0.019
333	0.02
334	0.022
335	0.026
336	0.044
337	0.048
338	0.056
339	0.061
340	0.062
341	0.065
342	0.06
343	0.057
344	0.052
345	0.046
346	0.04
347	0.043
348	0.047
349	0.046
350	0.045
351	0.039
352	0.041
353	0.037
354	0.034
355	0.038
356	0.041
357	0.042
358	0.042
359	0.038
360	0.037
361	0.033
362	0.033
363	0.033
364	0.035
365	0.038
366	0.045
367	0.043
368	0.049
369	0.045
370	0.052
371	0.056
372	0.068
373	0.075
374	0.07
375	0.059
376	0.054
377	0.052
378	0.042
379	0.035
380	0.03
381	0.03
382	0.036
383	0.039
384	0.04
385	0.043
386	0.046
387	0.048
388	0.045
389	0.047
390	0.052
391	0.05
392	0.051
393	0.054
394	0.054
395	0.069
396	0.066
397	0.065
398	0.06
399	0.06
400	0.061
401	0.057
402	0.06
403	0.065
404	0.065
405	0.068
406	0.069
407	0.065
408	0.071
409	0.073
410	0.075
411	0.085
412	0.086
413	0.082
414	0.082
415	0.079
416	0.07
417	0.065
418	0.068
419	0.062
420	0.062
421	0.063
422	0.065
423	0.075
424	0.08
425	0.078
426	0.085
427	0.085
428	0.087
429	0.085
430	0.079
431	0.075
432	0.071
433	0.065
434	0.064
435	0.055
436	0.057
437	0.021
438	0.024
439	0.038
440	0.031
441	0.018
442	0.014
443	0.013
444	0.011
445	0.004
446	0.003
447	0.005
448	0.004
449	0.003
450	0.003
451	0.008
452	0.011
453	0.023
454	0.039
455	0.063
456	0.096
457	0.139
458	0.171
459	0.201
460	0.171
461	0.16
462	0.201
463	0.185
464	0.164
465	0.141
466	0.115
467	0.109
468	0.104
469	0.076
470	0.064
471	0.066
472	0.056
473	0.038
474	0.03
475	0.024
476	0.031
477	0.055
478	0.071
479	0.11
480	0.109
481	0.166
482	0.192
483	0.183
484	0.201
485	0.267
486	0.319
487	0.294
488	0.3
489	0.382
490	0.436
491	0.527
492	0.54
493	0.533
494	0.506
495	0.405
496	0.365
497	0.281
498	0.29
499	0.246
500	0.196
501	0.194
502	0.194
503	0.142
504	0.126
505	0.14
506	0.121
507	0.082
508	0.077
509	0.093
510	0.07
511	0.044
512	0.043
513	0.044
514	0.065
515	0.07
516	0.112
517	0.121
518	0.152
519	0.203
520	0.226
521	0.211
522	0.239
523	0.222
524	0.255
525	0.315
526	0.395
527	0.475
528	0.533
529	0.454
530	0.43
531	0.529
532	0.525
533	0.509
534	0.544
535	0.588
536	0.599
537	0.488
538	0.462
539	0.509
540	0.471
541	0.376
542	0.393
543	0.429
544	0.357
545	0.297
546	0.34
547	0.349
548	0.272
549	0.236
550	0.284
551	0.266
552	0.196
553	0.201
554	0.152
555	0.123
556	0.104
557	0.069
558	0.079
559	0.113
560	0.111
561	0.161
562	0.163
563	0.129
564	0.116
565	0.153
566	0.121
567	0.11
568	0.07
569	0.076
570	0.055
571	0.091
572	0.096
573	0.145
574	0.178
575	0.173
576	0.24
577	0.279
578	0.362
579	0.328
580	0.305
581	0.384
582	0.438
583	0.411
584	0.338
585	0.358
586	0.331
587	0.252
588	0.285
589	0.34
590	0.28
591	0.241
592	0.307
593	0.324
594	0.25
595	0.246
596	0.309
597	0.289
598	0.222
599	0.21
600	0.152
601	0.127
602	0.104
603	0.129
604	0.099
605	0.105
606	0.077
607	0.06
608	0.036
609	0.023
610	0.027
611	0.011
612	0.01
613	0.028
614	0.029
615	0.027
616	0.058
617	0.061
618	0.048
619	0.08
620	0.109
621	0.102
622	0.104
623	0.153
624	0.172
625	0.152
626	0.18
627	0.235
628	0.233
629	0.226
630	0.286
631	0.335
632	0.313
633	0.277
634	0.233
635	0.161
636	0.117
637	0.082
638	0.065
639	0.045
640	0.023
641	0.026
642	0.01
643	0.019
644	0.011
645	0.021
646	0.021
647	0.018
648	0.009
649	0.01
650	0.004
651	0.004
652	0.013
653	0.017
654	0.009
655	0.019
656	0.037
657	0.032
658	0.03
659	0.053
660	0.073
661	0.073
662	0.071
663	0.111
664	0.134
665	0.129
666	0.096
667	0.058
668	0.037
669	0.023
670	0.012
671	0.025
672	0.028
673	0.014
674	0.02
675	0.017
676	0.023
677	0.031
678	0.028
679	0.025
680	0.026
681	0.02
682	0.012
683	0.012
684	0.012
685	0.007
686	0.002
687	0.002
688	0.007
689	0.007
690	0.005
691	0.007
692	0.021
693	0.027
694	0.034
695	0.038
696	0.019
697	0.015
698	0.007
699	0.007
700	0.017
701	0.022
702	0.037
703	0.052
704	0.054
705	0.059
706	0.057
707	0.08
708	0.074
709	0.053
710	0.054
711	0.042
712	0.055
713	0.049
714	0.036
715	0.045
716	0.033
717	0.034
718	0.033
719	0.047
720	0.063
721	0.082
722	0.087
723	0.069
724	0.062
725	0.049
726	0.046
727	0.042
728	0.03
729	0.032
730	0.036
731	0.026
732	0.017
733	0.021
734	0.024
735	0.014
736	0.01
737	0.017
738	0.018
739	0.025
740	0.029
741	0.031
742	0.022
743	0.023
744	0.031
745	0.037
746	0.035
747	0.036
748	0.04
749	0.047
750	0.054
751	0.055
752	0.064
753	0.069
754	0.079
755	0.084
756	0.079
757	0.075
758	0.066
759	0.058
760	0.054
761	0.048
762	0.042
763	0.042
764	0.039
765	0.03
766	0.024
767	0.02
768	0.018
769	0.019
770	0.022
771	0.027
772	0.045
773	0.048
774	0.056
775	0.062
776	0.062
777	0.064
778	0.06
779	0.057
780	0.051
781	0.045
782	0.04
783	0.042
784	0.047
785	0.046
786	0.045
787	0.04
788	0.042
789	0.038
790	0.034
791	0.038
792	0.041
793	0.042
794	0.043
795	0.039
796	0.037
797	0.033
798	0.034
799	0.033
800	0.035
801	0.039
802	0.045
803	0.044
804	0.05
805	0.046
806	0.054
807	0.059
808	0.07
809	0.077
810	0.072
811	0.061
812	0.056
813	0.053
814	0.043
815	0.036
816	0.031
817	0.031
818	0.037
819	0.039
820	0.041
821	0.045
822	0.047
823	0.05
824	0.046
825	0.048
826	0.052
827	0.05
828	0.052
829	0.055
830	0.057
831	0.073
832	0.069
833	0.067
834	0.062
835	0.062
836	0.063
837	0.058
838	0.062
839	0.066
840	0.067
841	0.07
842	0.071
843	0.066
844	0.073
845	0.075
846	0.076
847	0.085
848	0.087
849	0.083
850	0.082
851	0.079
852	0.069
853	0.064
854	0.068
855	0.062
856	0.063
857	0.064
858	0.067
859	0.078
860	0.083
861	0.08
862	0.087
863	0.089
864	0.09
865	0.086
866	0.08
867	0.076
868	0.072
869	0.066
870	0.066
871	0.057
872	0.057
