index	displacement
1	0.293
2	0.221
3	0.228
4	0.2
5	0.143
6	0.164
7	0.218
8	0.175
9	0.143
10	0.201
11	0.227
12	0.192
13	0.203
14	0.144
15	0.124
16	0.1
17	0.09
18	0.078
19	0.065
20	0.108
21	0.134
22	0.16
23	0.214
24	0.24
25	0.252
26	0.347
27	0.357
28	0.401
29	0.353
30	0.258
31	0.273
32	0.331
33	0.244
34	0.192
35	0.246
36	0.27
37	0.191
38	0.161
39	0.177
40	0.123
41	0.094
42	0.044
43	0.045
44	0.051
45	0.05
46	0.048
47	0.011
48	0.023
49	0.05
50	0.098
51	0.057
52	0.019
53	0.055
54	0.111
55	0.149
56	0.166
57	0.114
58	0.058
59	0.018
60	0.018
61	0.02
62	0.076
63	0.089
64	0.048
65	0.087
66	0.145
67	0.118
68	0.112
69	0.191
70	0.223
71	0.185
72	0.232
73	0.315
74	0.306
75	0.295
76	0.207
77	0.158
78	0.09
79	0.043
80	0.018
81	0.005
82	0.013
83	0.041
84	0.092
85	0.107
86	0.195
87	0.167
88	0.157
89	0.171
90	0.209
91	0.354
92	0.354
93	0.307
94	0.391
95	0.544
96	0.514
97	0.606
98	0.673
99	0.641
100	0.543
101	0.42
102	0.414
103	0.377
104	0.263
105	0.206
106	0.232
107	0.175
108	0.096
109	0.096
110	0.125
111	0.062
112	0.029
113	0.069
114	0.094
115	0.052
116	0.071
117	0.133
118	0.192
119	0.143
120	0.092
121	0.123
122	0.073
123	0.041
124	0.025
125	0.059
126	0.074
127	0.051
128	0.075
129	0.14
130	0.148
131	0.186
132	0.158
133	0.221
134	0.184
135	0.238
136	0.188
137	0.254
138	0.275
139	0.265
140	0.428
141	0.394
142	0.456
143	0.349
144	0.403
145	0.577
146	0.557
147	0.585
148	0.506
149	0.483
150	0.356
151	0.254
152	0.338
153	0.345
154	0.213
155	0.221
156	0.328
157	0.26
158	0.177
159	0.262
160	0.308
161	0.198
162	0.202
163	0.295
164	0.267
165	0.153
166	0.141
167	0.11
168	0.065
169	0.06
170	0.022
171	0.022
172	0.018
173	0.02
174	0.02
175	0.009
176	0.012
177	0.031
178	0.042
179	0.059
180	0.122
181	0.1
182	0.068
183	0.125
184	0.159
185	0.119
186	0.135
187	0.217
188	0.221
189	0.192
190	0.255
191	0.345
192	0.326
193	0.345
194	0.457
195	0.53
196	0.492
197	0.387
198	0.313
199	0.198
200	0.181
201	0.087
202	0.055
203	0.019
204	0.009
205	0.004
206	0.007
207	0.014
208	0.025
209	0.03
210	0.027
211	0.028
212	0.025
213	0.025
214	0.018
215	0.007
216	0.013
217	0.013
218	0.012
219	0.03
220	0.039
221	0.039
222	0.049
223	0.091
224	0.104
225	0.106
226	0.136
227	0.203
228	0.223
229	0.245
230	0.148
231	0.111
232	0.061
233	0.036
234	0.022
235	0.015
236	0.014
237	0.023
238	0.032
239	0.032
240	0.036
241	0.045
242	0.043
243	0.033
244	0.037
245	0.026
246	0.021
247	0.031
248	0.036
249	0.022
250	0.02
251	0.042
252	0.05
253	0.033
254	0.049
255	0.085
256	0.088
257	0.092
258	0.16
259	0.141
260	0.089
261	0.092
262	0.076
263	0.052
264	0.045
265	0.047
266	0.045
267	0.078
268	0.109
269	0.11
270	0.097
271	0.121
272	0.112
273	0.08
274	0.068
275	0.068
276	0.088
277	0.088
278	0.065
279	0.074
280	0.053
281	0.063
282	0.076
283	0.104
284	0.121
285	0.152
286	0.192
287	0.17
288	0.145
289	0.109
290	0.078
291	0.052
292	0.052
293	0.071
294	0.073
295	0.051
296	0.054
297	0.083
298	0.072
299	0.058
300	0.088
301	0.115
302	0.09
303	0.055
304	0.031
305	0.029
306	0.029
307	0.031
308	0.026
309	0.024
310	0.024
311	0.024
312	0.023
313	0.023
314	0.023
315	0.021
316	0.021
317	0.021
318	0.021
319	0.021
320	0.022
321	0.021
322	0.024
323	0.023
324	0.023
325	0.027
326	0.029
327	0.034
328	0.038
329	0.034
330	0.035
331	0.031
332	0.03
333	0.028
334	0.028
335	0.031
336	0.029
337	0.029
338	0.028
339	0.026
340	0.028
341	0.03
342	0.027
343	0.032
344	0.033
345	0.032
346	0.029
347	0.029
348	0.026
349	0.024
350	0.023
351	0.023
352	0.027
353	0.029
354	0.033
355	0.035
356	0.034
357	0.029
358	0.025
359	0.025
360	0.025
361	0.026
362	0.025
363	0.026
364	0.026
365	0.026
366	0.026
367	0.025
368	0.022
369	0.023
370	0.028
371	0.028
372	0.035
373	0.036
374	0.037
375	0.034
376	0.032
377	0.026
378	0.027
379	0.027
380	0.028
381	0.028
382	0.029
383	0.035
384	0.035
385	0.041
386	0.042
387	0.041
388	0.037
389	0.038
390	0.037
391	0.04
392	0.033
393	0.041
394	0.039
395	0.039
396	0.029
397	0.035
398	0.035
399	0.038
400	0.039
401	0.043
402	0.047
403	0.04
404	0.04
405	0.037
406	0.033
407	0.024
408	0.025
409	0.025
410	0.031
411	0.033
412	0.027
413	0.028
414	0.025
415	0.03
416	0.032
417	0.035
418	0.031
419	0.031
420	0.027
421	0.028
422	0.029
423	0.031
424	0.038
425	0.034
426	0.037
427	0.03
428	0.026
429	0.022
430	0.023
431	0.024
432	0.024
433	0.022
434	0.022
435	0.022
436	0.023
437	0.289
438	0.222
439	0.226
440	0.197
441	0.142
442	0.165
443	0.218
444	0.178
445	0.144
446	0.203
447	0.224
448	0.188
449	0.205
450	0.147
451	0.128
452	0.103
453	0.091
454	0.076
455	0.064
456	0.106
457	0.128
458	0.159
459	0.21
460	0.23
461	0.246
462	0.34
463	0.342
464	0.387
465	0.334
466	0.245
467	0.262
468	0.316
469	0.233
470	0.183
471	0.236
472	0.263
473	0.187
474	0.157
475	0.176
476	0.123
477	0.094
478	0.044
479	0.045
480	0.049
481	0.049
482	0.048
483	0.012
484	0.022
485	0.049
486	0.097
487	0.059
488	0.02
489	0.054
490	0.113
491	0.156
492	0.174
493	0.116
494	0.062
495	0.02
496	0.02
497	0.023
498	0.082
499	0.089
500	0.05
501	0.092
502	0.15
503	0.117
504	0.113
505	0.19
506	0.221
507	0.184
508	0.234
509	0.313
510	0.307
511	0.299
512	0.21
513	0.161
514	0.093
515	0.045
516	0.019
517	0.005
518	0.012
519	0.037
520	0.086
521	0.103
522	0.186
523	0.161
524	0.154
525	0.172
526	0.21
527	0.35
528	0.342
529	0.296
530	0.384
531	0.528
532	0.491
533	0.569
534	0.648
535	0.62
536	0.524
537	0.405
538	0.397
539	0.357
540	0.25
541	0.198
542	0.215
543	0.161
544	0.089
545	0.088
546	0.109
547	0.051
548	0.024
549	0.059
550	0.078
551	0.041
552	0.062
553	0.119
554	0.175
555	0.132
556	0.086
557	0.121
558	0.074
559	0.041
560	0.024
561	0.056
562	0.069
563	0.047
564	0.071
565	0.134
566	0.14
567	0.174
568	0.146
569	0.199
570	0.159
571	0.21
572	0.173
573	0.243
574	0.265
575	0.246
576	0.404
577	0.373
578	0.432
579	0.331
580	0.388
581	0.555
582	0.546
583	0.565
584	0.494
585	0.466
586	0.341
587	0.244
588	0.323
589	0.33
590	0.203
591	0.212
592	0.311
593	0.241
594	0.165
595	0.245
596	0.286
597	0.18
598	0.185
599	0.275
600	0.254
601	0.148
602	0.14
603	0.11
604	0.066
605	0.06
606	0.022
607	0.022
608	0.017
609	0.018
610	0.02
611	0.011
612	0.014
613	0.037
614	0.046
615	0.059
616	0.12
617	0.097
618	0.069
619	0.128
620	0.162
621	0.121
622	0.143
623	0.225
624	0.225
625	0.195
626	0.264
627	0.35
628	0.326
629	0.351
630	0.463
631	0.535
632	0.495
633	0.381
634	0.304
635	0.196
636	0.181
637	0.091
638	0.059
639	0.021
640	0.011
641	0.004
642	0.006
643	0.013
644	0.022
645	0.027
646	0.025
647	0.025
648	0.023
649	0.022
650	0.016
651	0.006
652	0.015
653	0.018
654	0.017
655	0.036
656	0.051
657	0.047
658	0.057
659	0.101
660	0.114
661	0.114
662	0.144
663	0.212
664	0.232
665	0.255
666	0.155
667	0.117
668	0.066
669	0.04
670	0.024
671	0.016
672	0.014
673	0.022
674	0.03
675	0.03
676	0.033
677	0.04
678	0.04
679	0.03
680	0.035
681	0.025
682	0.019
683	0.028
684	0.035
685	0.021
686	0.019
687	0.041
688	0.053
689	0.037
690	0.052
691	0.09
692	0.097
693	0.101
694	0.164
695	0.147
696	0.093
697	0.097
698	0.08
699	0.055
700	0.045
701	0.045
702	0.042
703	0.075
704	0.105
705	0.106
706	0.091
707	0.115
708	0.107
709	0.075
710	0.063
711	0.064
712	0.082
713	0.08
714	0.059
715	0.068
716	0.05
717	0.06
718	0.072
719	0.097
720	0.109
721	0.138
722	0.176
723	0.158
724	0.131
725	0.102
726	0.075
727	0.054
728	0.051
729	0.069
730	0.073
731	0.051
732	0.052
733	0.082
734	0.075
735	0.057
736	0.087
737	0.118
738	0.097
739	0.064
740	0.036
741	0.035
742	0.024
743	0.026
744	0.025
745	0.024
746	0.024
747	0.024
748	0.024
749	0.023
750	0.023
751	0.022
752	0.022
753	0.022
754	0.021
755	0.022
756	0.023
757	0.023
758	0.026
759	0.025
760	0.025
761	0.029
762	0.031
763	0.036
764	0.039
765	0.036
766	0.037
767	0.032
768	0.031
769	0.029
770	0.029
771	0.032
772	0.031
773	0.03
774	0.03
775	0.028
776	0.031
777	0.031
778	0.029
779	0.034
780	0.034
781	0.033
782	0.03
783	0.03
784	0.027
785	0.025
786	0.024
787	0.023
788	0.026
789	0.029
790	0.032
791	0.035
792	0.035
793	0.029
794	0.025
795	0.025
796	0.026
797	0.027
798	0.025
799	0.026
800	0.027
801	0.027
802	0.026
803	0.026
804	0.022
805	0.025
806	0.03
807	0.03
808	0.036
809	0.038
810	0.039
811	0.036
812	0.035
813	0.027
814	0.028
815	0.028
816	0.028
817	0.029
818	0.03
819	0.036
820	0.035
821	0.041
822	0.043
823	0.042
824	0.038
825	0.038
826	0.037
827	0.039
828	0.033
829	0.039
830	0.037
831	0.039
832	0.028
833	0.035
834	0.035
835	0.038
836	0.039
837	0.044
838	0.048
839	0.04
840	0.04
841	0.038
842	0.033
843	0.025
844	0.026
845	0.027
846	0.033
847	0.036
848	0.029
849	0.031
850	0.028
851	0.033
852	0.035
853	0.038
854	0.034
855	0.034
856	0.028
857	0.029
858	0.031
859	0.033
860	0.038
861	0.034
862	0.036
863	0.03
864	0.027
865	0.023
866	0.024
867	0.025
868	0.024
869	0.023
870	0.022
871	0.022
872	0.023
