index	displacement
1	0.058
2	0.046
3	0.058
4	0.064
5	0.055
6	0.063
7	0.062
8	0.043
9	0.041
10	0.053
11	0.045
12	0.043
13	0.055
14	0.046
15	0.053
16	0.053
17	0.066
18	0.083
19	0.095
20	0.139
21	0.179
22	0.212
23	0.268
24	0.264
25	0.264
26	0.344
27	0.314
28	0.289
29	0.243
30	0.206
31	0.204
32	0.203
33	0.149
34	0.136
35	0.15
36	0.145
37	0.1
38	0.096
39	0.088
40	0.077
41	0.084
42	0.061
43	0.078
44	0.095
45	0.088
46	0.085
47	0.037
48	0.043
49	0.045
50	0.088
51	0.058
52	0.019
53	0.028
54	0.061
55	0.077
56	0.11
57	0.088
58	0.03
59	0.014
60	0.03
61	0.059
62	0.136
63	0.136
64	0.091
65	0.139
66	0.198
67	0.151
68	0.134
69	0.209
70	0.219
71	0.161
72	0.187
73	0.25
74	0.206
75	0.175
76	0.136
77	0.099
78	0.073
79	0.035
80	0.023
81	0.025
82	0.026
83	0.032
84	0.08
85	0.119
86	0.232
87	0.223
88	0.2
89	0.174
90	0.181
91	0.306
92	0.283
93	0.267
94	0.378
95	0.503
96	0.465
97	0.56
98	0.612
99	0.565
100	0.475
101	0.371
102	0.362
103	0.323
104	0.217
105	0.167
106	0.188
107	0.145
108	0.071
109	0.07
110	0.107
111	0.062
112	0.032
113	0.06
114	0.103
115	0.081
116	0.08
117	0.123
118	0.146
119	0.116
120	0.056
121	0.058
122	0.026
123	0.016
124	0.016
125	0.03
126	0.054
127	0.064
128	0.1
129	0.138
130	0.17
131	0.247
132	0.249
133	0.27
134	0.235
135	0.233
136	0.181
137	0.219
138	0.252
139	0.298
140	0.482
141	0.437
142	0.455
143	0.332
144	0.384
145	0.55
146	0.497
147	0.502
148	0.425
149	0.374
150	0.283
151	0.187
152	0.228
153	0.247
154	0.146
155	0.133
156	0.211
157	0.181
158	0.111
159	0.158
160	0.219
161	0.151
162	0.142
163	0.183
164	0.155
165	0.064
166	0.041
167	0.03
168	0.018
169	0.029
170	0.031
171	0.047
172	0.07
173	0.069
174	0.056
175	0.058
176	0.076
177	0.079
178	0.124
179	0.138
180	0.158
181	0.134
182	0.088
183	0.103
184	0.123
185	0.085
186	0.079
187	0.121
188	0.116
189	0.079
190	0.094
191	0.158
192	0.14
193	0.103
194	0.148
195	0.226
196	0.194
197	0.18
198	0.141
199	0.07
200	0.043
201	0.015
202	0.02
203	0.021
204	0.037
205	0.043
206	0.057
207	0.066
208	0.07
209	0.072
210	0.064
211	0.09
212	0.071
213	0.078
214	0.07
215	0.099
216	0.084
217	0.079
218	0.059
219	0.049
220	0.053
221	0.047
222	0.03
223	0.024
224	0.036
225	0.03
226	0.015
227	0.019
228	0.037
229	0.029
230	0.02
231	0.011
232	0.013
233	0.02
234	0.033
235	0.037
236	0.052
237	0.059
238	0.07
239	0.068
240	0.079
241	0.073
242	0.065
243	0.046
244	0.044
245	0.048
246	0.049
247	0.049
248	0.048
249	0.051
250	0.047
251	0.046
252	0.044
253	0.042
254	0.031
255	0.03
256	0.027
257	0.021
258	0.011
259	0.012
260	0.015
261	0.025
262	0.031
263	0.039
264	0.049
265	0.066
266	0.078
267	0.093
268	0.101
269	0.103
270	0.107
271	0.136
272	0.127
273	0.106
274	0.11
275	0.107
276	0.119
277	0.13
278	0.103
279	0.099
280	0.077
281	0.071
282	0.069
283	0.081
284	0.105
285	0.141
286	0.151
287	0.114
288	0.077
289	0.054
290	0.051
291	0.039
292	0.046
293	0.048
294	0.047
295	0.047
296	0.046
297	0.045
298	0.052
299	0.051
300	0.04
301	0.041
302	0.05
303	0.074
304	0.135
305	0.179
306	0.17
307	0.134
308	0.088
309	0.073
310	0.06
311	0.031
312	0.041
313	0.065
314	0.082
315	0.096
316	0.132
317	0.156
318	0.2
319	0.234
320	0.218
321	0.199
322	0.156
323	0.111
324	0.087
325	0.068
326	0.052
327	0.066
328	0.049
329	0.022
330	0.028
331	0.019
332	0.033
333	0.033
334	0.05
335	0.046
336	0.077
337	0.069
338	0.106
339	0.126
340	0.129
341	0.141
342	0.119
343	0.1
344	0.069
345	0.043
346	0.03
347	0.04
348	0.054
349	0.045
350	0.04
351	0.029
352	0.03
353	0.026
354	0.031
355	0.029
356	0.03
357	0.028
358	0.027
359	0.021
360	0.021
361	0.017
362	0.014
363	0.019
364	0.024
365	0.026
366	0.035
367	0.04
368	0.047
369	0.067
370	0.082
371	0.084
372	0.12
373	0.148
374	0.155
375	0.114
376	0.102
377	0.069
378	0.052
379	0.033
380	0.03
381	0.029
382	0.024
383	0.024
384	0.023
385	0.032
386	0.03
387	0.039
388	0.033
389	0.031
390	0.041
391	0.051
392	0.07
393	0.082
394	0.107
395	0.137
396	0.138
397	0.117
398	0.083
399	0.07
400	0.052
401	0.038
402	0.041
403	0.062
404	0.067
405	0.092
406	0.101
407	0.099
408	0.138
409	0.162
410	0.194
411	0.255
412	0.246
413	0.239
414	0.23
415	0.226
416	0.176
417	0.162
418	0.175
419	0.143
420	0.113
421	0.116
422	0.106
423	0.139
424	0.149
425	0.15
426	0.197
427	0.202
428	0.226
429	0.226
430	0.197
431	0.158
432	0.16
433	0.138
434	0.14
435	0.112
436	0.122
437	0.062
438	0.047
439	0.056
440	0.064
441	0.055
442	0.067
443	0.067
444	0.048
445	0.047
446	0.06
447	0.052
448	0.049
449	0.062
450	0.053
451	0.061
452	0.058
453	0.07
454	0.084
455	0.097
456	0.139
457	0.175
458	0.204
459	0.25
460	0.247
461	0.25
462	0.325
463	0.293
464	0.276
465	0.221
466	0.189
467	0.192
468	0.191
469	0.138
470	0.126
471	0.141
472	0.137
473	0.095
474	0.095
475	0.093
476	0.083
477	0.087
478	0.064
479	0.08
480	0.098
481	0.094
482	0.089
483	0.041
484	0.056
485	0.066
486	0.123
487	0.076
488	0.027
489	0.051
490	0.104
491	0.138
492	0.176
493	0.127
494	0.055
495	0.019
496	0.023
497	0.045
498	0.12
499	0.125
500	0.085
501	0.128
502	0.187
503	0.144
504	0.13
505	0.201
506	0.211
507	0.159
508	0.188
509	0.25
510	0.209
511	0.186
512	0.142
513	0.103
514	0.076
515	0.038
516	0.024
517	0.029
518	0.034
519	0.04
520	0.093
521	0.138
522	0.262
523	0.261
524	0.25
525	0.232
526	0.256
527	0.409
528	0.379
529	0.341
530	0.469
531	0.613
532	0.556
533	0.626
534	0.678
535	0.633
536	0.558
537	0.436
538	0.404
539	0.362
540	0.261
541	0.197
542	0.201
543	0.16
544	0.086
545	0.072
546	0.099
547	0.055
548	0.025
549	0.047
550	0.079
551	0.053
552	0.057
553	0.096
554	0.12
555	0.092
556	0.046
557	0.055
558	0.025
559	0.015
560	0.018
561	0.03
562	0.056
563	0.069
564	0.101
565	0.133
566	0.155
567	0.231
568	0.235
569	0.24
570	0.201
571	0.192
572	0.152
573	0.191
574	0.23
575	0.283
576	0.483
577	0.463
578	0.497
579	0.356
580	0.393
581	0.576
582	0.537
583	0.508
584	0.413
585	0.364
586	0.286
587	0.182
588	0.213
589	0.242
590	0.146
591	0.125
592	0.198
593	0.171
594	0.102
595	0.141
596	0.199
597	0.134
598	0.122
599	0.161
600	0.138
601	0.055
602	0.037
603	0.027
604	0.017
605	0.027
606	0.032
607	0.049
608	0.068
609	0.065
610	0.054
611	0.056
612	0.07
613	0.073
614	0.113
615	0.123
616	0.133
617	0.118
618	0.075
619	0.083
620	0.103
621	0.074
622	0.063
623	0.098
624	0.1
625	0.065
626	0.074
627	0.132
628	0.12
629	0.086
630	0.122
631	0.201
632	0.184
633	0.168
634	0.13
635	0.059
636	0.038
637	0.013
638	0.019
639	0.023
640	0.038
641	0.043
642	0.055
643	0.058
644	0.059
645	0.055
646	0.047
647	0.068
648	0.059
649	0.065
650	0.058
651	0.083
652	0.073
653	0.073
654	0.056
655	0.047
656	0.047
657	0.045
658	0.03
659	0.023
660	0.03
661	0.025
662	0.013
663	0.015
664	0.03
665	0.025
666	0.016
667	0.012
668	0.015
669	0.023
670	0.036
671	0.04
672	0.05
673	0.056
674	0.059
675	0.053
676	0.059
677	0.052
678	0.049
679	0.035
680	0.035
681	0.04
682	0.04
683	0.041
684	0.04
685	0.045
686	0.042
687	0.043
688	0.04
689	0.039
690	0.03
691	0.03
692	0.025
693	0.021
694	0.013
695	0.015
696	0.018
697	0.03
698	0.037
699	0.042
700	0.051
701	0.063
702	0.075
703	0.086
704	0.09
705	0.084
706	0.085
707	0.108
708	0.107
709	0.088
710	0.092
711	0.086
712	0.092
713	0.098
714	0.076
715	0.074
716	0.06
717	0.057
718	0.056
719	0.063
720	0.08
721	0.104
722	0.118
723	0.09
724	0.059
725	0.045
726	0.04
727	0.03
728	0.037
729	0.04
730	0.038
731	0.038
732	0.04
733	0.04
734	0.042
735	0.044
736	0.038
737	0.039
738	0.047
739	0.057
740	0.131
741	0.204
742	0.151
743	0.107
744	0.065
745	0.059
746	0.048
747	0.029
748	0.037
749	0.061
750	0.079
751	0.093
752	0.131
753	0.157
754	0.2
755	0.23
756	0.224
757	0.198
758	0.16
759	0.115
760	0.092
761	0.079
762	0.066
763	0.086
764	0.07
765	0.033
766	0.038
767	0.026
768	0.041
769	0.042
770	0.063
771	0.06
772	0.09
773	0.08
774	0.119
775	0.139
776	0.143
777	0.154
778	0.127
779	0.108
780	0.073
781	0.052
782	0.036
783	0.049
784	0.06
785	0.047
786	0.041
787	0.027
788	0.028
789	0.022
790	0.024
791	0.022
792	0.025
793	0.026
794	0.027
795	0.023
796	0.027
797	0.023
798	0.018
799	0.024
800	0.032
801	0.032
802	0.04
803	0.045
804	0.054
805	0.077
806	0.089
807	0.084
808	0.118
809	0.146
810	0.161
811	0.121
812	0.115
813	0.077
814	0.06
815	0.042
816	0.04
817	0.038
818	0.032
819	0.032
820	0.027
821	0.037
822	0.03
823	0.041
824	0.036
825	0.029
826	0.037
827	0.044
828	0.064
829	0.075
830	0.103
831	0.129
832	0.133
833	0.11
834	0.077
835	0.065
836	0.049
837	0.032
838	0.037
839	0.057
840	0.059
841	0.086
842	0.097
843	0.1
844	0.142
845	0.17
846	0.202
847	0.261
848	0.252
849	0.254
850	0.241
851	0.244
852	0.194
853	0.181
854	0.188
855	0.156
856	0.123
857	0.122
858	0.109
859	0.139
860	0.143
861	0.141
862	0.189
863	0.203
864	0.224
865	0.222
866	0.198
867	0.154
868	0.155
869	0.133
870	0.134
871	0.108
872	0.109
