index	displacement
1	0.093
2	0.093
3	0.094
4	0.088
5	0.075
6	0.062
7	0.073
8	0.075
9	0.06
10	0.057
11	0.065
12	0.051
13	0.041
14	0.037
15	0.041
16	0.055
17	0.054
18	0.071
19	0.056
20	0.079
21	0.103
22	0.112
23	0.138
24	0.125
25	0.107
26	0.125
27	0.132
28	0.124
29	0.121
30	0.098
31	0.101
32	0.123
33	0.105
34	0.083
35	0.095
36	0.107
37	0.089
38	0.069
39	0.052
40	0.038
41	0.044
42	0.032
43	0.051
44	0.064
45	0.075
46	0.097
47	0.068
48	0.072
49	0.092
50	0.184
51	0.187
52	0.17
53	0.231
54	0.331
55	0.397
56	0.349
57	0.392
58	0.423
59	0.296
60	0.295
61	0.178
62	0.211
63	0.172
64	0.107
65	0.118
66	0.148
67	0.103
68	0.073
69	0.104
70	0.116
71	0.072
72	0.064
73	0.096
74	0.094
75	0.06
76	0.048
77	0.028
78	0.025
79	0.016
80	0.022
81	0.028
82	0.029
83	0.033
84	0.024
85	0.022
86	0.038
87	0.084
88	0.148
89	0.132
90	0.245
91	0.324
92	0.323
93	0.188
94	0.157
95	0.186
96	0.162
97	0.101
98	0.114
99	0.207
100	0.247
101	0.146
102	0.138
103	0.226
104	0.201
105	0.111
106	0.151
107	0.213
108	0.157
109	0.111
110	0.18
111	0.206
112	0.142
113	0.119
114	0.192
115	0.201
116	0.127
117	0.135
118	0.098
119	0.071
120	0.03
121	0.014
122	0.012
123	0.013
124	0.011
125	0.017
126	0.011
127	0.016
128	0.039
129	0.036
130	0.082
131	0.127
132	0.192
133	0.249
134	0.304
135	0.281
136	0.212
137	0.162
138	0.089
139	0.068
140	0.038
141	0.021
142	0.026
143	0.022
144	0.022
145	0.027
146	0.064
147	0.092
148	0.096
149	0.128
150	0.071
151	0.051
152	0.107
153	0.119
154	0.07
155	0.079
156	0.149
157	0.145
158	0.101
159	0.135
160	0.202
161	0.174
162	0.134
163	0.146
164	0.094
165	0.039
166	0.031
167	0.026
168	0.019
169	0.025
170	0.026
171	0.063
172	0.103
173	0.131
174	0.115
175	0.113
176	0.162
177	0.169
178	0.246
179	0.248
180	0.268
181	0.177
182	0.161
183	0.213
184	0.17
185	0.108
186	0.161
187	0.205
188	0.133
189	0.121
190	0.212
191	0.235
192	0.174
193	0.211
194	0.322
195	0.312
196	0.27
197	0.175
198	0.142
199	0.077
200	0.046
201	0.036
202	0.042
203	0.034
204	0.072
205	0.08
206	0.111
207	0.152
208	0.177
209	0.191
210	0.177
211	0.237
212	0.209
213	0.184
214	0.186
215	0.197
216	0.164
217	0.162
218	0.119
219	0.104
220	0.129
221	0.105
222	0.073
223	0.094
224	0.112
225	0.077
226	0.068
227	0.105
228	0.107
229	0.082
230	0.055
231	0.036
232	0.038
233	0.032
234	0.055
235	0.049
236	0.072
237	0.094
238	0.118
239	0.135
240	0.158
241	0.135
242	0.116
243	0.1
244	0.083
245	0.083
246	0.111
247	0.106
248	0.093
249	0.097
250	0.096
251	0.08
252	0.081
253	0.073
254	0.053
255	0.052
256	0.062
257	0.047
258	0.035
259	0.03
260	0.032
261	0.026
262	0.037
263	0.051
264	0.053
265	0.08
266	0.081
267	0.094
268	0.06
269	0.108
270	0.139
271	0.164
272	0.129
273	0.134
274	0.168
275	0.185
276	0.181
277	0.221
278	0.189
279	0.16
280	0.136
281	0.107
282	0.095
283	0.112
284	0.126
285	0.162
286	0.149
287	0.123
288	0.104
289	0.089
290	0.085
291	0.071
292	0.087
293	0.089
294	0.071
295	0.074
296	0.088
297	0.084
298	0.079
299	0.082
300	0.083
301	0.084
302	0.085
303	0.076
304	0.041
305	0.049
306	0.079
307	0.098
308	0.058
309	0.064
310	0.074
311	0.05
312	0.054
313	0.067
314	0.076
315	0.05
316	0.082
317	0.081
318	0.077
319	0.124
320	0.188
321	0.178
322	0.188
323	0.132
324	0.097
325	0.134
326	0.136
327	0.227
328	0.269
329	0.153
330	0.133
331	0.062
332	0.104
333	0.101
334	0.154
335	0.151
336	0.187
337	0.139
338	0.187
339	0.193
340	0.258
341	0.301
342	0.241
343	0.316
344	0.258
345	0.2
346	0.125
347	0.127
348	0.11
349	0.073
350	0.027
351	0.013
352	0.01
353	0.02
354	0.048
355	0.057
356	0.034
357	0.025
358	0.01
359	0.009
360	0.029
361	0.04
362	0.017
363	0.017
364	0.035
365	0.033
366	0.044
367	0.075
368	0.123
369	0.195
370	0.237
371	0.232
372	0.28
373	0.266
374	0.283
375	0.238
376	0.211
377	0.124
378	0.112
379	0.078
380	0.082
381	0.062
382	0.043
383	0.054
384	0.064
385	0.097
386	0.105
387	0.101
388	0.066
389	0.049
390	0.029
391	0.034
392	0.019
393	0.029
394	0.033
395	0.011
396	0.005
397	0.015
398	0.015
399	0.042
400	0.049
401	0.071
402	0.108
403	0.132
404	0.127
405	0.111
406	0.069
407	0.064
408	0.117
409	0.163
410	0.258
411	0.329
412	0.239
413	0.295
414	0.275
415	0.373
416	0.363
417	0.354
418	0.295
419	0.247
420	0.155
421	0.17
422	0.148
423	0.171
424	0.173
425	0.108
426	0.113
427	0.055
428	0.085
429	0.076
430	0.11
431	0.061
432	0.028
433	0.025
434	0.035
435	0.039
436	0.087
437	0.084
438	0.087
439	0.094
440	0.084
441	0.068
442	0.053
443	0.063
444	0.065
445	0.048
446	0.044
447	0.05
448	0.037
449	0.028
450	0.026
451	0.03
452	0.044
453	0.047
454	0.066
455	0.053
456	0.079
457	0.107
458	0.125
459	0.158
460	0.139
461	0.119
462	0.141
463	0.139
464	0.118
465	0.116
466	0.096
467	0.096
468	0.114
469	0.099
470	0.079
471	0.093
472	0.105
473	0.085
474	0.064
475	0.045
476	0.032
477	0.042
478	0.029
479	0.05
480	0.062
481	0.075
482	0.098
483	0.068
484	0.066
485	0.084
486	0.167
487	0.182
488	0.169
489	0.223
490	0.309
491	0.371
492	0.325
493	0.37
494	0.409
495	0.3
496	0.305
497	0.197
498	0.233
499	0.181
500	0.116
501	0.138
502	0.162
503	0.108
504	0.087
505	0.126
506	0.125
507	0.078
508	0.078
509	0.112
510	0.094
511	0.062
512	0.052
513	0.031
514	0.03
515	0.017
516	0.025
517	0.026
518	0.027
519	0.032
520	0.021
521	0.016
522	0.029
523	0.072
524	0.128
525	0.109
526	0.21
527	0.266
528	0.264
529	0.144
530	0.117
531	0.139
532	0.102
533	0.053
534	0.08
535	0.166
536	0.182
537	0.102
538	0.115
539	0.197
540	0.172
541	0.098
542	0.151
543	0.21
544	0.152
545	0.118
546	0.198
547	0.224
548	0.159
549	0.145
550	0.231
551	0.24
552	0.163
553	0.18
554	0.143
555	0.105
556	0.045
557	0.024
558	0.017
559	0.018
560	0.012
561	0.021
562	0.013
563	0.014
564	0.039
565	0.042
566	0.09
567	0.136
568	0.192
569	0.263
570	0.303
571	0.301
572	0.218
573	0.186
574	0.113
575	0.085
576	0.066
577	0.025
578	0.014
579	0.017
580	0.035
581	0.035
582	0.061
583	0.108
584	0.128
585	0.154
586	0.084
587	0.065
588	0.129
589	0.139
590	0.083
591	0.099
592	0.177
593	0.165
594	0.123
595	0.167
596	0.241
597	0.211
598	0.174
599	0.188
600	0.132
601	0.057
602	0.042
603	0.036
604	0.022
605	0.026
606	0.022
607	0.055
608	0.095
609	0.122
610	0.106
611	0.103
612	0.155
613	0.165
614	0.245
615	0.245
616	0.274
617	0.179
618	0.155
619	0.215
620	0.18
621	0.111
622	0.164
623	0.222
624	0.149
625	0.13
626	0.226
627	0.26
628	0.2
629	0.237
630	0.356
631	0.363
632	0.313
633	0.207
634	0.168
635	0.094
636	0.057
637	0.038
638	0.039
639	0.027
640	0.061
641	0.071
642	0.102
643	0.146
644	0.171
645	0.191
646	0.178
647	0.235
648	0.201
649	0.185
650	0.18
651	0.192
652	0.157
653	0.157
654	0.113
655	0.099
656	0.126
657	0.1
658	0.067
659	0.089
660	0.11
661	0.076
662	0.065
663	0.105
664	0.114
665	0.09
666	0.059
667	0.034
668	0.031
669	0.024
670	0.045
671	0.04
672	0.065
673	0.086
674	0.117
675	0.137
676	0.16
677	0.135
678	0.121
679	0.102
680	0.088
681	0.087
682	0.11
683	0.104
684	0.094
685	0.094
686	0.089
687	0.073
688	0.074
689	0.066
690	0.044
691	0.041
692	0.051
693	0.039
694	0.026
695	0.026
696	0.024
697	0.018
698	0.027
699	0.042
700	0.045
701	0.075
702	0.077
703	0.095
704	0.063
705	0.116
706	0.145
707	0.172
708	0.135
709	0.135
710	0.162
711	0.186
712	0.184
713	0.225
714	0.19
715	0.165
716	0.141
717	0.113
718	0.102
719	0.12
720	0.131
721	0.168
722	0.152
723	0.131
724	0.107
725	0.094
726	0.088
727	0.073
728	0.09
729	0.092
730	0.076
731	0.079
732	0.089
733	0.086
734	0.085
735	0.081
736	0.076
737	0.08
738	0.081
739	0.083
740	0.066
741	0.087
742	0.063
743	0.088
744	0.058
745	0.057
746	0.075
747	0.057
748	0.048
749	0.055
750	0.058
751	0.036
752	0.059
753	0.055
754	0.052
755	0.083
756	0.138
757	0.135
758	0.146
759	0.103
760	0.076
761	0.113
762	0.121
763	0.203
764	0.243
765	0.138
766	0.119
767	0.06
768	0.104
769	0.102
770	0.151
771	0.145
772	0.167
773	0.121
774	0.158
775	0.159
776	0.211
777	0.241
778	0.197
779	0.265
780	0.219
781	0.175
782	0.108
783	0.11
784	0.092
785	0.062
786	0.022
787	0.012
788	0.01
789	0.021
790	0.049
791	0.058
792	0.039
793	0.026
794	0.01
795	0.009
796	0.026
797	0.038
798	0.016
799	0.017
800	0.034
801	0.031
802	0.041
803	0.07
804	0.113
805	0.177
806	0.21
807	0.203
808	0.249
809	0.236
810	0.245
811	0.21
812	0.19
813	0.113
814	0.102
815	0.073
816	0.08
817	0.057
818	0.041
819	0.052
820	0.063
821	0.087
822	0.098
823	0.092
824	0.062
825	0.048
826	0.031
827	0.038
828	0.024
829	0.039
830	0.046
831	0.024
832	0.006
833	0.015
834	0.016
835	0.044
836	0.047
837	0.07
838	0.096
839	0.118
840	0.123
841	0.104
842	0.062
843	0.055
844	0.097
845	0.13
846	0.211
847	0.27
848	0.191
849	0.239
850	0.215
851	0.301
852	0.294
853	0.294
854	0.24
855	0.207
856	0.129
857	0.143
858	0.13
859	0.153
860	0.159
861	0.099
862	0.093
863	0.046
864	0.063
865	0.05
866	0.082
867	0.045
868	0.017
869	0.015
870	0.025
871	0.033
872	0.071
