index	fluctuation
1	0.231
2	0.11
3	0.106
4	0.056
5	0.027
6	0.024
7	0.049
8	0.038
9	0.025
10	0.051
11	0.114
12	0.114
13	0.09
14	0.035
15	0.022
16	0.015
17	0.012
18	0.012
19	0.015
20	0.032
21	0.075
22	0.137
23	0.262
24	0.214
25	0.255
26	0.569
27	0.366
28	0.309
29	0.275
30	0.153
31	0.13
32	0.173
33	0.088
34	0.054
35	0.099
36	0.126
37	0.059
38	0.03
39	0.031
40	0.019
41	0.018
42	0.015
43	0.029
44	0.038
45	0.071
46	0.081
47	0.058
48	0.068
49	0.108
50	0.195
51	0.164
52	0.155
53	0.238
54	0.398
55	0.681
56	0.754
57	0.669
58	0.635
59	0.364
60	0.356
61	0.225
62	0.298
63	0.183
64	0.101
65	0.148
66	0.172
67	0.094
68	0.09
69	0.175
70	0.17
71	0.074
72	0.113
73	0.234
74	0.17
75	0.12
76	0.051
77	0.043
78	0.024
79	0.016
80	0.02
81	0.02
82	0.026
83	0.039
84	0.051
85	0.077
86	0.164
87	0.197
88	0.258
89	0.248
90	0.377
91	0.78
92	0.919
93	0.507
94	0.578
95	0.887
96	0.652
97	0.561
98	0.571
99	0.667
100	0.668
101	0.374
102	0.312
103	0.362
104	0.283
105	0.163
106	0.172
107	0.206
108	0.149
109	0.095
110	0.136
111	0.165
112	0.112
113	0.086
114	0.155
115	0.222
116	0.165
117	0.133
118	0.122
119	0.119
120	0.045
121	0.035
122	0.02
123	0.018
124	0.013
125	0.022
126	0.026
127	0.026
128	0.046
129	0.072
130	0.107
131	0.147
132	0.248
133	0.507
134	0.358
135	0.362
136	0.124
137	0.165
138	0.225
139	0.226
140	0.36
141	0.291
142	0.37
143	0.225
144	0.238
145	0.414
146	0.372
147	0.362
148	0.332
149	0.35
150	0.205
151	0.123
152	0.139
153	0.138
154	0.078
155	0.066
156	0.116
157	0.114
158	0.07
159	0.102
160	0.16
161	0.123
162	0.112
163	0.135
164	0.112
165	0.046
166	0.032
167	0.022
168	0.014
169	0.015
170	0.011
171	0.015
172	0.015
173	0.019
174	0.02
175	0.019
176	0.031
177	0.052
178	0.148
179	0.105
180	0.109
181	0.061
182	0.042
183	0.081
184	0.082
185	0.056
186	0.082
187	0.152
188	0.135
189	0.092
190	0.151
191	0.211
192	0.144
193	0.189
194	0.46
195	0.568
196	0.352
197	0.149
198	0.096
199	0.044
200	0.032
201	0.017
202	0.011
203	0.006
204	0.006
205	0.006
206	0.007
207	0.011
208	0.018
209	0.016
210	0.011
211	0.022
212	0.02
213	0.016
214	0.022
215	0.031
216	0.033
217	0.037
218	0.023
219	0.033
220	0.043
221	0.033
222	0.027
223	0.046
224	0.067
225	0.048
226	0.04
227	0.091
228	0.105
229	0.083
230	0.039
231	0.025
232	0.012
233	0.007
234	0.005
235	0.004
236	0.006
237	0.006
238	0.008
239	0.008
240	0.012
241	0.011
242	0.008
243	0.006
244	0.007
245	0.009
246	0.01
247	0.008
248	0.009
249	0.012
250	0.011
251	0.012
252	0.02
253	0.019
254	0.016
255	0.029
256	0.041
257	0.037
258	0.057
259	0.038
260	0.018
261	0.019
262	0.012
263	0.008
264	0.006
265	0.007
266	0.01
267	0.015
268	0.02
269	0.025
270	0.028
271	0.057
272	0.053
273	0.034
274	0.247
275	0.096
276	0.047
277	0.091
278	0.035
279	0.023
280	0.01
281	0.009
282	0.011
283	0.023
284	0.039
285	0.068
286	0.122
287	0.056
288	0.043
289	0.025
290	0.013
291	0.008
292	0.007
293	0.011
294	0.011
295	0.009
296	0.01
297	0.015
298	0.018
299	0.018
300	0.021
301	0.037
302	0.048
303	0.034
304	0.136
305	0.836
306	0.773
307	0.708
308	0.185
309	0.154
310	0.234
311	0.022
312	0.02
313	0.024
314	0.032
315	0.033
316	0.042
317	0.04
318	0.069
319	0.089
320	0.083
321	0.085
322	0.063
323	0.038
324	0.027
325	0.029
326	0.025
327	0.058
328	0.205
329	0.072
330	0.055
331	0.052
332	0.038
333	0.016
334	0.016
335	0.018
336	0.022
337	0.025
338	0.034
339	0.039
340	0.068
341	0.115
342	0.11
343	0.585
344	0.341
345	0.165
346	0.048
347	0.036
348	0.026
349	0.023
350	0.015
351	0.013
352	0.01
353	0.007
354	0.006
355	0.006
356	0.006
357	0.007
358	0.008
359	0.008
360	0.01
361	0.029
362	0.016
363	0.014
364	0.008
365	0.007
366	0.008
367	0.01
368	0.011
369	0.019
370	0.034
371	0.045
372	0.077
373	0.089
374	0.073
375	0.041
376	0.03
377	0.017
378	0.013
379	0.009
380	0.01
381	0.01
382	0.009
383	0.008
384	0.008
385	0.01
386	0.012
387	0.012
388	0.009
389	0.009
390	0.01
391	0.013
392	0.024
393	0.036
394	0.057
395	0.079
396	0.036
397	0.031
398	0.019
399	0.017
400	0.012
401	0.013
402	0.019
403	0.026
404	0.028
405	0.032
406	0.026
407	0.023
408	0.036
409	0.04
410	0.068
411	0.145
412	0.112
413	0.111
414	0.124
415	0.158
416	0.13
417	0.097
418	0.068
419	0.046
420	0.033
421	0.03
422	0.028
423	0.05
424	0.082
425	0.081
426	0.231
427	0.157
428	0.117
429	0.082
430	0.059
431	0.041
432	0.04
433	0.053
434	0.06
435	0.081
436	0.097
437	0.226
438	0.117
439	0.111
440	0.055
441	0.027
442	0.025
443	0.049
444	0.039
445	0.026
446	0.052
447	0.103
448	0.094
449	0.082
450	0.036
451	0.023
452	0.015
453	0.012
454	0.011
455	0.015
456	0.032
457	0.071
458	0.13
459	0.246
460	0.196
461	0.231
462	0.553
463	0.34
464	0.28
465	0.225
466	0.129
467	0.116
468	0.152
469	0.078
470	0.046
471	0.087
472	0.121
473	0.056
474	0.028
475	0.031
476	0.02
477	0.018
478	0.014
479	0.027
480	0.036
481	0.068
482	0.079
483	0.058
484	0.068
485	0.109
486	0.194
487	0.163
488	0.155
489	0.244
490	0.401
491	0.695
492	0.878
493	0.655
494	0.607
495	0.363
496	0.369
497	0.233
498	0.3
499	0.179
500	0.102
501	0.155
502	0.167
503	0.089
504	0.095
505	0.188
506	0.168
507	0.076
508	0.127
509	0.256
510	0.183
511	0.138
512	0.056
513	0.047
514	0.026
515	0.017
516	0.021
517	0.02
518	0.026
519	0.04
520	0.052
521	0.08
522	0.162
523	0.202
524	0.271
525	0.261
526	0.392
527	0.763
528	0.92
529	0.516
530	0.611
531	0.951
532	0.657
533	0.54
534	0.588
535	0.69
536	0.683
537	0.38
538	0.324
539	0.369
540	0.292
541	0.169
542	0.18
543	0.221
544	0.157
545	0.1
546	0.145
547	0.177
548	0.118
549	0.093
550	0.166
551	0.235
552	0.182
553	0.146
554	0.132
555	0.127
556	0.046
557	0.037
558	0.022
559	0.019
560	0.014
561	0.022
562	0.026
563	0.025
564	0.043
565	0.067
566	0.1
567	0.134
568	0.234
569	0.497
570	0.292
571	0.298
572	0.107
573	0.154
574	0.213
575	0.205
576	0.364
577	0.283
578	0.358
579	0.221
580	0.24
581	0.416
582	0.385
583	0.365
584	0.341
585	0.365
586	0.206
587	0.118
588	0.134
589	0.141
590	0.082
591	0.069
592	0.119
593	0.117
594	0.074
595	0.106
596	0.169
597	0.133
598	0.121
599	0.14
600	0.12
601	0.049
602	0.035
603	0.023
604	0.014
605	0.015
606	0.01
607	0.014
608	0.014
609	0.018
610	0.019
611	0.019
612	0.031
613	0.053
614	0.149
615	0.096
616	0.104
617	0.056
618	0.039
619	0.077
620	0.08
621	0.055
622	0.081
623	0.149
624	0.13
625	0.09
626	0.146
627	0.209
628	0.143
629	0.196
630	0.468
631	0.607
632	0.376
633	0.148
634	0.096
635	0.047
636	0.033
637	0.019
638	0.011
639	0.006
640	0.006
641	0.006
642	0.006
643	0.01
644	0.017
645	0.014
646	0.01
647	0.018
648	0.017
649	0.015
650	0.022
651	0.034
652	0.036
653	0.041
654	0.025
655	0.036
656	0.049
657	0.035
658	0.029
659	0.051
660	0.07
661	0.049
662	0.041
663	0.092
664	0.107
665	0.087
666	0.042
667	0.027
668	0.013
669	0.008
670	0.005
671	0.004
672	0.006
673	0.005
674	0.007
675	0.007
676	0.011
677	0.009
678	0.007
679	0.006
680	0.007
681	0.01
682	0.011
683	0.009
684	0.01
685	0.013
686	0.012
687	0.013
688	0.021
689	0.021
690	0.017
691	0.03
692	0.043
693	0.04
694	0.056
695	0.039
696	0.018
697	0.02
698	0.013
699	0.008
700	0.006
701	0.007
702	0.009
703	0.013
704	0.018
705	0.023
706	0.025
707	0.053
708	0.05
709	0.031
710	0.245
711	0.106
712	0.043
713	0.08
714	0.031
715	0.021
716	0.01
717	0.009
718	0.011
719	0.02
720	0.031
721	0.06
722	0.096
723	0.048
724	0.034
725	0.021
726	0.012
727	0.008
728	0.007
729	0.01
730	0.011
731	0.009
732	0.01
733	0.016
734	0.02
735	0.018
736	0.022
737	0.041
738	0.055
739	0.041
740	0.59
741	2.122
742	1.049
743	1.165
744	0.347
745	0.212
746	0.261
747	0.027
748	0.021
749	0.026
750	0.034
751	0.036
752	0.045
753	0.044
754	0.08
755	0.09
756	0.089
757	0.088
758	0.064
759	0.04
760	0.028
761	0.031
762	0.026
763	0.057
764	0.21
765	0.065
766	0.054
767	0.049
768	0.035
769	0.017
770	0.016
771	0.018
772	0.023
773	0.025
774	0.036
775	0.042
776	0.07
777	0.116
778	0.119
779	0.604
780	0.355
781	0.162
782	0.049
783	0.037
784	0.027
785	0.024
786	0.016
787	0.014
788	0.011
789	0.007
790	0.006
791	0.006
792	0.006
793	0.007
794	0.008
795	0.009
796	0.01
797	0.026
798	0.016
799	0.013
800	0.009
801	0.008
802	0.008
803	0.01
804	0.012
805	0.02
806	0.034
807	0.043
808	0.074
809	0.089
810	0.075
811	0.044
812	0.033
813	0.019
814	0.014
815	0.009
816	0.01
817	0.01
818	0.009
819	0.009
820	0.009
821	0.011
822	0.013
823	0.013
824	0.009
825	0.009
826	0.011
827	0.014
828	0.032
829	0.056
830	0.124
831	0.153
832	0.046
833	0.035
834	0.022
835	0.019
836	0.014
837	0.015
838	0.02
839	0.026
840	0.029
841	0.034
842	0.028
843	0.025
844	0.038
845	0.042
846	0.068
847	0.148
848	0.119
849	0.119
850	0.127
851	0.164
852	0.128
853	0.096
854	0.068
855	0.047
856	0.034
857	0.031
858	0.031
859	0.056
860	0.089
861	0.086
862	0.254
863	0.223
864	0.135
865	0.086
866	0.065
867	0.044
868	0.044
869	0.064
870	0.073
871	0.123
872	0.12
