index	4k79_A_1	6orh_A
1	2.003	nan
2	0.608	nan
3	0.583	nan
4	nan	16.791
5	nan	2.041
6	nan	1.486
7	1.284	0.315
8	0.97	0.169
9	nan	0.199
10	0.429	0.132
11	0.556	0.103
12	0.509	0.114
13	2.233	0.177
14	3.395	nan
15	nan	0.161
16	nan	0.111
17	nan	0.073
18	nan	0.076
19	nan	0.092
20	nan	0.074
21	nan	0.065
22	nan	0.094
23	nan	0.086
24	nan	0.055
25	nan	0.047
26	nan	0.037
27	0.452	0.031
28	0.245	0.031
29	0.192	0.036
30	0.196	0.042
31	0.184	0.059
32	0.18	0.069
33	0.22	0.052
34	0.346	0.053
35	nan	0.044
36	nan	0.086
37	nan	0.133
38	0.333	0.136
39	0.32	0.179
40	0.261	0.186
41	nan	0.252
42	nan	0.121
43	nan	0.137
44	nan	0.087
45	nan	0.289
46	nan	0.238
47	nan	0.266
48	nan	0.135
49	nan	0.147
50	nan	0.18
51	0.389	0.105
52	0.591	0.112
53	0.958	0.114
54	1.118	0.253
55	0.505	0.155
56	0.456	0.098
57	0.45	0.12
58	0.37	0.081
59	0.331	nan
60	0.162	nan
61	nan	0.069
62	nan	0.077
63	nan	0.072
64	nan	0.051
65	nan	0.071
66	nan	0.079
67	nan	0.057
68	nan	0.066
69	nan	0.126
70	nan	0.106
71	nan	0.12
72	nan	0.06
73	nan	0.055
74	nan	0.042
75	0.108	0.031
76	0.136	0.026
77	0.156	0.03
78	0.117	0.029
79	0.094	0.039
80	0.109	0.035
81	0.098	nan
82	0.171	0.042
83	0.133	0.042
84	0.153	0.043
85	0.132	0.037
86	0.365	0.048
87	0.584	0.039
88	nan	0.041
89	nan	0.058
90	nan	0.094
91	nan	0.177
92	nan	0.4
93	nan	0.3
94	nan	0.34
95	nan	0.27
96	nan	0.119
97	0.505	0.059
98	0.328	nan
99	nan	0.057
100	nan	0.099
101	nan	0.136
102	nan	0.095
103	nan	0.134
104	nan	0.142
105	nan	0.192
106	nan	0.224
107	nan	0.134
108	nan	0.224
109	nan	0.179
110	0.344	0.079
111	0.468	0.062
112	0.252	0.059
113	0.228	0.053
114	0.449	0.059
115	0.202	0.042
116	0.179	0.04
117	nan	0.066
118	nan	0.053
119	nan	0.039
120	nan	0.06
121	0.131	0.119
122	0.09	0.122
123	nan	0.113
124	0.072	0.057
125	nan	0.042
126	0.118	0.03
127	nan	0.023
128	0.129	0.028
129	0.109	0.032
130	0.086	0.038
131	0.1	0.052
132	0.071	0.078
133	0.146	0.074
134	0.086	0.059
135	nan	0.081
136	0.13	0.091
137	0.142	0.15
138	0.383	nan
139	0.547	nan
140	0.348	nan
141	0.253	nan
142	nan	0.421
143	nan	0.171
144	nan	0.154
145	nan	0.249
146	nan	0.357
147	nan	0.807
148	nan	0.271
149	nan	0.185
150	nan	0.283
151	nan	0.213
152	nan	0.108
153	nan	0.119
154	nan	0.139
155	nan	0.12
156	nan	0.1
157	nan	0.094
158	0.256	0.098
159	0.235	0.08
160	0.183	0.074
161	0.181	0.084
162	0.164	0.102
163	nan	0.088
164	0.114	0.081
165	nan	0.127
166	nan	0.139
167	nan	0.123
168	nan	0.161
169	nan	0.055
170	nan	0.036
171	nan	0.051
172	nan	0.14
173	0.136	0.074
174	0.12	0.078
175	0.078	0.055
176	0.069	0.045
177	0.127	0.045
178	0.136	0.039
179	0.122	0.048
180	0.097	0.055
181	0.107	0.107
182	0.07	0.234
183	0.136	0.294
184	0.089	0.42
185	0.165	0.668
186	nan	3.26
187	nan	3.495
188	nan	0.599
189	nan	0.511
190	nan	0.662
191	0.117	0.311
192	0.317	0.545
193	0.511	0.316
194	0.338	0.239
195	0.253	0.217
196	nan	0.271
197	0.248	0.207
198	0.223	0.126
199	0.179	0.132
200	0.181	0.16
201	0.148	0.123
202	0.108	0.089
203	0.125	0.109
204	nan	0.168
205	0.106	0.135
206	0.081	0.118
207	0.074	0.129
208	0.133	0.225
209	0.151	0.078
210	nan	0.054
211	0.13	0.043
212	0.107	0.036
213	0.119	0.066
214	0.063	0.095
215	0.168	nan
216	0.077	0.1
217	0.105	0.142
218	nan	0.076
219	0.119	0.043
220	0.327	0.037
221	0.449	0.043
222	0.304	0.054
223	0.275	0.03
224	0.283	nan
225	nan	0.062
226	nan	0.155
227	nan	0.095
228	nan	0.089
229	nan	0.04
230	nan	0.057
231	nan	0.051
232	nan	0.051
233	nan	0.111
234	nan	0.06
235	nan	0.039
236	nan	0.036
237	nan	0.042
238	nan	0.038
239	nan	0.051
240	nan	0.1
241	nan	0.118
242	nan	0.278
243	nan	0.227
244	nan	0.13
245	nan	0.135
246	nan	0.364
247	nan	0.464
248	nan	0.229
249	nan	0.146
250	0.219	0.13
251	nan	0.123
252	nan	0.073
253	nan	0.038
254	nan	0.041
255	nan	0.041
256	nan	0.045
257	0.191	0.075
258	0.204	0.205
259	0.153	0.263
260	0.115	0.071
261	0.148	0.11
262	0.111	0.085
263	0.08	0.053
264	0.089	0.041
265	0.135	0.031
266	0.148	0.029
267	0.116	0.036
268	0.096	0.03
269	0.097	0.04
270	0.06	0.059
271	0.136	nan
272	nan	0.038
273	nan	0.068
274	nan	0.095
275	0.08	0.202
276	0.132	nan
277	nan	0.135
278	nan	0.073
279	nan	0.045
280	nan	0.057
281	nan	0.161
282	nan	0.563
283	nan	0.929
284	0.088	0.359
285	0.27	0.415
286	0.273	0.098
287	nan	0.188
288	0.294	0.169
289	0.275	0.151
290	nan	0.173
291	0.522	0.127
292	0.277	0.085
293	0.34	0.091
294	0.5	0.091
295	0.239	0.067
296	0.188	0.057
297	0.401	0.05
298	nan	0.038
299	nan	0.027
300	nan	0.026
301	nan	0.029
302	nan	0.029
303	0.161	0.033
304	0.169	0.031
305	0.223	0.033
306	nan	0.033
307	0.129	0.03
308	0.149	0.035
309	0.098	0.031
310	0.094	0.044
311	0.101	0.032
312	0.085	0.049
313	nan	0.063
314	nan	0.102
315	0.129	0.076
316	nan	0.049
317	0.106	0.075
318	0.073	0.071
319	0.133	0.132
320	0.134	nan
321	0.311	nan
322	0.22	0.201
323	0.288	0.167
324	0.268	0.087
325	0.107	0.099
326	0.135	0.137
327	0.196	0.104
328	0.128	0.089
329	0.098	0.096
330	0.185	0.115
331	0.201	0.107
332	0.119	0.112
333	0.162	0.144
334	0.324	0.151
335	0.298	0.161
336	0.18	0.215
337	0.275	0.185
338	0.218	0.138
339	0.091	0.215
340	0.121	0.533
341	0.336	0.374
342	nan	0.127
343	nan	0.118
344	nan	0.081
345	nan	0.14
346	nan	0.167
347	nan	0.141
348	nan	0.148
349	nan	0.133
350	nan	0.173
351	nan	0.201
352	nan	0.264
353	nan	0.17
354	nan	0.253
355	nan	0.532
356	nan	0.594
357	nan	0.724
358	nan	0.15
359	nan	0.154
360	nan	0.107
361	nan	0.12
362	nan	0.088
363	1.652	0.06
364	3.625	0.088
365	3.636	0.198
366	0.704	0.469
367	nan	0.498
368	nan	0.623
369	nan	0.832
370	nan	0.268
371	nan	0.091
372	nan	0.065
373	nan	0.116
374	nan	0.139
375	nan	0.259
376	nan	0.404
377	nan	0.856
378	nan	0.341
379	nan	0.193
380	nan	0.154
381	nan	0.12
382	nan	0.102
383	nan	0.104
384	nan	0.107
385	nan	0.137
386	nan	0.156
387	nan	0.546
388	nan	0.779
389	nan	0.277
390	nan	0.347
391	nan	0.223
392	nan	0.118
393	nan	0.122
394	nan	0.074
395	nan	0.054
396	nan	0.056
397	nan	0.045
398	0.737	0.042
399	0.36	0.04
400	0.249	0.091
401	0.198	0.057
402	0.173	0.129
403	0.175	0.128
404	0.09	0.065
405	0.099	nan
406	0.081	nan
407	nan	0.061
408	nan	0.086
409	nan	0.054
410	nan	0.052
411	nan	0.065
412	nan	0.108
413	nan	0.124
414	nan	0.096
415	nan	0.106
416	nan	0.121
417	nan	0.283
418	nan	0.819
419	0.262	4.525
420	nan	2.806
421	nan	1.452
422	nan	0.513
423	nan	0.586
424	nan	0.276
425	nan	0.151
426	1.917	0.166
427	0.775	0.153
428	0.434	0.184
429	0.34	0.051
430	0.101	0.045
431	nan	0.039
432	0.086	0.037
433	0.109	0.036
434	0.26	0.032
435	0.365	0.028
436	1.132	0.038
437	1.114	0.084
438	2.177	0.114
439	1.297	nan
440	0.554	nan
441	1.167	nan
442	1.482	nan
443	2.998	nan
444	1.54	nan
445	1.674	nan
446	18.93	nan
447	nan	0.169
448	nan	0.43
449	nan	0.223
450	nan	0.368
451	nan	0.236
452	nan	0.267
453	nan	0.233
454	nan	0.148
455	nan	0.118
456	nan	0.101
457	nan	0.074
458	nan	0.09
459	nan	0.066
460	nan	0.098
461	nan	0.093
462	nan	0.089
463	nan	0.143
464	nan	0.171
465	nan	0.226
466	nan	0.111
467	nan	0.073
468	nan	0.045
469	nan	0.053
470	nan	0.061
471	nan	0.055
472	nan	0.082
473	nan	0.058
474	nan	0.08
475	nan	0.124
476	nan	0.257
477	nan	0.708
