index	4k79_A_1	6orh_A
1	81826.894	nan
2	111154.124	nan
3	109111.623	nan
4	nan	27963.242
5	nan	63720.264
6	nan	52871.813
7	75461.17	92457.933
8	78543.578	95322.484
9	nan	139406.406
10	115573.174	120122.436
11	101626.131	114185.764
12	109878.678	130764.915
13	77809.71	102765.805
14	80200.003	nan
15	nan	76638.741
16	nan	111484.559
17	nan	129685.228
18	nan	120401.214
19	nan	109675.788
20	nan	113834.627
21	nan	138780.831
22	nan	108146.745
23	nan	98786.949
24	nan	124630.078
25	nan	139948.425
26	nan	179790.402
27	102972.121	180747.296
28	114107.983	135340.952
29	153007.558	150335.385
30	124686.597	130967.634
31	143936.373	133466.152
32	142849.701	196431.321
33	119193.402	157189.011
34	90851.904	143669.465
35	nan	155668.454
36	nan	111088.886
37	nan	90413.715
38	96123.33	98906.853
39	113233.052	91252.038
40	106078.974	87086.465
41	nan	80283.759
42	nan	141315.941
43	nan	96270.721
44	nan	136659.304
45	nan	69907.292
46	nan	100060.193
47	nan	86443.114
48	nan	130190.008
49	nan	89472.542
50	nan	88306.429
51	102132.534	128239.565
52	104032.402	119898.25
53	95558.954	131710.398
54	81525.035	92010.424
55	106090.94	77136.37
56	122457.929	109147.418
57	113705.096	95199.157
58	95705.459	148074.785
59	96627.685	nan
60	143918.377	nan
61	nan	101017.195
62	nan	102165.958
63	nan	119041.879
64	nan	165058.459
65	nan	100043.481
66	nan	124423.226
67	nan	147046.357
68	nan	122707.926
69	nan	89810.917
70	nan	121312.622
71	nan	132987.042
72	nan	122451.804
73	nan	124140.462
74	nan	152747.031
75	116747.823	168071.322
76	142449.016	157838.106
77	146595.493	157876.864
78	120292.997	155786.714
79	152996.205	159162.522
80	148547.693	150493.598
81	133621.217	nan
82	141987.987	141671.608
83	114128.862	138315.413
84	137208.427	147696.552
85	115679.417	184217.817
86	98391.808	139914.735
87	106151.366	157677.09
88	nan	150949.629
89	nan	125108.926
90	nan	127004.464
91	nan	114560.957
92	nan	82591.45
93	nan	79132.201
94	nan	97894.799
95	nan	84870.45
96	nan	104864.086
97	80452.053	165020.127
98	87855.036	nan
99	nan	169371.692
100	nan	121668.797
101	nan	116410.379
102	nan	148464.859
103	nan	112753.37
104	nan	113090.17
105	nan	88750.287
106	nan	69409.289
107	nan	129370.745
108	nan	76155.141
109	nan	145768.014
110	105720.871	114715.223
111	100940.289	132127.026
112	106234.594	144369.673
113	101748.486	123248.142
114	80111.153	114554.22
115	125861.313	159940.73
116	140169.933	177384.198
117	nan	118898.244
118	nan	154583.751
119	nan	184856.015
120	nan	137884.28
121	114526.129	86512.4
122	156158.636	100218.34
123	nan	101902.915
124	115725.031	138925.939
125	nan	148992.258
126	129165.864	159764.366
127	nan	201339.597
128	136697.645	162147.485
129	125970.552	123725.677
130	146992.528	139578.888
131	119681.196	151688.722
132	157519.753	141790.982
133	144885.838	115447.384
134	117730.322	146327.598
135	nan	156243.778
136	133208.492	107179.677
137	106819.747	123629.485
138	108456.907	nan
139	107927.99	nan
140	105674.838	nan
141	101044.21	nan
142	nan	75926.015
143	nan	109621.465
144	nan	119936.854
145	nan	106080.209
146	nan	97275.761
147	nan	68763.895
148	nan	90700.973
149	nan	117397.178
150	nan	104578.351
151	nan	98404.617
152	nan	122511.319
153	nan	128382.888
154	nan	112374.555
155	nan	103226.613
156	nan	121417.272
157	nan	120844.715
158	129626.828	115601.348
159	129763.686	116650.071
160	121357.521	136134.722
161	115815.562	111569.489
162	112167.678	105213.919
163	nan	136596.175
164	137432.811	142329.624
165	nan	113840.837
166	nan	94577.744
167	nan	94453.093
168	nan	101495.01
169	nan	124890.957
170	nan	204835.972
171	nan	146068.568
172	nan	122591.111
173	130594.627	141078.759
174	108570.322	117171.555
175	156360.951	140287.226
176	127642.165	169329.129
177	129959.741	145414.232
178	138914.958	157411.761
179	109120.746	115271.339
180	142442.085	120540.019
181	143085.659	104782.761
182	142652.784	127306.42
183	149828.562	89290.646
184	119388.074	80543.835
185	135562.138	88700.616
186	nan	42537.09
187	nan	57310.194
188	nan	98107.702
189	nan	87476.918
190	nan	77170.539
191	115123.64	115078.665
192	117222.586	80033.44
193	112320.657	85024.068
194	105967.056	83927.297
195	109158.345	86745.773
196	nan	73060.783
197	131449.16	85922.489
198	125139.801	105552.529
199	123401.639	111447.194
200	120339.539	89353.672
201	100058.347	120212.374
202	145364.285	139730.35
203	120969.709	97231.442
204	nan	82427.095
205	111896.788	106191.418
206	153261.994	116114.164
207	125824.025	106734.626
208	121390.173	94688.616
209	134565.396	140302.789
210	nan	143716.46
211	160216.017	146507.183
212	140497.216	129478.651
213	156185.455	151728.171
214	131686.696	134291.689
215	137255.77	nan
216	120563.75	110825.401
217	140394.003	154340.302
218	nan	129567.905
219	112040.453	153225.321
220	101295.525	157478.677
221	115503.427	149314.817
222	113710.49	134269.488
223	101620.923	167421.109
224	129416.537	nan
225	nan	163330.594
226	nan	94696.994
227	nan	97409.983
228	nan	91368.891
229	nan	186826.088
230	nan	118912.442
231	nan	190721.6
232	nan	161195.438
233	nan	112061.583
234	nan	135283.729
235	nan	168139.962
236	nan	139165.994
237	nan	168768.156
238	nan	163508.799
239	nan	169833.992
240	nan	119336.687
241	nan	120512.497
242	nan	73430.519
243	nan	91314.278
244	nan	122852.75
245	nan	124761.681
246	nan	88820.362
247	nan	65080.46
248	nan	128526.449
249	nan	79426.532
250	143104.366	98979.92
251	nan	99566.022
252	nan	113244.039
253	nan	168172.328
254	nan	154888.911
255	nan	138219.5
256	nan	195252.038
257	120593.089	125281.126
258	117754.818	107729.371
259	105590.614	88806.116
260	143276.145	153950.541
261	116830.055	104886.84
262	100755.713	127777.653
263	152275.441	134726.931
264	119060.026	185488.205
265	127320.664	158611.998
266	133440.259	221340.295
267	169601.311	152401.735
268	141101.987	205254.95
269	147748.689	142527.147
270	119688.931	145605.707
271	146930.481	nan
272	nan	149855.918
273	nan	139571.455
274	nan	111147.75
275	117039.413	85923.937
276	139091.87	nan
277	nan	128595.579
278	nan	104270.694
279	nan	143735.775
280	nan	139067.428
281	nan	109794.428
282	nan	75396.765
283	nan	52999.346
284	125168.8	77169.567
285	147371.537	83458.972
286	124285.858	125348.761
287	nan	99776.23
288	112759.84	94181.46
289	87189.976	102960.941
290	nan	74186.65
291	110296.349	89722.878
292	131700.854	126609.924
293	98259.422	117062.698
294	100502.213	93003.818
295	85738.263	139696.841
296	122828.887	125307.409
297	87635.074	123583.335
298	nan	133290.799
299	nan	195902.365
300	nan	161778.538
301	nan	178395.993
302	nan	148847.343
303	107797.976	225910.196
304	121873.671	181168.823
305	103174.138	173780.998
306	nan	166867.652
307	123912.629	157662.92
308	158872.165	151049.173
309	128878.861	152030.072
310	155185.413	149830.808
311	130184.39	165266.273
312	117008.748	158060.01
313	nan	135778.996
314	nan	114097.277
315	140567.575	120033.705
316	nan	165606.392
317	131521.46	120653.004
318	131351.983	118768.351
319	135089.708	107322.37
320	161783.4	nan
321	116998.788	nan
322	142255.235	88005.711
323	131804.103	85200.946
324	115648.715	132037.644
325	155962.485	119065.521
326	136690.005	94035.663
327	105825.395	112355.607
328	143938.979	141065.2
329	160817.032	99279.127
330	126970.884	105033.068
331	96860.741	115651.58
332	147113.637	130187.224
333	121061.673	100161.359
334	71482.699	99665.871
335	95449.684	101206.939
336	125060.152	93566.779
337	94194.605	89622.594
338	119271.122	119464.416
339	156517.89	85849.538
340	175484.395	72997.569
341	106100.159	75524.88
342	nan	114565.224
343	nan	121714.403
344	nan	168539.685
345	nan	110681.652
346	nan	122786.555
347	nan	149886.376
348	nan	100355.461
349	nan	133422.165
350	nan	104731.713
351	nan	131577.692
352	nan	108723.082
353	nan	151480.124
354	nan	101157.977
355	nan	89227.459
356	nan	81840.669
357	nan	78314.139
358	nan	119525.986
359	nan	154186.246
360	nan	154255.459
361	nan	119262.278
362	nan	142253.0
363	88765.817	168067.894
364	46139.539	160131.442
365	56579.472	107597.117
366	83002.137	109689.772
367	nan	75483.746
368	nan	72362.395
369	nan	62586.314
370	nan	114927.761
371	nan	156556.232
372	nan	131088.287
373	nan	173284.843
374	nan	141489.83
375	nan	89460.223
376	nan	101137.399
377	nan	66810.374
378	nan	93419.947
379	nan	103505.489
380	nan	129745.922
381	nan	113347.189
382	nan	142622.703
383	nan	121898.713
384	nan	150261.861
385	nan	124971.225
386	nan	127718.241
387	nan	98735.278
388	nan	79508.469
389	nan	97766.194
390	nan	100497.204
391	nan	109263.172
392	nan	121442.462
393	nan	134009.472
394	nan	153239.162
395	nan	148343.07
396	nan	135549.654
397	nan	147583.311
398	76712.576	128506.187
399	90442.39	145126.453
400	117046.869	132901.01
401	137210.0	135023.032
402	112274.37	95154.953
403	132358.659	116175.552
404	181283.088	177270.135
405	132987.935	nan
406	151565.891	nan
407	nan	145602.448
408	nan	132269.324
409	nan	154558.518
410	nan	151846.374
411	nan	144663.321
412	nan	125823.745
413	nan	118488.188
414	nan	148705.799
415	nan	124355.092
416	nan	151528.434
417	nan	117643.084
418	nan	99803.902
419	114056.696	53374.272
420	nan	67532.584
421	nan	66638.365
422	nan	75899.788
423	nan	88735.317
424	nan	92816.24
425	nan	110322.37
426	74556.868	134661.05
427	74416.566	108121.511
428	89382.177	144385.844
429	103908.298	111609.134
430	137411.599	162598.925
431	nan	169387.317
432	172864.431	210085.335
433	122758.631	126305.159
434	120770.124	142167.408
435	129686.348	141378.584
436	91555.97	142744.286
437	80005.942	137380.089
438	66980.117	101146.714
439	84617.734	nan
440	118757.513	nan
441	105339.737	nan
442	84843.223	nan
443	68194.663	nan
444	79968.765	nan
445	89060.611	nan
446	42737.82	nan
447	nan	135066.612
448	nan	91324.973
449	nan	97266.78
450	nan	110672.005
451	nan	90942.713
452	nan	147621.243
453	nan	120664.495
454	nan	128565.932
455	nan	151073.647
456	nan	118327.947
457	nan	147015.942
458	nan	139736.125
459	nan	148872.633
460	nan	121405.527
461	nan	103025.806
462	nan	139114.888
463	nan	86756.83
464	nan	116131.15
465	nan	116895.973
466	nan	161617.402
467	nan	149073.965
468	nan	150187.852
469	nan	153922.743
470	nan	144634.003
471	nan	149649.773
472	nan	155650.093
473	nan	149293.223
474	nan	122347.299
475	nan	115216.819
476	nan	105034.367
477	nan	72925.206
