index	1ugy_A_1	7c68_A_1
1	nan	11.271
2	nan	1.227
3	nan	0.426
4	nan	0.218
5	nan	0.105
6	nan	0.082
7	nan	0.076
8	nan	0.091
9	nan	0.097
10	nan	0.144
11	nan	0.259
12	nan	0.104
13	nan	0.345
14	nan	0.258
15	nan	0.139
16	nan	0.153
17	nan	0.174
18	nan	0.154
19	nan	0.141
20	nan	0.167
21	nan	0.202
22	nan	0.206
23	nan	0.173
24	nan	0.288
25	nan	0.481
26	nan	0.309
27	nan	0.262
28	nan	0.69
29	nan	1.052
30	nan	0.947
31	nan	0.852
32	nan	0.467
33	nan	0.343
34	nan	0.218
35	nan	0.185
36	0.519	0.158
37	0.821	0.159
38	0.494	0.105
39	0.616	0.159
40	0.421	0.197
41	0.492	0.211
42	0.721	0.331
43	0.296	nan
44	nan	0.19
45	nan	0.131
46	nan	0.192
47	nan	0.249
48	nan	0.189
49	nan	0.153
50	nan	0.182
51	nan	0.219
52	nan	0.168
53	nan	0.2
54	nan	0.426
55	nan	0.436
56	nan	0.422
57	nan	0.493
58	nan	0.354
59	0.382	0.134
60	0.256	0.07
61	0.16	nan
62	0.192	0.056
63	0.144	0.059
64	0.297	0.05
65	0.255	0.054
66	0.24	0.04
67	0.257	0.038
68	0.127	0.076
69	nan	0.047
70	nan	0.039
71	nan	0.032
72	nan	0.036
73	nan	0.066
74	nan	0.064
75	nan	0.103
76	nan	0.181
77	nan	0.223
78	nan	0.145
79	nan	0.078
80	nan	0.099
81	0.083	0.082
82	0.177	0.097
83	0.216	0.136
84	0.485	0.153
85	0.292	0.114
86	nan	0.105
87	nan	0.143
88	nan	0.229
89	nan	0.207
90	nan	0.21
91	nan	0.249
92	nan	0.286
93	nan	0.4
94	nan	0.193
95	nan	0.128
96	0.063	0.224
97	0.068	0.196
98	0.077	0.178
99	0.141	nan
100	0.179	nan
101	0.318	nan
102	0.212	nan
103	0.14	nan
104	nan	0.09
105	nan	0.086
106	nan	0.097
107	nan	0.058
108	0.113	0.048
109	0.137	0.059
110	0.405	0.055
111	nan	0.223
112	nan	2.337
113	2.28	0.603
114	nan	2.688
115	2.515	0.332
116	1.672	0.069
117	0.64	0.041
118	0.547	0.037
119	0.448	0.039
120	0.409	0.04
121	0.825	0.032
122	0.42	0.028
123	0.303	0.039
124	0.317	0.066
125	0.156	0.052
126	0.413	0.049
127	1.32	nan
128	nan	0.057
129	nan	0.048
130	nan	0.052
131	nan	0.066
132	nan	0.05
133	nan	0.08
134	nan	0.134
135	nan	0.089
136	nan	0.093
137	nan	0.162
138	nan	0.182
139	nan	0.143
140	2.557	0.23
141	3.722	0.171
142	0.316	0.254
143	0.452	0.189
144	0.523	nan
145	0.653	nan
146	0.459	nan
147	0.43	nan
148	0.377	nan
149	nan	0.271
150	nan	0.159
151	nan	0.068
152	0.426	0.083
153	0.678	0.108
154	0.52	0.079
155	1.061	0.143
156	1.259	0.178
157	0.373	0.082
158	0.414	0.071
159	nan	0.122
160	nan	0.138
161	nan	0.088
162	nan	0.08
163	nan	0.116
164	nan	0.104
165	nan	0.069
166	nan	0.121
167	nan	0.232
168	nan	0.247
169	nan	0.741
170	nan	0.357
171	nan	0.257
172	0.245	0.214
173	0.327	0.726
174	0.401	0.958
175	nan	0.64
176	nan	0.513
177	nan	0.509
178	0.318	0.231
179	0.552	0.085
180	0.418	0.066
181	0.134	0.046
182	0.152	nan
183	nan	0.041
184	nan	0.053
185	nan	0.082
186	nan	0.045
187	nan	0.045
188	0.445	0.071
189	nan	0.106
190	nan	0.083
191	nan	0.087
192	nan	0.059
193	nan	0.048
194	nan	0.05
195	nan	0.06
196	nan	0.075
197	nan	0.069
198	nan	0.051
199	nan	0.047
200	nan	0.032
201	nan	0.028
202	0.487	0.036
203	1.145	0.043
204	5.436	0.053
205	4.085	0.091
206	1.404	0.049
207	0.385	nan
208	nan	0.108
209	nan	0.095
210	nan	0.108
211	nan	0.348
212	nan	0.724
213	nan	2.383
214	nan	9.907
215	nan	4.483
216	nan	1.496
217	nan	0.251
218	nan	0.192
219	nan	0.117
220	nan	0.071
221	nan	0.068
222	nan	0.096
223	nan	0.099
224	nan	0.133
225	nan	0.07
226	nan	0.037
227	nan	0.062
228	nan	0.062
229	nan	0.036
230	nan	0.049
231	nan	0.075
232	nan	0.098
233	nan	0.093
234	nan	0.09
235	nan	0.092
236	nan	0.099
237	nan	0.063
238	nan	0.104
239	nan	0.158
240	nan	0.127
241	nan	0.079
242	nan	0.063
243	nan	0.124
244	nan	0.161
245	nan	0.176
246	nan	0.07
247	nan	0.069
248	nan	0.107
249	nan	0.079
250	nan	0.07
251	nan	0.102
252	nan	0.191
253	nan	0.115
254	nan	0.074
255	nan	0.102
256	nan	0.109
257	nan	0.079
258	nan	0.058
259	nan	0.097
260	nan	0.131
261	nan	0.102
262	0.141	0.07
263	0.086	0.044
264	0.055	0.044
265	0.086	0.052
266	0.155	0.079
267	0.286	nan
268	0.238	0.055
269	0.228	0.105
270	0.216	0.08
271	0.672	0.063
272	1.247	0.051
273	2.065	0.093
274	nan	0.113
275	nan	0.086
276	nan	0.08
277	nan	0.087
278	nan	0.192
279	nan	0.211
280	0.543	0.28
281	0.445	0.323
282	0.519	1.417
283	0.28	nan
284	0.264	nan
285	nan	0.672
286	nan	0.241
287	0.11	0.104
288	0.187	0.102
289	0.395	0.116
290	0.941	0.311
291	0.561	0.15
292	0.686	0.17
293	0.925	0.092
294	nan	0.106
295	nan	0.203
296	nan	0.101
297	nan	0.127
298	1.555	0.083
299	1.342	0.07
300	1.096	0.089
301	0.759	0.072
302	0.92	0.096
303	nan	0.106
304	nan	0.082
305	nan	0.08
306	6.446	0.26
307	11.471	0.161
308	1.404	0.134
309	0.431	0.086
310	0.227	0.067
311	0.165	nan
312	0.18	0.044
313	0.28	0.048
314	0.436	0.041
315	0.542	0.114
316	0.185	0.057
317	0.1	0.03
318	0.217	0.028
319	0.146	0.033
320	0.077	nan
321	nan	0.055
322	nan	0.048
323	nan	0.065
324	nan	0.099
325	nan	0.186
326	nan	0.155
327	nan	0.738
328	nan	0.253
329	nan	0.192
330	nan	0.28
331	nan	0.184
332	nan	0.089
333	nan	0.093
334	nan	0.124
335	nan	0.095
336	nan	0.067
337	nan	0.07
338	nan	0.078
339	nan	0.074
340	nan	0.061
341	nan	0.079
342	nan	0.109
343	nan	0.171
344	nan	0.072
345	nan	0.048
346	nan	0.065
347	nan	0.079
348	nan	0.069
349	nan	0.048
350	nan	0.075
351	nan	0.1
352	nan	0.074
353	0.082	0.041
354	nan	0.057
355	nan	0.046
356	nan	0.038
357	nan	0.039
358	nan	0.063
359	nan	0.14
360	nan	0.225
361	nan	0.106
362	nan	0.168
363	nan	0.372
364	nan	0.342
365	nan	0.29
366	nan	0.378
367	nan	0.174
368	nan	0.269
369	nan	0.446
370	nan	0.245
371	nan	0.237
372	nan	0.172
373	nan	0.095
374	nan	0.101
375	nan	0.097
376	nan	0.083
377	nan	0.125
378	nan	0.153
379	nan	0.095
380	nan	0.095
381	nan	0.182
382	nan	0.101
383	0.099	0.06
384	0.331	0.094
385	0.833	0.153
386	0.82	0.216
387	0.735	0.208
388	0.356	0.072
389	0.632	0.08
390	1.228	0.049
391	3.36	nan
392	nan	0.072
393	nan	0.058
394	nan	0.087
395	nan	0.069
396	nan	0.055
397	nan	0.075
398	nan	0.097
399	nan	0.068
400	nan	0.052
401	nan	0.05
402	nan	0.067
403	nan	0.075
404	nan	0.064
405	nan	0.064
406	nan	0.083
407	nan	0.076
408	nan	0.067
409	nan	0.103
410	nan	0.099
411	nan	0.098
412	nan	0.195
413	nan	0.362
414	nan	0.44
415	nan	0.342
416	nan	0.224
417	nan	0.325
418	nan	0.306
419	nan	0.317
420	nan	0.202
421	nan	0.112
422	nan	0.12
423	nan	0.158
424	nan	0.105
425	nan	0.066
426	nan	0.096
427	nan	0.128
428	nan	0.085
429	nan	0.072
430	nan	0.138
431	nan	0.138
432	nan	0.071
433	nan	0.088
434	nan	0.138
435	nan	0.096
436	nan	0.109
437	nan	0.397
438	nan	0.723
