index	1ugy_A_1	7c68_A_1
1	nan	35646.125
2	nan	68221.245
3	nan	99769.861
4	nan	128134.42
5	nan	116415.238
6	nan	150801.811
7	nan	118447.582
8	nan	140073.861
9	nan	119395.316
10	nan	115596.378
11	nan	118257.902
12	nan	135204.77
13	nan	125723.121
14	nan	96812.641
15	nan	123137.262
16	nan	126817.132
17	nan	86134.639
18	nan	116314.824
19	nan	121949.587
20	nan	105334.364
21	nan	102316.402
22	nan	111209.844
23	nan	125937.199
24	nan	108720.665
25	nan	88670.016
26	nan	105187.192
27	nan	115590.233
28	nan	75045.097
29	nan	75007.26
30	nan	70565.627
31	nan	97495.797
32	nan	106930.893
33	nan	93497.665
34	nan	127264.127
35	nan	90781.966
36	108205.132	121354.682
37	78229.099	103181.732
38	101269.947	117361.401
39	86882.904	106094.6
40	90920.34	94588.274
41	102238.168	82491.967
42	108476.342	105865.92
43	115096.117	nan
44	nan	82724.186
45	nan	132387.124
46	nan	95706.459
47	nan	91623.102
48	nan	102449.618
49	nan	136502.738
50	nan	118494.707
51	nan	96953.845
52	nan	135891.23
53	nan	145400.285
54	nan	85397.306
55	nan	79223.732
56	nan	112004.186
57	nan	83716.763
58	nan	130256.026
59	104724.149	128996.392
60	106778.248	145326.491
61	169936.206	nan
62	141132.251	160712.403
63	119415.001	162516.058
64	120913.438	137584.71
65	126885.127	147210.849
66	124599.136	175017.611
67	138426.808	166776.935
68	164821.88	157334.008
69	nan	137481.02
70	nan	190473.104
71	nan	199301.255
72	nan	180081.087
73	nan	151553.072
74	nan	165909.811
75	nan	134286.928
76	nan	93671.72
77	nan	108245.824
78	nan	126523.745
79	nan	144977.641
80	nan	122122.393
81	139095.306	119348.369
82	130048.511	146498.967
83	96830.481	112012.22
84	72216.514	89089.543
85	119402.758	141003.249
86	nan	147734.618
87	nan	92013.776
88	nan	101738.749
89	nan	115119.326
90	nan	110494.01
91	nan	124733.596
92	nan	85385.496
93	nan	70587.972
94	nan	129607.609
95	nan	107877.131
96	192065.216	95271.182
97	175542.949	80571.649
98	218402.629	122714.232
99	144613.914	nan
100	126280.565	nan
101	122063.236	nan
102	145173.973	nan
103	141218.238	nan
104	nan	151752.155
105	nan	113530.757
106	nan	112650.417
107	nan	176260.175
108	133640.64	176166.262
109	135699.543	143204.582
110	103259.316	146058.002
111	nan	94504.956
112	nan	73255.945
113	64719.125	94680.794
114	nan	48210.026
115	80825.283	88324.052
116	75537.308	161686.742
117	92201.638	168511.074
118	85763.36	207119.692
119	86440.151	186106.696
120	130796.093	184389.194
121	69712.141	137319.091
122	82494.698	150397.838
123	107140.074	181671.722
124	115395.097	143000.072
125	143155.625	160847.365
126	73449.835	135855.35
127	71331.016	nan
128	nan	186444.308
129	nan	130261.23
130	nan	133002.345
131	nan	136435.404
132	nan	137052.054
133	nan	126438.929
134	nan	105960.579
135	nan	170252.237
136	nan	146568.29
137	nan	94685.14
138	nan	111372.103
139	nan	136250.626
140	71646.034	107772.426
141	86080.699	123729.043
142	99106.385	92848.087
143	93853.754	118276.741
144	95006.849	nan
145	100478.029	nan
146	82384.82	nan
147	99444.296	nan
148	96229.283	nan
149	nan	90975.362
150	nan	96612.056
151	nan	134838.577
152	107857.321	126691.425
153	81544.346	131595.745
154	92433.082	128886.476
155	86742.362	102402.819
156	68421.919	82491.913
157	101232.144	135324.022
158	108730.74	123699.03
159	nan	110092.258
160	nan	116095.296
161	nan	166292.363
162	nan	136122.475
163	nan	127343.783
164	nan	107778.687
165	nan	159600.392
166	nan	117241.194
167	nan	98421.24
168	nan	117119.398
169	nan	81990.659
170	nan	100347.857
171	nan	99352.463
172	131762.025	124578.781
173	107286.477	81002.878
174	111781.3	68099.616
175	nan	87527.317
176	nan	67292.461
177	nan	96744.128
178	122975.648	111095.523
179	128442.29	141259.632
180	180040.194	170915.718
181	127978.691	164081.901
182	140879.778	nan
183	nan	146772.912
184	nan	163152.584
185	nan	157149.579
186	nan	167187.571
187	nan	206083.669
188	147821.285	125596.508
189	nan	109508.833
190	nan	140923.325
191	nan	103776.794
192	nan	128826.224
193	nan	166697.505
194	nan	141255.749
195	nan	122744.438
196	nan	131111.254
197	nan	162218.866
198	nan	168891.501
199	nan	169963.978
200	nan	137260.657
201	nan	185131.726
202	98763.23	131995.216
203	99258.23	185014.524
204	55977.161	160951.258
205	60473.309	140128.485
206	72080.297	170483.207
207	108020.345	nan
208	nan	122298.789
209	nan	130959.913
210	nan	128384.021
211	nan	83900.638
212	nan	76046.108
213	nan	70968.97
214	nan	48444.198
215	nan	54949.667
216	nan	65553.584
217	nan	96559.591
218	nan	119925.134
219	nan	154146.599
220	nan	154555.65
221	nan	158983.465
222	nan	139242.864
223	nan	123898.94
224	nan	96615.259
225	nan	122086.497
226	nan	177097.855
227	nan	149519.501
228	nan	117860.999
229	nan	187127.49
230	nan	153131.19
231	nan	119755.03
232	nan	107019.899
233	nan	120493.357
234	nan	142768.254
235	nan	120251.284
236	nan	119488.131
237	nan	166607.999
238	nan	108533.454
239	nan	83119.609
240	nan	124344.855
241	nan	117189.927
242	nan	153928.688
243	nan	124636.847
244	nan	122010.113
245	nan	82763.738
246	nan	154608.479
247	nan	143386.102
248	nan	105063.932
249	nan	118221.993
250	nan	130282.193
251	nan	132580.455
252	nan	105998.122
253	nan	97680.915
254	nan	149596.838
255	nan	116883.115
256	nan	117798.624
257	nan	122816.869
258	nan	141317.204
259	nan	133685.735
260	nan	125749.077
261	nan	172091.154
262	152767.158	126104.931
263	173078.688	164136.662
264	155592.145	198424.257
265	193900.523	152342.437
266	147281.143	122238.819
267	138888.851	nan
268	116183.667	149275.711
269	114115.039	131551.081
270	127495.695	171248.977
271	81895.928	159763.827
272	66987.559	117640.727
273	69474.564	132942.749
274	nan	136306.115
275	nan	125721.765
276	nan	124659.443
277	nan	155338.693
278	nan	93972.692
279	nan	117500.99
280	93770.074	105323.788
281	87173.934	89145.581
282	125284.018	68852.463
283	110102.99	nan
284	112152.041	nan
285	nan	78016.369
286	nan	122121.684
287	186801.301	157454.241
288	130657.86	120521.85
289	115150.402	134430.44
290	97925.848	81574.354
291	111795.924	100369.411
292	86253.175	111985.789
293	96371.86	161332.761
294	nan	142763.181
295	nan	77082.004
296	nan	106328.895
297	nan	120734.272
298	76436.188	151924.364
299	82912.553	135050.435
300	84288.304	155855.06
301	88779.042	148593.058
302	89105.147	126342.786
303	nan	144507.509
304	nan	147470.34
305	nan	170698.984
306	50246.35	97216.454
307	55304.284	87671.27
308	102163.904	126293.021
309	108339.683	106959.703
310	128395.021	124702.188
311	137944.125	nan
312	164925.338	162589.408
313	112980.507	135574.209
314	106742.715	131792.958
315	142886.155	185323.37
316	136542.512	194270.597
317	143670.982	159704.483
318	145185.35	167947.365
319	101115.284	161218.119
320	139131.961	nan
321	nan	201907.906
322	nan	161127.396
323	nan	136865.671
324	nan	114700.968
325	nan	86574.423
326	nan	128011.657
327	nan	68597.915
328	nan	97928.328
329	nan	101585.342
330	nan	82890.633
331	nan	100163.521
332	nan	155694.727
333	nan	121875.589
334	nan	103716.0
335	nan	131000.39
336	nan	149988.395
337	nan	132864.618
338	nan	110729.257
339	nan	136726.916
340	nan	191515.942
341	nan	161981.878
342	nan	115442.295
343	nan	83917.819
344	nan	144403.067
345	nan	150321.067
346	nan	150162.491
347	nan	107764.438
348	nan	124402.317
349	nan	172172.724
350	nan	112435.077
351	nan	119790.126
352	nan	145445.94
353	174353.674	174563.369
354	nan	141294.977
355	nan	151512.358
356	nan	170046.151
357	nan	192376.07
358	nan	153709.654
359	nan	101709.284
360	nan	96319.442
361	nan	145791.91
362	nan	94969.039
363	nan	87432.269
364	nan	89260.699
365	nan	77951.358
366	nan	105742.291
367	nan	113514.282
368	nan	92019.868
369	nan	70758.97
370	nan	92148.632
371	nan	84706.128
372	nan	113092.291
373	nan	139165.447
374	nan	98502.781
375	nan	129083.051
376	nan	139827.715
377	nan	119550.317
378	nan	84521.062
379	nan	145335.071
380	nan	134669.366
381	nan	73470.34
382	nan	95426.023
383	141364.929	158984.903
384	102457.018	94592.634
385	89259.842	116656.023
386	88275.936	91468.026
387	93525.733	106744.975
388	92682.356	157492.307
389	101439.731	138407.777
390	87839.536	153857.366
391	56771.808	nan
392	nan	169127.27
393	nan	123602.204
394	nan	159486.201
395	nan	137839.478
396	nan	155039.884
397	nan	131276.065
398	nan	119340.757
399	nan	131151.723
400	nan	172520.779
401	nan	151310.649
402	nan	112546.109
403	nan	128128.644
404	nan	146919.554
405	nan	168029.954
406	nan	100902.337
407	nan	165258.795
408	nan	129851.335
409	nan	122466.461
410	nan	125377.16
411	nan	144526.187
412	nan	125938.573
413	nan	66166.973
414	nan	92965.423
415	nan	74518.164
416	nan	119563.868
417	nan	88840.252
418	nan	79867.458
419	nan	71151.787
420	nan	109350.135
421	nan	134292.215
422	nan	112434.184
423	nan	93552.478
424	nan	122589.803
425	nan	138017.629
426	nan	114423.757
427	nan	96108.327
428	nan	163708.949
429	nan	147805.364
430	nan	110421.622
431	nan	124675.962
432	nan	150858.824
433	nan	129585.324
434	nan	87808.609
435	nan	136311.463
436	nan	124025.162
437	nan	73271.736
438	nan	65358.192
