index	6jys_A	1ovs_A
1	2.511	nan
2	0.55	nan
3	0.595	nan
4	0.152	nan
5	0.206	nan
6	0.141	nan
7	0.172	nan
8	0.121	nan
9	0.156	nan
10	0.059	nan
11	0.06	nan
12	0.077	nan
13	0.071	nan
14	0.047	nan
15	0.025	nan
16	0.018	nan
17	0.017	nan
18	0.022	nan
19	0.031	nan
20	0.042	nan
21	0.056	nan
22	0.035	nan
23	0.027	nan
24	0.039	nan
25	0.066	nan
26	0.039	nan
27	0.045	nan
28	0.052	nan
29	0.095	nan
30	0.101	nan
31	0.248	nan
32	1.328	nan
33	1.159	nan
34	0.184	nan
35	0.126	nan
36	0.055	nan
37	0.057	nan
38	0.037	nan
39	0.022	nan
40	0.017	nan
41	0.02	nan
42	0.018	nan
43	0.022	nan
44	0.024	nan
45	0.035	nan
46	0.043	nan
47	0.03	nan
48	0.046	nan
49	0.038	nan
50	nan	31.627
51	0.035	4.515
52	0.018	0.179
53	0.02	0.088
54	0.02	0.098
55	0.057	0.162
56	0.072	0.12
57	0.069	nan
58	0.046	nan
59	0.059	nan
60	0.034	nan
61	0.02	nan
62	0.022	nan
63	0.028	nan
64	0.036	nan
65	0.037	nan
66	0.025	nan
67	0.029	nan
68	0.033	nan
69	0.056	nan
70	0.109	nan
71	0.129	nan
72	0.767	nan
73	0.361	nan
74	0.564	nan
75	0.146	nan
76	0.032	nan
77	0.045	nan
78	0.029	nan
79	0.026	nan
80	0.022	nan
81	0.023	nan
82	0.033	0.159
83	0.036	0.246
84	0.037	0.108
85	0.05	0.118
86	0.201	nan
87	0.129	nan
88	0.243	nan
89	0.184	nan
90	0.1	nan
91	0.194	nan
92	0.143	nan
93	0.283	nan
94	0.23	nan
95	0.317	nan
96	0.061	nan
97	0.035	nan
98	0.027	nan
99	0.031	nan
100	0.019	nan
101	nan	0.135
102	0.022	0.071
103	0.027	0.069
104	0.035	0.063
105	0.034	0.064
106	0.032	0.08
107	0.028	0.051
108	0.029	nan
109	nan	0.045
110	nan	0.03
111	nan	0.042
112	nan	0.087
113	0.024	0.203
114	0.024	0.18
115	0.025	0.083
116	0.034	0.041
117	0.029	0.046
118	0.033	0.049
119	nan	0.058
120	nan	0.052
121	0.058	0.047
122	0.103	0.046
123	0.527	0.128
124	0.93	0.259
125	2.343	nan
126	8.295	nan
127	9.374	nan
128	10.73	nan
129	4.076	nan
130	3.093	nan
131	5.08	nan
132	1.038	nan
133	nan	0.328
134	0.341	0.128
135	0.207	0.144
136	0.078	0.152
137	0.049	0.1
138	0.032	0.091
139	0.029	0.077
140	0.024	0.078
141	0.026	0.085
142	0.03	0.087
143	0.03	0.106
144	0.076	0.29
145	0.053	0.137
146	0.069	nan
147	0.037	nan
148	0.018	nan
149	0.019	nan
150	0.016	nan
151	0.02	nan
152	0.031	nan
153	0.031	nan
154	0.025	0.183
155	0.022	0.08
156	0.019	0.076
157	0.018	0.089
158	0.025	0.109
159	0.049	0.229
160	0.107	0.08
161	0.115	0.164
162	0.112	nan
163	0.247	nan
164	0.134	0.071
165	0.174	0.047
166	0.099	0.089
167	0.071	nan
168	0.081	nan
169	0.049	nan
170	0.054	0.218
171	0.035	0.167
172	0.036	0.051
173	0.037	0.061
174	0.042	0.062
175	0.047	0.077
176	0.045	0.077
177	0.027	0.092
178	0.045	0.049
179	0.07	0.062
180	0.251	0.081
181	1.261	0.787
182	0.863	0.654
183	0.133	0.335
184	0.124	nan
185	0.052	nan
186	0.051	nan
187	0.044	nan
188	0.057	0.116
189	0.048	0.063
190	0.042	0.081
191	0.049	0.076
192	0.043	0.068
193	0.027	0.079
194	0.028	0.299
195	0.048	nan
196	0.391	nan
197	0.456	nan
198	0.324	nan
199	0.323	nan
200	0.127	nan
201	0.104	nan
202	0.063	nan
203	0.069	nan
204	0.048	nan
205	0.12	nan
206	0.069	nan
207	0.139	0.166
208	0.149	0.491
209	0.134	0.659
210	0.557	2.333
211	0.241	10.201
212	0.651	6.865
213	0.219	3.276
214	0.052	0.694
215	0.035	nan
216	0.024	nan
217	0.021	nan
218	0.027	nan
219	0.02	nan
220	0.026	nan
221	0.034	nan
222	0.045	nan
223	0.071	nan
224	0.056	nan
225	0.059	nan
226	0.106	nan
227	0.124	nan
228	0.186	nan
229	0.344	nan
230	2.501	nan
231	10.429	nan
232	1.233	nan
233	0.493	nan
234	0.087	nan
235	0.062	nan
236	0.042	nan
237	0.027	nan
238	0.023	nan
239	0.021	nan
240	0.025	nan
241	0.017	nan
242	0.02	nan
243	0.036	nan
244	0.029	nan
245	0.027	nan
246	0.038	nan
247	0.035	nan
248	0.026	nan
249	0.041	nan
250	0.095	nan
251	0.097	nan
252	0.055	nan
253	0.089	nan
254	0.115	nan
255	0.184	nan
256	0.224	nan
257	0.117	nan
258	0.076	0.172
259	0.036	0.094
260	0.032	0.067
261	0.032	0.085
262	0.039	0.056
263	0.047	0.038
264	0.04	0.025
265	0.074	0.04
266	0.123	nan
267	0.429	0.083
268	1.377	0.809
269	nan	1.625
270	1.278	2.027
271	0.607	0.447
272	0.426	0.469
273	0.134	0.047
274	0.14	0.047
275	0.125	nan
276	0.05	0.029
277	0.043	0.026
278	0.023	nan
279	0.021	nan
280	0.027	nan
281	0.035	nan
282	0.04	0.042
283	0.032	0.065
284	0.031	0.071
285	0.026	0.068
286	0.022	0.095
287	0.035	0.132
288	0.05	0.288
289	0.11	nan
290	0.215	0.614
291	0.221	21.83
292	0.17	nan
293	0.199	nan
294	0.108	nan
295	0.158	nan
296	0.628	nan
297	0.405	nan
298	0.245	nan
299	0.299	nan
300	0.171	nan
301	0.087	nan
302	0.093	nan
303	0.067	nan
304	0.084	nan
305	0.075	nan
306	0.104	nan
307	0.17	nan
308	0.073	nan
309	0.129	nan
310	0.2	nan
311	0.377	nan
312	0.482	nan
313	0.387	nan
314	0.347	nan
315	0.143	nan
316	0.209	nan
317	0.17	nan
318	0.215	nan
