index	6jys_A	1ovs_A
1	44041.658	nan
2	59375.822	nan
3	81908.963	nan
4	101278.709	nan
5	97342.571	nan
6	100533.829	nan
7	87056.614	nan
8	74886.307	nan
9	95128.313	nan
10	121253.4	nan
11	127170.55	nan
12	110182.015	nan
13	85799.096	nan
14	120246.827	nan
15	152608.598	nan
16	172290.889	nan
17	204327.515	nan
18	148841.87	nan
19	141547.735	nan
20	141004.424	nan
21	115741.89	nan
22	124998.705	nan
23	147998.571	nan
24	102605.385	nan
25	110216.636	nan
26	130056.191	nan
27	110493.734	nan
28	143726.75	nan
29	147013.529	nan
30	117563.611	nan
31	99646.994	nan
32	59969.704	nan
33	52727.025	nan
34	81590.016	nan
35	95668.644	nan
36	124893.268	nan
37	117993.953	nan
38	153117.966	nan
39	158101.951	nan
40	173563.38	nan
41	236330.087	nan
42	148531.554	nan
43	167464.084	nan
44	147777.911	nan
45	155018.444	nan
46	134793.977	nan
47	160593.013	nan
48	99368.582	nan
49	123311.148	nan
50	nan	34275.312
51	121654.391	51844.601
52	182939.776	91261.332
53	165032.348	168995.3
54	175237.063	111450.802
55	122143.789	104832.545
56	108622.34	104631.813
57	99028.771	nan
58	140514.278	nan
59	102338.441	nan
60	154182.567	nan
61	155582.26	nan
62	152165.457	nan
63	157656.353	nan
64	129542.295	nan
65	122945.882	nan
66	178885.357	nan
67	111470.86	nan
68	151793.404	nan
69	112529.183	nan
70	120728.792	nan
71	97400.75	nan
72	59900.564	nan
73	75441.927	nan
74	66162.603	nan
75	75625.826	nan
76	140257.424	nan
77	119682.628	nan
78	146129.974	nan
79	153581.975	nan
80	161614.568	nan
81	130974.185	nan
82	153838.187	117746.504
83	158242.678	91686.423
84	118283.26	120151.193
85	138276.895	93698.014
86	76464.981	nan
87	101209.94	nan
88	77704.086	nan
89	83704.963	nan
90	98994.969	nan
91	84660.091	nan
92	104185.529	nan
93	63925.823	nan
94	76396.402	nan
95	70091.567	nan
96	129013.268	nan
97	155863.825	nan
98	189639.776	nan
99	165472.247	nan
100	145580.576	nan
101	nan	113420.125
102	206134.741	98827.114
103	157943.387	123114.241
104	138443.026	153409.599
105	147736.445	144127.82
106	124646.182	131598.213
107	142659.109	186485.047
108	177727.451	nan
109	nan	137592.554
110	nan	201022.597
111	nan	136338.933
112	nan	137793.646
113	149321.239	85079.117
114	158381.302	127208.803
115	132388.983	119878.242
116	180048.08	157272.045
117	134531.861	146903.213
118	150925.356	167348.206
119	nan	130301.601
120	nan	154860.843
121	128961.03	133463.918
122	111225.399	151531.781
123	76417.803	108933.87
124	66735.13	80316.913
125	76512.561	nan
126	62586.463	nan
127	55828.885	nan
128	63242.137	nan
129	68085.81	nan
130	82270.645	nan
131	53967.747	nan
132	90543.965	nan
133	nan	75688.617
134	100318.642	98725.242
135	115386.447	115648.327
136	138026.981	117980.689
137	126572.638	108528.495
138	158296.725	110624.567
139	148785.944	118436.585
140	127317.816	149316.286
141	157244.796	114464.285
142	161633.736	129020.957
143	155115.888	101025.384
144	113120.235	73697.164
145	119635.403	99835.015
146	114501.104	nan
147	122356.454	nan
148	147973.87	nan
149	163879.754	nan
150	174485.285	nan
151	145402.87	nan
152	113660.713	nan
153	165520.659	nan
154	150510.173	114120.439
155	155223.596	114548.448
156	195519.128	126239.632
157	159820.868	142336.214
158	127376.999	100582.746
159	143164.368	85376.476
160	87995.882	93328.051
161	85616.074	109463.738
162	125248.855	nan
163	84518.582	nan
164	132026.953	120783.493
165	89845.194	161726.686
166	83333.771	139416.278
167	83317.388	nan
168	94229.848	nan
169	95693.929	nan
170	148626.987	86595.219
171	108802.874	99558.621
172	125342.744	159066.697
173	122504.734	122293.27
174	146301.925	162848.667
175	110884.779	128870.577
176	173331.482	158053.777
177	145879.75	127312.32
178	165460.546	161504.052
179	129476.707	148601.814
180	88145.282	130112.727
181	51080.853	68231.114
182	57269.478	77516.61
183	107651.397	67727.441
184	109260.477	nan
185	115228.989	nan
186	103509.324	nan
187	114398.204	nan
188	97992.379	96830.074
189	108575.187	144017.515
190	122500.438	102838.777
191	145391.183	128703.041
192	122134.562	114984.24
193	140275.366	128089.753
194	147256.201	108385.83
195	151198.204	nan
196	79443.712	nan
197	65117.606	nan
198	86112.185	nan
199	75405.842	nan
200	102709.724	nan
201	96912.329	nan
202	92104.681	nan
203	110988.021	nan
204	143704.164	nan
205	87085.784	nan
206	104198.062	nan
207	101276.168	89617.221
208	115022.471	86671.797
209	110725.894	86071.737
210	69996.074	68768.651
211	74319.226	50132.137
212	69916.313	52831.338
213	117130.189	61037.631
214	128630.961	85727.982
215	146224.353	nan
216	153404.66	nan
217	150806.762	nan
218	129167.102	nan
219	139699.918	nan
220	131749.538	nan
221	156265.312	nan
222	94574.869	nan
223	127155.887	nan
224	110511.373	nan
225	131321.879	nan
226	101774.84	nan
227	86693.136	nan
228	113735.269	nan
229	90665.923	nan
230	55086.391	nan
231	51889.845	nan
232	57315.791	nan
233	74575.163	nan
234	127535.978	nan
235	94978.373	nan
236	131129.525	nan
237	136937.591	nan
238	163130.35	nan
239	146423.023	nan
240	149950.703	nan
241	174652.03	nan
242	154003.03	nan
243	120634.168	nan
244	119967.281	nan
245	175133.872	nan
246	124526.802	nan
247	112084.129	nan
248	143721.946	nan
249	110191.261	nan
250	82892.48	nan
251	94068.894	nan
252	128108.797	nan
253	127202.395	nan
254	98571.676	nan
255	123099.339	nan
256	76229.821	nan
257	97475.009	nan
258	100253.157	114240.605
259	143458.375	108387.598
260	175693.761	162122.598
261	144482.614	132223.165
262	137645.442	157034.764
263	113896.036	182136.184
264	122456.637	173863.225
265	139594.833	131047.508
266	115750.548	nan
267	94621.918	124091.034
268	60345.792	99914.909
269	nan	56175.362
270	59629.866	55815.414
271	86712.055	78038.059
272	70512.424	79158.539
273	104298.353	107214.628
274	102843.233	132852.762
275	104055.348	nan
276	123009.278	166657.201
277	181812.134	221512.152
278	148480.448	nan
279	153498.396	nan
280	131926.924	nan
281	112798.847	nan
282	124632.113	161298.973
283	179898.087	162509.104
284	124272.992	137203.68
285	142762.287	143719.905
286	163894.65	130391.292
287	166857.821	101123.427
288	149163.792	97492.25
289	110716.671	nan
290	91360.519	69622.425
291	100039.669	38210.971
292	77275.774	nan
293	78476.459	nan
294	91004.46	nan
295	91308.597	nan
296	63038.123	nan
297	86781.385	nan
298	84876.43	nan
299	85042.684	nan
300	87628.326	nan
301	163411.028	nan
302	114132.417	nan
303	110054.566	nan
304	96771.519	nan
305	97429.982	nan
306	86768.386	nan
307	98375.904	nan
308	91009.153	nan
309	109771.163	nan
310	81762.74	nan
311	70264.578	nan
312	54777.168	nan
313	73774.307	nan
314	84580.73	nan
315	107046.75	nan
316	94931.152	nan
317	85362.079	nan
318	80680.285	nan
