index	6orh_A	1ugy_A
1	16.791	nan
2	2.041	nan
3	1.486	nan
4	0.315	nan
5	0.169	nan
6	0.199	nan
7	0.132	nan
8	0.103	nan
9	0.114	nan
10	0.177	nan
11	0.161	nan
12	0.111	nan
13	0.073	nan
14	0.076	nan
15	0.092	nan
16	0.074	nan
17	0.065	nan
18	0.094	nan
19	0.086	nan
20	0.055	nan
21	0.047	nan
22	0.037	nan
23	0.031	nan
24	0.031	nan
25	0.036	nan
26	0.042	nan
27	0.059	nan
28	0.069	nan
29	0.052	nan
30	0.053	nan
31	0.044	nan
32	0.086	nan
33	0.133	nan
34	0.136	nan
35	0.179	nan
36	0.186	nan
37	0.252	nan
38	0.121	nan
39	0.137	nan
40	0.087	nan
41	0.289	nan
42	0.238	nan
43	0.266	nan
44	0.135	nan
45	0.147	nan
46	0.18	nan
47	0.105	nan
48	0.112	nan
49	0.114	nan
50	0.253	nan
51	0.155	nan
52	0.098	nan
53	0.12	nan
54	0.081	nan
55	0.069	nan
56	0.077	nan
57	0.072	nan
58	0.051	nan
59	0.071	nan
60	0.079	nan
61	0.057	nan
62	0.066	nan
63	0.126	nan
64	0.106	nan
65	nan	0.519
66	nan	0.821
67	nan	0.494
68	nan	0.616
69	0.12	0.421
70	0.06	0.492
71	0.055	0.721
72	0.042	0.296
73	0.031	0.382
74	0.026	nan
75	0.03	nan
76	0.029	nan
77	0.039	nan
78	0.035	nan
79	0.042	nan
80	0.042	nan
81	0.043	nan
82	0.037	nan
83	0.048	nan
84	0.039	nan
85	0.041	nan
86	0.058	nan
87	0.094	nan
88	0.177	nan
89	0.4	nan
90	0.3	nan
91	0.34	nan
92	0.27	nan
93	0.119	nan
94	0.059	nan
95	0.057	nan
96	0.099	nan
97	0.136	nan
98	0.095	nan
99	0.134	nan
100	0.142	nan
101	0.192	nan
102	0.224	nan
103	0.134	nan
104	0.224	nan
105	0.179	nan
106	0.079	nan
107	0.062	nan
108	0.059	nan
109	0.053	nan
110	0.059	nan
111	0.042	nan
112	0.04	nan
113	0.066	nan
114	0.053	nan
115	0.039	nan
116	0.06	nan
117	0.119	nan
118	0.122	nan
119	0.113	0.256
120	0.057	0.16
121	0.042	0.192
122	0.03	nan
123	0.023	nan
124	0.028	nan
125	0.032	nan
126	0.038	nan
127	0.052	nan
128	0.078	nan
129	0.074	nan
130	0.059	nan
131	0.081	nan
132	0.091	nan
133	0.15	nan
134	0.421	nan
135	0.171	nan
136	0.154	nan
137	0.249	nan
138	0.357	nan
139	0.807	nan
140	0.271	nan
141	0.185	nan
142	0.283	nan
143	0.213	nan
144	0.108	nan
145	0.119	nan
146	0.139	nan
147	0.12	nan
148	0.1	nan
149	0.094	nan
150	0.098	nan
151	0.08	nan
152	0.074	nan
153	0.084	nan
154	0.102	nan
155	0.088	nan
156	0.081	nan
157	0.127	nan
158	0.139	nan
159	0.123	nan
160	0.161	nan
161	0.055	nan
162	0.036	nan
163	0.051	nan
164	0.14	nan
165	0.074	nan
166	0.078	nan
167	0.055	nan
168	0.045	nan
169	0.045	nan
170	0.039	nan
171	0.048	nan
172	0.055	nan
173	0.107	nan
174	0.234	nan
175	0.294	nan
176	0.42	nan
177	0.668	nan
178	3.26	nan
179	3.495	nan
180	0.599	nan
181	0.511	nan
182	0.662	nan
183	0.311	nan
184	0.545	nan
185	0.316	nan
186	0.239	nan
187	0.217	nan
188	0.271	nan
189	0.207	nan
190	0.126	nan
191	0.132	nan
192	0.16	nan
193	0.123	nan
194	0.089	nan
195	0.109	nan
196	0.168	nan
197	0.135	nan
198	0.118	nan
199	0.129	nan
200	0.225	nan
201	0.078	nan
202	0.054	nan
203	0.043	nan
204	0.036	nan
205	0.066	nan
206	0.095	nan
207	0.1	nan
208	0.142	nan
209	0.076	nan
210	0.043	nan
211	0.037	nan
212	0.043	nan
213	0.054	nan
214	0.03	nan
215	0.062	nan
216	0.155	nan
217	0.095	nan
218	0.089	nan
219	0.04	nan
220	0.057	nan
221	0.051	nan
222	0.051	nan
223	0.111	nan
224	0.06	nan
225	0.039	nan
226	0.036	nan
227	0.042	nan
228	0.038	nan
229	0.051	nan
230	0.1	nan
231	0.118	nan
232	0.278	nan
233	0.227	nan
234	0.13	nan
235	0.135	nan
236	0.364	nan
237	0.464	nan
238	0.229	nan
239	0.146	nan
240	0.13	nan
241	0.123	nan
242	0.073	nan
243	0.038	nan
244	nan	0.144
245	nan	0.297
246	nan	0.255
247	nan	0.24
248	0.041	0.257
249	0.041	0.127
250	0.045	0.083
251	0.075	0.177
252	0.205	0.216
253	0.263	0.485
254	0.071	0.292
255	0.11	0.063
256	0.085	0.068
257	0.053	0.077
258	0.041	0.141
259	0.031	0.179
260	0.029	0.318
261	0.036	nan
262	0.03	nan
263	0.04	nan
264	0.059	nan
265	0.038	nan
266	0.068	nan
267	0.095	nan
268	0.202	nan
269	0.135	nan
270	0.073	nan
271	0.045	nan
272	0.057	nan
273	0.161	nan
274	0.563	nan
275	0.929	nan
276	0.359	nan
277	0.415	nan
278	0.098	nan
279	0.188	nan
280	0.169	nan
281	0.151	nan
282	0.173	nan
283	0.127	nan
284	0.085	nan
285	0.091	nan
286	0.091	nan
287	0.067	nan
288	0.057	nan
289	0.05	nan
290	0.038	nan
291	0.027	nan
292	0.026	nan
293	0.029	nan
294	0.029	nan
295	0.033	nan
296	0.031	0.212
297	0.033	0.14
298	0.033	0.113
299	0.03	0.137
300	0.035	0.405
301	0.031	2.28
302	0.044	nan
303	0.032	nan
304	0.049	nan
305	0.063	nan
306	0.102	nan
307	0.076	nan
308	0.049	nan
309	0.075	nan
310	0.071	nan
311	0.132	nan
312	0.201	nan
313	0.167	nan
314	0.087	nan
315	0.099	nan
316	0.137	nan
317	0.104	nan
318	0.089	nan
319	0.096	nan
320	0.115	nan
321	0.107	nan
322	0.112	nan
323	0.144	nan
324	0.151	nan
325	0.161	nan
326	0.215	nan
327	0.185	nan
328	0.138	nan
329	0.215	nan
330	0.533	nan
331	0.374	nan
332	0.127	nan
333	0.118	nan
334	0.081	nan
335	0.14	nan
336	nan	2.515
337	nan	1.672
338	0.167	0.64
339	0.141	0.547
340	0.148	0.448
341	0.133	0.409
342	0.173	0.825
343	nan	0.42
344	0.201	0.303
345	0.264	0.317
346	0.17	0.156
347	0.253	0.413
348	0.532	1.32
349	0.594	2.557
350	0.724	3.722
351	0.15	nan
352	0.154	nan
353	0.107	nan
354	0.12	nan
355	0.088	nan
356	0.06	nan
357	0.088	nan
358	0.198	nan
359	0.469	nan
360	0.498	nan
361	0.623	nan
362	0.832	nan
363	0.268	nan
364	0.091	nan
365	0.065	nan
366	0.116	nan
367	0.139	nan
368	0.259	nan
369	0.404	nan
370	0.856	nan
371	nan	0.316
372	0.341	0.452
373	0.193	0.523
374	0.154	0.653
375	0.12	0.459
376	0.102	0.43
377	0.104	0.377
378	0.107	0.426
379	0.137	0.678
380	0.156	0.52
381	0.546	nan
382	0.779	1.061
383	0.277	1.259
384	0.347	nan
385	nan	0.373
386	0.223	0.414
387	0.118	0.245
388	0.122	0.327
389	0.074	0.401
390	0.054	0.318
391	0.056	0.552
392	0.045	0.418
393	0.042	0.134
394	0.04	0.152
395	0.091	0.445
396	nan	0.487
397	0.057	1.145
398	0.129	5.436
399	0.128	4.085
400	0.065	1.404
401	0.061	0.385
402	0.086	0.141
403	0.054	0.086
404	0.052	nan
405	0.065	nan
406	0.108	0.055
407	0.124	0.086
408	0.096	0.155
409	0.106	0.286
410	0.121	0.238
411	0.283	0.228
412	0.819	0.216
413	4.525	0.672
414	2.806	1.247
415	1.452	2.065
416	0.513	0.543
417	0.586	0.445
418	0.276	0.519
419	0.151	0.28
420	0.166	0.264
421	0.153	0.11
422	0.184	nan
423	0.051	nan
424	0.045	0.187
425	0.039	0.395
426	0.037	0.941
427	nan	0.561
428	0.036	0.686
429	0.032	0.925
430	0.028	1.555
431	0.038	1.342
432	0.084	1.096
433	0.114	0.759
434	0.169	0.92
435	0.43	6.446
436	0.223	nan
437	0.368	nan
438	0.236	nan
439	0.267	nan
440	0.233	11.471
441	0.148	1.404
442	0.118	0.431
443	0.101	0.227
444	0.074	0.165
445	0.09	0.18
446	0.066	0.28
447	0.098	0.436
448	0.093	0.542
449	0.089	0.185
450	0.143	0.1
451	nan	0.217
452	0.171	0.146
453	0.226	nan
454	0.111	nan
455	0.073	0.077
456	0.045	0.082
457	0.053	0.099
458	0.061	0.331
459	0.055	0.833
460	0.082	0.82
461	0.058	0.735
462	0.08	0.356
463	0.124	0.632
464	0.257	1.228
465	0.708	nan
466	nan	3.36
