index	6orh_A	1ugy_A
1	27963.242	nan
2	63720.264	nan
3	52871.813	nan
4	92457.933	nan
5	95322.484	nan
6	139406.406	nan
7	120122.436	nan
8	114185.764	nan
9	130764.915	nan
10	102765.805	nan
11	76638.741	nan
12	111484.559	nan
13	129685.228	nan
14	120401.214	nan
15	109675.788	nan
16	113834.627	nan
17	138780.831	nan
18	108146.745	nan
19	98786.949	nan
20	124630.078	nan
21	139948.425	nan
22	179790.402	nan
23	180747.296	nan
24	135340.952	nan
25	150335.385	nan
26	130967.634	nan
27	133466.152	nan
28	196431.321	nan
29	157189.011	nan
30	143669.465	nan
31	155668.454	nan
32	111088.886	nan
33	90413.715	nan
34	98906.853	nan
35	91252.038	nan
36	87086.465	nan
37	80283.759	nan
38	141315.941	nan
39	96270.721	nan
40	136659.304	nan
41	69907.292	nan
42	100060.193	nan
43	86443.114	nan
44	130190.008	nan
45	89472.542	nan
46	88306.429	nan
47	128239.565	nan
48	119898.25	nan
49	131710.398	nan
50	92010.424	nan
51	77136.37	nan
52	109147.418	nan
53	95199.157	nan
54	148074.785	nan
55	101017.195	nan
56	102165.958	nan
57	119041.879	nan
58	165058.459	nan
59	100043.481	nan
60	124423.226	nan
61	147046.357	nan
62	122707.926	nan
63	89810.917	nan
64	121312.622	nan
65	nan	108205.132
66	nan	78229.099
67	nan	101269.947
68	nan	86882.904
69	132987.042	90920.34
70	122451.804	102238.168
71	124140.462	108476.342
72	152747.031	115096.117
73	168071.322	104724.149
74	157838.106	nan
75	157876.864	nan
76	155786.714	nan
77	159162.522	nan
78	150493.598	nan
79	141671.608	nan
80	138315.413	nan
81	147696.552	nan
82	184217.817	nan
83	139914.735	nan
84	157677.09	nan
85	150949.629	nan
86	125108.926	nan
87	127004.464	nan
88	114560.957	nan
89	82591.45	nan
90	79132.201	nan
91	97894.799	nan
92	84870.45	nan
93	104864.086	nan
94	165020.127	nan
95	169371.692	nan
96	121668.797	nan
97	116410.379	nan
98	148464.859	nan
99	112753.37	nan
100	113090.17	nan
101	88750.287	nan
102	69409.289	nan
103	129370.745	nan
104	76155.141	nan
105	145768.014	nan
106	114715.223	nan
107	132127.026	nan
108	144369.673	nan
109	123248.142	nan
110	114554.22	nan
111	159940.73	nan
112	177384.198	nan
113	118898.244	nan
114	154583.751	nan
115	184856.015	nan
116	137884.28	nan
117	86512.4	nan
118	100218.34	nan
119	101902.915	106778.248
120	138925.939	169936.206
121	148992.258	141132.251
122	159764.366	nan
123	201339.597	nan
124	162147.485	nan
125	123725.677	nan
126	139578.888	nan
127	151688.722	nan
128	141790.982	nan
129	115447.384	nan
130	146327.598	nan
131	156243.778	nan
132	107179.677	nan
133	123629.485	nan
134	75926.015	nan
135	109621.465	nan
136	119936.854	nan
137	106080.209	nan
138	97275.761	nan
139	68763.895	nan
140	90700.973	nan
141	117397.178	nan
142	104578.351	nan
143	98404.617	nan
144	122511.319	nan
145	128382.888	nan
146	112374.555	nan
147	103226.613	nan
148	121417.272	nan
149	120844.715	nan
150	115601.348	nan
151	116650.071	nan
152	136134.722	nan
153	111569.489	nan
154	105213.919	nan
155	136596.175	nan
156	142329.624	nan
157	113840.837	nan
158	94577.744	nan
159	94453.093	nan
160	101495.01	nan
161	124890.957	nan
162	204835.972	nan
163	146068.568	nan
164	122591.111	nan
165	141078.759	nan
166	117171.555	nan
167	140287.226	nan
168	169329.129	nan
169	145414.232	nan
170	157411.761	nan
171	115271.339	nan
172	120540.019	nan
173	104782.761	nan
174	127306.42	nan
175	89290.646	nan
176	80543.835	nan
177	88700.616	nan
178	42537.09	nan
179	57310.194	nan
180	98107.702	nan
181	87476.918	nan
182	77170.539	nan
183	115078.665	nan
184	80033.44	nan
185	85024.068	nan
186	83927.297	nan
187	86745.773	nan
188	73060.783	nan
189	85922.489	nan
190	105552.529	nan
191	111447.194	nan
192	89353.672	nan
193	120212.374	nan
194	139730.35	nan
195	97231.442	nan
196	82427.095	nan
197	106191.418	nan
198	116114.164	nan
199	106734.626	nan
200	94688.616	nan
201	140302.789	nan
202	143716.46	nan
203	146507.183	nan
204	129478.651	nan
205	151728.171	nan
206	134291.689	nan
207	110825.401	nan
208	154340.302	nan
209	129567.905	nan
210	153225.321	nan
211	157478.677	nan
212	149314.817	nan
213	134269.488	nan
214	167421.109	nan
215	163330.594	nan
216	94696.994	nan
217	97409.983	nan
218	91368.891	nan
219	186826.088	nan
220	118912.442	nan
221	190721.6	nan
222	161195.438	nan
223	112061.583	nan
224	135283.729	nan
225	168139.962	nan
226	139165.994	nan
227	168768.156	nan
228	163508.799	nan
229	169833.992	nan
230	119336.687	nan
231	120512.497	nan
232	73430.519	nan
233	91314.278	nan
234	122852.75	nan
235	124761.681	nan
236	88820.362	nan
237	65080.46	nan
238	128526.449	nan
239	79426.532	nan
240	98979.92	nan
241	99566.022	nan
242	113244.039	nan
243	168172.328	nan
244	nan	119415.001
245	nan	120913.438
246	nan	126885.127
247	nan	124599.136
248	154888.911	138426.808
249	138219.5	164821.88
250	195252.038	139095.306
251	125281.126	130048.511
252	107729.371	96830.481
253	88806.116	72216.514
254	153950.541	119402.758
255	104886.84	192065.216
256	127777.653	175542.949
257	134726.931	218402.629
258	185488.205	144613.914
259	158611.998	126280.565
260	221340.295	122063.236
261	152401.735	nan
262	205254.95	nan
263	142527.147	nan
264	145605.707	nan
265	149855.918	nan
266	139571.455	nan
267	111147.75	nan
268	85923.937	nan
269	128595.579	nan
270	104270.694	nan
271	143735.775	nan
272	139067.428	nan
273	109794.428	nan
274	75396.765	nan
275	52999.346	nan
276	77169.567	nan
277	83458.972	nan
278	125348.761	nan
279	99776.23	nan
280	94181.46	nan
281	102960.941	nan
282	74186.65	nan
283	89722.878	nan
284	126609.924	nan
285	117062.698	nan
286	93003.818	nan
287	139696.841	nan
288	125307.409	nan
289	123583.335	nan
290	133290.799	nan
291	195902.365	nan
292	161778.538	nan
293	178395.993	nan
294	148847.343	nan
295	225910.196	nan
296	181168.823	145173.973
297	173780.998	141218.238
298	166867.652	133640.64
299	157662.92	135699.543
300	151049.173	103259.316
301	152030.072	64719.125
302	149830.808	nan
303	165266.273	nan
304	158060.01	nan
305	135778.996	nan
306	114097.277	nan
307	120033.705	nan
308	165606.392	nan
309	120653.004	nan
310	118768.351	nan
311	107322.37	nan
312	88005.711	nan
313	85200.946	nan
314	132037.644	nan
315	119065.521	nan
316	94035.663	nan
317	112355.607	nan
318	141065.2	nan
319	99279.127	nan
320	105033.068	nan
321	115651.58	nan
322	130187.224	nan
323	100161.359	nan
324	99665.871	nan
325	101206.939	nan
326	93566.779	nan
327	89622.594	nan
328	119464.416	nan
329	85849.538	nan
330	72997.569	nan
331	75524.88	nan
332	114565.224	nan
333	121714.403	nan
334	168539.685	nan
335	110681.652	nan
336	nan	80825.283
337	nan	75537.308
338	122786.555	92201.638
339	149886.376	85763.36
340	100355.461	86440.151
341	133422.165	130796.093
342	104731.713	69712.141
343	nan	82494.698
344	131577.692	107140.074
345	108723.082	115395.097
346	151480.124	143155.625
347	101157.977	73449.835
348	89227.459	71331.016
349	81840.669	71646.034
350	78314.139	86080.699
351	119525.986	nan
352	154186.246	nan
353	154255.459	nan
354	119262.278	nan
355	142253.0	nan
356	168067.894	nan
357	160131.442	nan
358	107597.117	nan
359	109689.772	nan
360	75483.746	nan
361	72362.395	nan
362	62586.314	nan
363	114927.761	nan
364	156556.232	nan
365	131088.287	nan
366	173284.843	nan
367	141489.83	nan
368	89460.223	nan
369	101137.399	nan
370	66810.374	nan
371	nan	99106.385
372	93419.947	93853.754
373	103505.489	95006.849
374	129745.922	100478.029
375	113347.189	82384.82
376	142622.703	99444.296
377	121898.713	96229.283
378	150261.861	107857.321
379	124971.225	81544.346
380	127718.241	92433.082
381	98735.278	nan
382	79508.469	86742.362
383	97766.194	68421.919
384	100497.204	nan
385	nan	101232.144
386	109263.172	108730.74
387	121442.462	131762.025
388	134009.472	107286.477
389	153239.162	111781.3
390	148343.07	122975.648
391	135549.654	128442.29
392	147583.311	180040.194
393	128506.187	127978.691
394	145126.453	140879.778
395	132901.01	147821.285
396	nan	98763.23
397	135023.032	99258.23
398	95154.953	55977.161
399	116175.552	60473.309
400	177270.135	72080.297
401	145602.448	108020.345
402	132269.324	152767.158
403	154558.518	173078.688
404	151846.374	nan
405	144663.321	nan
406	125823.745	155592.145
407	118488.188	193900.523
408	148705.799	147281.143
409	124355.092	138888.851
410	151528.434	116183.667
411	117643.084	114115.039
412	99803.902	127495.695
413	53374.272	81895.928
414	67532.584	66987.559
415	66638.365	69474.564
416	75899.788	93770.074
417	88735.317	87173.934
418	92816.24	125284.018
419	110322.37	110102.99
420	134661.05	112152.041
421	108121.511	186801.301
422	144385.844	nan
423	111609.134	nan
424	162598.925	130657.86
425	169387.317	115150.402
426	210085.335	97925.848
427	nan	111795.924
428	126305.159	86253.175
429	142167.408	96371.86
430	141378.584	76436.188
431	142744.286	82912.553
432	137380.089	84288.304
433	101146.714	88779.042
434	135066.612	89105.147
435	91324.973	50246.35
436	97266.78	nan
437	110672.005	nan
438	90942.713	nan
439	147621.243	nan
440	120664.495	55304.284
441	128565.932	102163.904
442	151073.647	108339.683
443	118327.947	128395.021
444	147015.942	137944.125
445	139736.125	164925.338
446	148872.633	112980.507
447	121405.527	106742.715
448	103025.806	142886.155
449	139114.888	136542.512
450	86756.83	143670.982
451	nan	145185.35
452	116131.15	101115.284
453	116895.973	nan
454	161617.402	nan
455	149073.965	139131.961
456	150187.852	174353.674
457	153922.743	141364.929
458	144634.003	102457.018
459	149649.773	89259.842
460	155650.093	88275.936
461	149293.223	93525.733
462	122347.299	92682.356
463	115216.819	101439.731
464	105034.367	87839.536
465	72925.206	nan
466	nan	56771.808
