index	mode7	mode8	mode9	mode10	mode11	mode12
1	0.189	0.187	0.116	0.236	0.707	2.705
2	0.154	0.152	0.065	0.115	0.239	0.521
3	0.136	0.161	0.064	0.105	0.165	0.258
4	0.095	0.129	0.053	0.096	0.077	0.053
5	0.089	0.124	0.041	0.086	0.059	0.04
6	0.083	0.109	0.039	0.085	0.056	0.016
7	0.056	0.083	0.047	0.085	0.043	0.011
8	0.041	0.08	0.046	0.076	0.029	0.008
9	0.025	0.068	0.043	0.074	0.024	0.022
10	0.017	0.046	0.097	0.063	0.018	0.02
11	0.01	0.081	0.122	0.051	0.014	0.022
12	0.004	0.051	0.104	0.051	0.016	0.029
13	0.006	0.041	0.06	0.063	0.017	0.032
14	0.009	0.072	0.075	0.058	0.014	0.029
15	0.003	0.069	0.093	0.048	0.012	0.033
16	0.002	0.036	0.054	0.052	0.014	0.04
17	0.009	0.056	0.047	0.057	0.014	0.044
18	0.01	0.08	0.089	0.048	0.009	0.05
19	0.008	0.062	0.082	0.043	0.009	0.063
20	0.013	0.055	0.051	0.049	0.011	0.071
21	0.017	0.05	0.06	0.056	0.006	0.095
22	0.014	0.027	0.049	0.057	0.001	0.077
23	0.028	0.012	0.049	0.068	0.001	0.058
24	0.027	0.001	0.024	0.084	0.002	0.045
25	0.05	0.004	0.037	0.089	0.013	0.031
26	0.051	0.013	0.038	0.125	0.026	0.014
27	0.089	0.032	0.061	0.13	0.051	0.018
28	0.113	0.079	0.067	0.166	0.076	0.021
29	0.13	0.123	0.126	0.2	0.125	0.03
30	0.089	0.1	0.16	0.207	0.136	0.012
31	0.117	0.065	0.178	0.176	0.149	0.014
32	0.164	0.112	0.242	0.204	0.225	0.038
33	0.128	0.154	0.296	0.242	0.26	0.037
34	0.11	0.117	0.308	0.227	0.245	0.015
35	0.064	0.122	0.261	0.231	0.209	0.014
36	0.034	0.084	0.191	0.203	0.152	0.011
37	0.028	0.108	0.189	0.223	0.143	0.016
38	0.057	0.165	0.213	0.241	0.161	0.024
39	0.069	0.27	0.278	0.327	0.208	0.06
40	0.112	0.282	0.22	0.307	0.156	0.062
41	0.139	0.367	0.292	0.351	0.226	0.11
42	0.151	0.307	0.238	0.328	0.234	0.102
43	0.22	0.374	0.224	0.35	0.261	0.151
44	0.246	0.331	0.126	0.301	0.202	0.144
45	0.305	0.352	0.183	0.303	0.315	0.205
46	0.255	0.253	0.234	0.272	0.324	0.143
47	0.238	0.195	0.143	0.22	0.225	0.114
48	0.293	0.176	0.183	0.206	0.305	0.136
49	0.265	0.095	0.203	0.15	0.254	0.104
50	0.35	0.118	0.269	0.136	0.351	0.167
51	0.324	0.073	0.325	0.097	0.323	0.161
52	0.243	0.065	0.216	0.093	0.209	0.115
53	0.216	0.066	0.259	0.073	0.216	0.126
54	0.158	0.067	0.186	0.069	0.144	0.108
55	0.163	0.088	0.277	0.046	0.172	0.149
56	0.167	0.047	0.313	0.048	0.162	0.112
57	0.119	0.026	0.207	0.06	0.096	0.082
58	0.096	0.053	0.213	0.041	0.083	0.116
59	0.118	0.073	0.318	0.029	0.106	0.141
60	0.113	0.043	0.29	0.042	0.07	0.092
61	0.069	0.038	0.194	0.044	0.029	0.092
62	0.063	0.081	0.246	0.027	0.039	0.15
63	0.084	0.091	0.319	0.027	0.038	0.157
64	0.07	0.073	0.233	0.042	0.009	0.124
65	0.045	0.096	0.186	0.039	0.004	0.171
66	0.033	0.061	0.133	0.045	0.002	0.114
67	0.022	0.078	0.133	0.037	0.006	0.111
68	0.02	0.047	0.087	0.044	0.009	0.098
69	0.035	0.026	0.059	0.055	0.005	0.069
70	0.028	0.015	0.019	0.076	0.001	0.058
71	0.05	0.029	0.013	0.09	0.004	0.042
72	0.052	0.037	0.002	0.132	0.005	0.025
73	0.086	0.087	0.0	0.14	0.005	0.03
74	0.081	0.105	0.016	0.18	0.01	0.012
75	0.053	0.089	0.044	0.205	0.038	0.005
76	0.045	0.122	0.107	0.238	0.083	0.01
77	0.074	0.178	0.134	0.259	0.097	0.019
78	0.105	0.189	0.091	0.24	0.049	0.018
79	0.139	0.211	0.055	0.244	0.045	0.033
80	0.153	0.195	0.013	0.199	0.017	0.039
81	0.161	0.166	0.004	0.168	0.038	0.063
82	0.199	0.222	0.006	0.157	0.046	0.094
83	0.268	0.339	0.009	0.194	0.062	0.126
84	0.25	0.347	0.036	0.207	0.021	0.077
85	0.315	0.469	0.078	0.248	0.024	0.089
86	0.281	0.433	0.115	0.279	0.004	0.05
87	0.268	0.431	0.091	0.303	0.004	0.064
88	0.303	0.487	0.068	0.318	0.029	0.12
89	0.231	0.374	0.07	0.297	0.047	0.087
90	0.229	0.305	0.02	0.242	0.049	0.09
91	0.258	0.287	0.016	0.221	0.103	0.129
92	0.333	0.409	0.005	0.25	0.121	0.192
93	0.342	0.444	0.037	0.299	0.16	0.211
94	0.316	0.341	0.07	0.264	0.213	0.195
95	0.377	0.345	0.12	0.257	0.335	0.264
96	0.336	0.255	0.116	0.205	0.293	0.22
97	0.391	0.307	0.123	0.187	0.341	0.3
98	0.454	0.413	0.102	0.239	0.38	0.357
99	0.396	0.416	0.038	0.243	0.244	0.275
100	0.396	0.414	0.045	0.206	0.249	0.289
101	0.31	0.289	0.052	0.17	0.194	0.209
102	0.237	0.236	0.039	0.139	0.119	0.148
103	0.175	0.15	0.044	0.119	0.085	0.114
104	0.139	0.149	0.042	0.101	0.059	0.109
105	0.175	0.208	0.097	0.089	0.115	0.154
106	0.181	0.171	0.131	0.083	0.142	0.159
107	0.127	0.113	0.116	0.068	0.091	0.131
108	0.12	0.159	0.143	0.056	0.101	0.153
109	0.156	0.215	0.229	0.049	0.174	0.208
110	0.139	0.157	0.251	0.038	0.153	0.187
111	0.092	0.135	0.211	0.032	0.102	0.17
112	0.103	0.218	0.296	0.023	0.168	0.238
113	0.127	0.246	0.395	0.019	0.22	0.286
114	0.094	0.191	0.356	0.014	0.146	0.25
115	0.062	0.203	0.325	0.012	0.132	0.254
116	0.049	0.114	0.2	0.025	0.062	0.17
117	0.032	0.094	0.147	0.031	0.046	0.145
118	0.04	0.067	0.084	0.047	0.026	0.105
119	0.03	0.036	0.038	0.067	0.009	0.068
120	0.044	0.042	0.018	0.088	0.006	0.051
121	0.038	0.031	0.006	0.117	0.006	0.036
122	0.059	0.068	0.028	0.141	0.014	0.024
123	0.048	0.074	0.058	0.168	0.042	0.017
124	0.06	0.086	0.12	0.183	0.077	0.019
125	0.056	0.123	0.16	0.245	0.109	0.021
126	0.084	0.188	0.167	0.264	0.087	0.015
127	0.081	0.253	0.235	0.318	0.14	0.037
128	0.131	0.31	0.215	0.317	0.107	0.047
129	0.17	0.355	0.231	0.344	0.081	0.046
130	0.217	0.481	0.376	0.436	0.139	0.085
131	0.221	0.412	0.395	0.384	0.139	0.046
132	0.154	0.331	0.384	0.379	0.187	0.053
133	0.181	0.373	0.561	0.432	0.305	0.098
134	0.209	0.354	0.697	0.448	0.413	0.128
135	0.284	0.458	0.824	0.482	0.425	0.138
136	0.273	0.425	0.628	0.41	0.269	0.069
137	0.222	0.308	0.554	0.35	0.278	0.056
138	0.273	0.317	0.587	0.3	0.27	0.035
139	0.278	0.381	0.469	0.313	0.162	0.018
140	0.2	0.301	0.353	0.302	0.136	0.018
141	0.188	0.233	0.366	0.242	0.17	0.021
142	0.239	0.298	0.359	0.223	0.134	0.011
143	0.213	0.303	0.232	0.244	0.061	0.009
144	0.152	0.205	0.187	0.208	0.067	0.012
145	0.173	0.21	0.249	0.164	0.107	0.025
146	0.216	0.289	0.214	0.171	0.073	0.026
147	0.171	0.235	0.116	0.168	0.033	0.028
148	0.135	0.177	0.146	0.128	0.063	0.041
149	0.179	0.251	0.213	0.114	0.102	0.058
150	0.196	0.286	0.138	0.13	0.067	0.065
151	0.141	0.205	0.101	0.107	0.052	0.069
152	0.123	0.195	0.174	0.077	0.095	0.087
153	0.167	0.29	0.261	0.073	0.15	0.106
154	0.181	0.33	0.217	0.081	0.145	0.141
155	0.171	0.357	0.296	0.056	0.211	0.197
156	0.179	0.329	0.223	0.067	0.178	0.193
157	0.134	0.219	0.142	0.066	0.1	0.136
158	0.086	0.158	0.144	0.046	0.078	0.135
159	0.076	0.182	0.224	0.027	0.119	0.188
160	0.102	0.288	0.319	0.024	0.186	0.235
161	0.11	0.265	0.263	0.035	0.156	0.187
162	0.071	0.191	0.237	0.028	0.128	0.171
163	0.049	0.1	0.138	0.044	0.061	0.102
164	0.022	0.064	0.105	0.045	0.042	0.112
165	0.019	0.027	0.054	0.063	0.025	0.078
166	0.029	0.021	0.041	0.077	0.024	0.058
167	0.02	0.009	0.018	0.1	0.02	0.051
168	0.026	0.015	0.037	0.119	0.033	0.041
169	0.014	0.023	0.03	0.157	0.034	0.042
170	0.017	0.034	0.05	0.167	0.042	0.042
171	0.012	0.065	0.06	0.206	0.041	0.032
172	0.019	0.123	0.153	0.264	0.109	0.025
173	0.011	0.162	0.232	0.256	0.167	0.03
174	0.017	0.221	0.353	0.289	0.26	0.065
175	0.041	0.285	0.612	0.314	0.507	0.138
176	0.064	0.241	0.465	0.311	0.368	0.105
177	0.105	0.316	0.528	0.438	0.372	0.128
178	0.113	0.253	0.543	0.434	0.416	0.143
179	0.135	0.221	0.476	0.369	0.322	0.092
180	0.143	0.155	0.49	0.311	0.358	0.103
181	0.136	0.12	0.386	0.242	0.264	0.073
182	0.164	0.115	0.44	0.188	0.29	0.079
183	0.118	0.065	0.361	0.16	0.268	0.097
184	0.146	0.066	0.463	0.125	0.346	0.129
185	0.173	0.117	0.455	0.115	0.295	0.096
186	0.129	0.102	0.305	0.121	0.196	0.074
187	0.104	0.071	0.323	0.097	0.232	0.107
188	0.144	0.109	0.441	0.076	0.307	0.127
189	0.148	0.147	0.355	0.078	0.229	0.098
190	0.099	0.104	0.259	0.073	0.17	0.097
191	0.1	0.113	0.369	0.054	0.252	0.135
192	0.144	0.181	0.469	0.047	0.322	0.144
193	0.128	0.197	0.362	0.048	0.234	0.121
194	0.079	0.144	0.297	0.041	0.173	0.117
195	0.07	0.136	0.381	0.035	0.226	0.145
196	0.039	0.069	0.228	0.045	0.127	0.134
197	0.03	0.05	0.14	0.052	0.064	0.09
198	0.016	0.019	0.07	0.064	0.041	0.085
199	0.02	0.006	0.051	0.071	0.039	0.07
200	0.01	0.0	0.021	0.084	0.033	0.066
201	0.02	0.002	0.035	0.097	0.042	0.062
202	0.024	0.013	0.04	0.11	0.043	0.062
203	0.041	0.01	0.051	0.11	0.047	0.067
204	0.044	0.014	0.058	0.105	0.046	0.069
205	0.031	0.008	0.05	0.088	0.041	0.068
206	0.018	0.016	0.043	0.076	0.035	0.068
207	0.008	0.014	0.017	0.078	0.026	0.063
208	0.009	0.018	0.012	0.086	0.03	0.067
209	0.004	0.024	0.006	0.069	0.026	0.067
210	0.011	0.039	0.005	0.063	0.025	0.064
211	0.012	0.041	0.017	0.056	0.027	0.074
212	0.012	0.042	0.023	0.056	0.017	0.055
213	0.012	0.033	0.026	0.072	0.015	0.056
214	0.027	0.046	0.033	0.081	0.025	0.065
215	0.022	0.044	0.019	0.071	0.022	0.063
216	0.03	0.058	0.016	0.074	0.027	0.059
217	0.03	0.063	0.007	0.056	0.035	0.055
218	0.042	0.07	0.008	0.045	0.03	0.051
219	0.055	0.078	0.006	0.045	0.029	0.039
220	0.057	0.079	0.004	0.043	0.031	0.038
221	0.043	0.076	0.001	0.043	0.032	0.026
222	0.044	0.082	0.003	0.063	0.034	0.031
223	0.031	0.066	0.005	0.074	0.027	0.029
224	0.04	0.066	0.015	0.08	0.032	0.034
225	0.044	0.063	0.022	0.084	0.035	0.046
226	0.067	0.065	0.042	0.103	0.043	0.046
227	0.058	0.039	0.048	0.102	0.045	0.058
228	0.089	0.055	0.063	0.123	0.053	0.063
229	0.07	0.066	0.05	0.119	0.047	0.056
230	0.04	0.04	0.037	0.108	0.027	0.064
231	0.037	0.033	0.048	0.11	0.036	0.066
232	0.021	0.036	0.041	0.104	0.029	0.063
233	0.026	0.063	0.052	0.112	0.039	0.062
234	0.026	0.052	0.035	0.09	0.027	0.071
235	0.032	0.065	0.025	0.061	0.021	0.083
236	0.023	0.057	0.02	0.039	0.018	0.07
237	0.038	0.071	0.017	0.039	0.02	0.061
238	0.038	0.069	0.013	0.059	0.021	0.06
239	0.021	0.052	0.009	0.057	0.024	0.06
240	0.026	0.059	0.008	0.054	0.025	0.061
241	0.039	0.074	0.006	0.052	0.031	0.045
242	0.036	0.07	0.007	0.06	0.032	0.05
243	0.059	0.084	0.016	0.072	0.043	0.049
244	0.081	0.099	0.015	0.075	0.047	0.033
245	0.093	0.101	0.032	0.089	0.05	0.038
246	0.069	0.085	0.032	0.094	0.039	0.034
247	0.074	0.078	0.048	0.102	0.039	0.03
248	0.049	0.06	0.037	0.09	0.033	0.031
249	0.034	0.058	0.025	0.081	0.028	0.028
250	0.022	0.042	0.017	0.081	0.028	0.044
251	0.012	0.038	0.009	0.073	0.021	0.045
252	0.011	0.038	0.001	0.071	0.023	0.053
253	0.004	0.028	0.001	0.066	0.018	0.058
254	0.009	0.033	0.005	0.066	0.019	0.06
255	0.007	0.019	0.01	0.072	0.015	0.056
256	0.018	0.025	0.029	0.083	0.017	0.057
257	0.032	0.024	0.062	0.121	0.017	0.049
258	0.058	0.031	0.101	0.119	0.022	0.057
259	0.066	0.041	0.126	0.137	0.034	0.034
260	0.052	0.069	0.138	0.163	0.049	0.032
261	0.04	0.049	0.129	0.161	0.069	0.016
262	0.032	0.025	0.083	0.148	0.056	0.01
263	0.06	0.029	0.124	0.153	0.078	0.004
264	0.1	0.027	0.199	0.157	0.121	0.006
265	0.116	0.055	0.293	0.18	0.17	0.001
266	0.167	0.051	0.391	0.17	0.194	0.005
267	0.161	0.091	0.387	0.201	0.176	0.004
268	0.129	0.073	0.251	0.182	0.087	0.02
269	0.133	0.066	0.27	0.16	0.075	0.045
270	0.101	0.052	0.214	0.129	0.057	0.054
271	0.094	0.068	0.162	0.13	0.048	0.072
272	0.117	0.099	0.21	0.131	0.052	0.107
273	0.109	0.103	0.186	0.11	0.038	0.107
274	0.12	0.117	0.159	0.119	0.055	0.111
275	0.087	0.09	0.116	0.111	0.051	0.088
276	0.063	0.068	0.082	0.086	0.03	0.074
277	0.074	0.084	0.077	0.084	0.036	0.077
278	0.072	0.082	0.055	0.083	0.049	0.074
279	0.045	0.062	0.036	0.071	0.033	0.067
280	0.043	0.064	0.035	0.059	0.029	0.063
281	0.058	0.077	0.027	0.063	0.043	0.058
282	0.047	0.072	0.017	0.066	0.041	0.058
283	0.03	0.06	0.011	0.06	0.03	0.058
284	0.03	0.063	0.017	0.051	0.029	0.049
285	0.049	0.078	0.016	0.056	0.042	0.038
286	0.045	0.074	0.005	0.059	0.043	0.036
287	0.034	0.072	0.005	0.06	0.038	0.032
288	0.018	0.057	0.006	0.058	0.028	0.054
289	0.01	0.038	0.015	0.052	0.016	0.055
290	0.014	0.036	0.02	0.064	0.014	0.071
291	0.009	0.017	0.019	0.065	0.006	0.06
292	0.026	0.017	0.041	0.088	0.006	0.064
293	0.033	0.006	0.045	0.099	0.009	0.044
294	0.063	0.003	0.095	0.096	0.019	0.045
295	0.08	0.003	0.113	0.115	0.056	0.021
296	0.123	0.007	0.159	0.11	0.094	0.033
297	0.163	0.018	0.234	0.135	0.164	0.026
298	0.203	0.05	0.261	0.159	0.236	0.042
299	0.257	0.04	0.301	0.125	0.27	0.083
300	0.197	0.035	0.199	0.111	0.174	0.068
301	0.19	0.013	0.267	0.089	0.174	0.075
302	0.152	0.002	0.241	0.087	0.109	0.055
303	0.17	0.006	0.302	0.106	0.131	0.021
304	0.206	0.021	0.365	0.093	0.104	0.052
305	0.187	0.046	0.331	0.11	0.083	0.066
306	0.132	0.029	0.234	0.1	0.058	0.052
307	0.137	0.031	0.266	0.076	0.047	0.068
308	0.163	0.066	0.33	0.083	0.043	0.103
309	0.13	0.068	0.253	0.093	0.037	0.095
310	0.092	0.056	0.209	0.07	0.02	0.088
311	0.107	0.082	0.287	0.061	0.019	0.106
312	0.125	0.104	0.279	0.08	0.029	0.122
313	0.09	0.096	0.187	0.075	0.019	0.113
314	0.067	0.101	0.209	0.051	0.009	0.119
315	0.089	0.121	0.267	0.061	0.021	0.148
316	0.101	0.101	0.186	0.079	0.042	0.128
317	0.059	0.086	0.142	0.063	0.035	0.101
318	0.053	0.089	0.193	0.053	0.045	0.116
319	0.091	0.072	0.172	0.076	0.081	0.122
320	0.09	0.055	0.096	0.076	0.086	0.078
321	0.077	0.058	0.097	0.063	0.103	0.074
322	0.098	0.056	0.148	0.07	0.128	0.111
323	0.147	0.037	0.057	0.066	0.222	0.115
324	0.143	0.048	0.031	0.062	0.182	0.075
325	0.159	0.037	0.019	0.055	0.162	0.04
326	0.159	0.04	0.016	0.056	0.141	0.047
327	0.177	0.052	0.026	0.069	0.212	0.132
328	0.208	0.049	0.031	0.072	0.225	0.178
329	0.204	0.037	0.013	0.06	0.188	0.138
330	0.219	0.036	0.018	0.064	0.189	0.19
331	0.195	0.036	0.012	0.065	0.168	0.222
332	0.204	0.047	0.016	0.068	0.166	0.305
333	0.193	0.054	0.017	0.067	0.155	0.344
334	0.199	0.066	0.029	0.088	0.193	0.503
335	0.205	0.073	0.037	0.099	0.237	0.527
336	0.211	0.088	0.05	0.119	0.275	0.648
337	0.239	0.088	0.063	0.142	0.342	0.805
338	0.251	0.082	0.064	0.143	0.374	0.813
339	0.223	0.097	0.065	0.147	0.372	0.768
340	0.193	0.086	0.043	0.118	0.272	0.523
341	0.21	0.069	0.04	0.107	0.271	0.499
342	0.192	0.055	0.026	0.084	0.217	0.342
343	0.206	0.054	0.029	0.087	0.25	0.36
344	0.182	0.068	0.032	0.095	0.245	0.339
345	0.156	0.058	0.018	0.075	0.187	0.196
346	0.17	0.052	0.023	0.074	0.206	0.184
347	0.192	0.062	0.036	0.093	0.277	0.329
348	0.169	0.069	0.039	0.098	0.29	0.322
349	0.171	0.082	0.048	0.117	0.326	0.453
350	0.14	0.091	0.042	0.117	0.292	0.38
351	0.156	0.101	0.054	0.133	0.332	0.519
352	0.168	0.089	0.044	0.119	0.292	0.448
353	0.151	0.084	0.03	0.1	0.215	0.303
354	0.159	0.076	0.025	0.093	0.195	0.301
355	0.158	0.084	0.026	0.092	0.184	0.331
356	0.172	0.084	0.031	0.091	0.19	0.431
357	0.18	0.096	0.041	0.097	0.205	0.518
358	0.186	0.084	0.033	0.09	0.193	0.526
359	0.169	0.088	0.037	0.08	0.166	0.534
360	0.132	0.072	0.018	0.057	0.089	0.342
361	0.126	0.065	0.014	0.047	0.074	0.293
362	0.137	0.061	0.01	0.053	0.083	0.252
363	0.143	0.054	0.014	0.042	0.088	0.222
364	0.148	0.048	0.011	0.041	0.096	0.177
365	0.16	0.042	0.011	0.032	0.101	0.144
366	0.169	0.033	0.006	0.038	0.117	0.103
367	0.193	0.033	0.004	0.037	0.123	0.095
368	0.197	0.031	0.002	0.044	0.147	0.065
369	0.236	0.031	0.002	0.046	0.174	0.085
370	0.225	0.037	0.002	0.035	0.159	0.036
371	0.188	0.031	0.007	0.03	0.122	0.012
372	0.163	0.036	0.009	0.038	0.133	0.014
373	0.142	0.034	0.015	0.036	0.111	0.009
374	0.141	0.032	0.007	0.039	0.098	0.011
375	0.112	0.034	0.012	0.037	0.07	0.017
376	0.094	0.042	0.007	0.046	0.073	0.005
377	0.098	0.044	0.003	0.052	0.073	0.002
378	0.088	0.051	0.006	0.058	0.082	0.007
379	0.09	0.062	0.004	0.06	0.081	0.012
380	0.078	0.076	0.008	0.063	0.078	0.012
381	0.081	0.087	0.008	0.071	0.075	0.024
382	0.078	0.091	0.02	0.08	0.085	0.045
383	0.055	0.089	0.018	0.077	0.055	0.006
384	0.054	0.094	0.038	0.078	0.06	0.024
385	0.078	0.113	0.035	0.081	0.071	0.024
386	0.065	0.1	0.023	0.082	0.05	0.006
387	0.063	0.094	0.011	0.071	0.048	0.005
388	0.08	0.095	0.009	0.069	0.059	0.052
389	0.083	0.085	0.003	0.056	0.052	0.055
390	0.066	0.085	0.005	0.043	0.028	0.076
391	0.069	0.066	0.007	0.033	0.021	0.079
392	0.078	0.058	0.007	0.029	0.022	0.07
393	0.076	0.051	0.009	0.021	0.021	0.072
394	0.091	0.047	0.009	0.01	0.028	0.053
395	0.091	0.041	0.016	0.012	0.018	0.065
396	0.102	0.05	0.016	0.017	0.023	0.047
397	0.077	0.048	0.061	0.016	0.0	0.048
398	0.064	0.041	0.095	0.017	0.022	0.029
399	0.04	0.044	0.202	0.035	0.095	0.007
400	0.033	0.044	0.196	0.027	0.084	0.023
401	0.028	0.026	0.134	0.024	0.05	0.034
402	0.05	0.035	0.079	0.016	0.011	0.07
403	0.046	0.035	0.059	0.018	0.004	0.066
404	0.063	0.036	0.027	0.004	0.003	0.079
405	0.076	0.046	0.016	0.007	0.019	0.048
406	0.064	0.05	0.011	0.007	0.014	0.056
407	0.057	0.052	0.011	0.014	0.018	0.066
408	0.057	0.063	0.008	0.022	0.018	0.052
409	0.054	0.076	0.006	0.035	0.015	0.053
410	0.056	0.079	0.001	0.042	0.03	0.021
411	0.065	0.077	0.001	0.057	0.047	0.006
412	0.052	0.081	0.003	0.061	0.045	0.002
413	0.049	0.076	0.008	0.062	0.051	0.006
414	0.055	0.073	0.008	0.06	0.056	0.009
415	0.061	0.071	0.005	0.059	0.05	0.007
416	0.065	0.052	0.006	0.06	0.054	0.005
417	0.068	0.052	0.005	0.053	0.037	0.01
418	0.067	0.046	0.009	0.04	0.043	0.014
419	0.065	0.052	0.016	0.024	0.02	0.032
420	0.067	0.039	0.022	0.029	0.033	0.041
421	0.094	0.034	0.023	0.029	0.056	0.029
422	0.095	0.033	0.028	0.031	0.042	0.02
423	0.131	0.029	0.018	0.03	0.075	0.009
424	0.14	0.034	0.013	0.024	0.065	0.014
425	0.169	0.034	0.004	0.026	0.085	0.028
426	0.151	0.044	0.006	0.016	0.065	0.052
427	0.137	0.041	0.005	0.016	0.069	0.047
428	0.127	0.043	0.01	0.02	0.062	0.086
429	0.109	0.048	0.008	0.022	0.046	0.072
430	0.109	0.053	0.007	0.033	0.046	0.12
431	0.1	0.06	0.005	0.04	0.039	0.108
432	0.098	0.062	0.009	0.036	0.04	0.161
433	0.088	0.083	0.01	0.042	0.04	0.144
434	0.099	0.093	0.009	0.056	0.066	0.136
435	0.096	0.104	0.018	0.065	0.072	0.152
436	0.12	0.109	0.022	0.075	0.106	0.173
437	0.139	0.105	0.025	0.083	0.137	0.259
438	0.121	0.091	0.012	0.073	0.114	0.159
439	0.121	0.091	0.014	0.08	0.124	0.14
440	0.113	0.077	0.012	0.072	0.12	0.105
441	0.118	0.077	0.017	0.082	0.15	0.138
442	0.12	0.062	0.016	0.072	0.145	0.102
443	0.123	0.049	0.01	0.061	0.121	0.054
444	0.123	0.048	0.012	0.058	0.127	0.04
445	0.124	0.04	0.01	0.054	0.109	0.012
446	0.118	0.039	0.019	0.056	0.116	0.025
447	0.124	0.037	0.028	0.058	0.117	0.039
448	0.098	0.057	0.063	0.062	0.087	0.071
449	0.121	0.067	0.138	0.105	0.091	0.117
450	0.206	0.141	0.2	0.207	1.082	4.765
451	0.155	0.105	0.101	0.121	0.257	0.442
452	0.135	0.112	0.109	0.117	0.168	0.248
453	0.095	0.091	0.088	0.106	0.076	0.057
454	0.089	0.089	0.073	0.094	0.056	0.04
455	0.082	0.076	0.067	0.094	0.051	0.011
456	0.055	0.055	0.073	0.091	0.039	0.012
457	0.04	0.055	0.07	0.081	0.025	0.012
458	0.024	0.053	0.06	0.075	0.021	0.026
459	0.016	0.042	0.106	0.061	0.017	0.021
460	0.009	0.09	0.124	0.045	0.014	0.024
461	0.003	0.062	0.1	0.046	0.017	0.029
462	0.006	0.042	0.064	0.06	0.016	0.033
463	0.008	0.076	0.077	0.055	0.013	0.032
464	0.003	0.08	0.089	0.044	0.012	0.035
465	0.002	0.041	0.053	0.049	0.013	0.042
466	0.009	0.06	0.047	0.056	0.013	0.047
467	0.01	0.091	0.082	0.047	0.008	0.053
468	0.008	0.074	0.073	0.041	0.008	0.065
469	0.013	0.065	0.044	0.048	0.008	0.075
470	0.017	0.067	0.046	0.053	0.004	0.1
471	0.015	0.039	0.04	0.054	0.001	0.082
472	0.03	0.021	0.042	0.065	0.001	0.063
473	0.027	0.003	0.023	0.08	0.002	0.049
474	0.05	0.001	0.038	0.086	0.014	0.034
475	0.05	0.007	0.04	0.12	0.028	0.017
476	0.087	0.018	0.068	0.124	0.057	0.018
477	0.109	0.056	0.08	0.158	0.086	0.018
478	0.124	0.099	0.137	0.192	0.146	0.024
479	0.083	0.087	0.154	0.2	0.15	0.007
480	0.112	0.051	0.177	0.167	0.16	0.01
481	0.156	0.088	0.246	0.192	0.246	0.028
482	0.12	0.14	0.286	0.23	0.284	0.026
483	0.102	0.118	0.282	0.219	0.258	0.009
484	0.058	0.126	0.23	0.222	0.219	0.009
485	0.03	0.092	0.161	0.2	0.156	0.009
486	0.024	0.11	0.16	0.219	0.151	0.012
487	0.051	0.163	0.188	0.238	0.18	0.017
488	0.063	0.268	0.243	0.324	0.242	0.046
489	0.106	0.275	0.196	0.304	0.19	0.049
490	0.13	0.35	0.27	0.345	0.273	0.091
491	0.141	0.273	0.239	0.317	0.279	0.083
492	0.208	0.323	0.244	0.339	0.315	0.13
493	0.238	0.273	0.161	0.29	0.244	0.128
494	0.297	0.275	0.24	0.287	0.373	0.182
495	0.246	0.191	0.273	0.255	0.371	0.121
496	0.229	0.138	0.181	0.205	0.253	0.097
497	0.284	0.108	0.229	0.189	0.339	0.118
498	0.262	0.043	0.241	0.134	0.28	0.092
499	0.341	0.031	0.354	0.115	0.389	0.133
500	0.326	0.024	0.348	0.082	0.351	0.15
501	0.243	0.027	0.232	0.081	0.224	0.105
502	0.22	0.039	0.265	0.061	0.234	0.12
503	0.162	0.048	0.195	0.059	0.161	0.108
504	0.171	0.082	0.274	0.037	0.198	0.15
505	0.175	0.051	0.302	0.039	0.186	0.114
506	0.125	0.029	0.202	0.051	0.111	0.086
507	0.102	0.064	0.2	0.034	0.096	0.121
508	0.125	0.097	0.29	0.023	0.123	0.146
509	0.119	0.076	0.254	0.036	0.079	0.102
510	0.073	0.063	0.166	0.04	0.033	0.101
511	0.067	0.112	0.212	0.024	0.046	0.158
512	0.089	0.137	0.269	0.025	0.045	0.169
513	0.073	0.117	0.184	0.041	0.01	0.138
514	0.047	0.134	0.147	0.037	0.005	0.182
515	0.036	0.088	0.107	0.041	0.003	0.121
516	0.023	0.103	0.107	0.033	0.007	0.113
517	0.022	0.062	0.075	0.039	0.011	0.102
518	0.036	0.033	0.054	0.051	0.007	0.073
519	0.029	0.018	0.019	0.072	0.001	0.062
520	0.051	0.025	0.016	0.087	0.005	0.045
521	0.052	0.031	0.006	0.13	0.006	0.028
522	0.086	0.081	0.003	0.139	0.007	0.032
523	0.079	0.1	0.013	0.181	0.013	0.013
524	0.051	0.083	0.039	0.204	0.043	0.004
525	0.043	0.122	0.089	0.239	0.093	0.006
526	0.07	0.172	0.118	0.258	0.115	0.014
527	0.102	0.19	0.075	0.243	0.063	0.014
528	0.135	0.196	0.055	0.245	0.06	0.029
529	0.152	0.185	0.014	0.202	0.023	0.038
530	0.161	0.144	0.018	0.167	0.046	0.062
531	0.201	0.207	0.011	0.159	0.05	0.095
532	0.271	0.324	0.006	0.2	0.067	0.127
533	0.252	0.36	0.005	0.219	0.019	0.08
534	0.318	0.503	0.018	0.27	0.018	0.093
535	0.284	0.484	0.044	0.303	0.001	0.053
536	0.268	0.458	0.045	0.322	0.011	0.063
537	0.3	0.487	0.046	0.331	0.047	0.115
538	0.227	0.365	0.063	0.306	0.067	0.081
539	0.227	0.282	0.03	0.246	0.063	0.085
540	0.257	0.244	0.045	0.219	0.121	0.122
541	0.334	0.364	0.034	0.252	0.139	0.184
542	0.337	0.382	0.079	0.296	0.194	0.197
543	0.311	0.266	0.121	0.251	0.248	0.179
544	0.376	0.25	0.193	0.24	0.384	0.245
545	0.335	0.173	0.179	0.189	0.334	0.206
546	0.391	0.212	0.191	0.17	0.382	0.282
547	0.458	0.298	0.188	0.219	0.437	0.339
548	0.399	0.329	0.1	0.233	0.284	0.263
549	0.395	0.336	0.088	0.2	0.27	0.272
550	0.31	0.225	0.09	0.163	0.213	0.196
551	0.24	0.2	0.059	0.136	0.131	0.147
552	0.176	0.119	0.064	0.114	0.096	0.113
553	0.142	0.136	0.048	0.099	0.066	0.112
554	0.182	0.194	0.099	0.088	0.129	0.157
555	0.188	0.143	0.144	0.078	0.162	0.158
556	0.133	0.101	0.12	0.063	0.105	0.134
557	0.126	0.159	0.135	0.052	0.115	0.156
558	0.166	0.212	0.218	0.045	0.197	0.211
559	0.149	0.157	0.24	0.032	0.178	0.192
560	0.1	0.148	0.194	0.027	0.12	0.176
561	0.113	0.24	0.265	0.02	0.193	0.242
562	0.139	0.266	0.358	0.014	0.254	0.289
563	0.105	0.222	0.321	0.009	0.175	0.26
564	0.071	0.24	0.288	0.007	0.159	0.262
565	0.054	0.138	0.179	0.02	0.077	0.18
566	0.035	0.117	0.13	0.026	0.057	0.15
567	0.042	0.08	0.073	0.043	0.03	0.109
568	0.031	0.045	0.031	0.064	0.011	0.072
569	0.044	0.048	0.012	0.087	0.005	0.053
570	0.038	0.034	0.002	0.118	0.004	0.037
571	0.059	0.077	0.013	0.145	0.012	0.025
572	0.047	0.084	0.039	0.175	0.041	0.016
573	0.06	0.107	0.085	0.19	0.079	0.016
574	0.055	0.137	0.124	0.249	0.119	0.015
575	0.081	0.204	0.125	0.271	0.1	0.01
576	0.077	0.265	0.189	0.323	0.164	0.027
577	0.125	0.322	0.174	0.323	0.135	0.038
578	0.165	0.382	0.167	0.354	0.108	0.038
579	0.212	0.534	0.274	0.453	0.18	0.071
580	0.217	0.489	0.272	0.405	0.163	0.035
581	0.153	0.391	0.281	0.394	0.216	0.038
582	0.18	0.455	0.429	0.45	0.356	0.076
583	0.211	0.459	0.543	0.469	0.474	0.1
584	0.284	0.599	0.625	0.513	0.489	0.107
585	0.271	0.548	0.452	0.44	0.307	0.051
586	0.227	0.421	0.42	0.376	0.325	0.042
587	0.274	0.453	0.412	0.328	0.288	0.022
588	0.278	0.503	0.31	0.346	0.173	0.012
589	0.199	0.387	0.236	0.325	0.149	0.011
590	0.188	0.326	0.248	0.263	0.179	0.014
591	0.241	0.409	0.226	0.25	0.133	0.009
592	0.214	0.38	0.133	0.267	0.059	0.009
593	0.152	0.266	0.11	0.224	0.066	0.011
594	0.177	0.295	0.152	0.183	0.104	0.023
595	0.219	0.372	0.114	0.194	0.063	0.028
596	0.173	0.285	0.054	0.184	0.026	0.03
597	0.137	0.232	0.081	0.14	0.057	0.042
598	0.183	0.324	0.121	0.13	0.094	0.059
599	0.199	0.334	0.068	0.146	0.058	0.068
600	0.143	0.235	0.056	0.115	0.047	0.071
601	0.126	0.244	0.114	0.084	0.094	0.087
602	0.172	0.357	0.172	0.085	0.151	0.105
603	0.189	0.379	0.149	0.092	0.148	0.141
604	0.18	0.405	0.224	0.064	0.224	0.197
605	0.19	0.352	0.179	0.072	0.192	0.195
606	0.141	0.237	0.113	0.069	0.109	0.138
607	0.092	0.179	0.119	0.045	0.087	0.138
608	0.083	0.209	0.192	0.024	0.135	0.19
609	0.111	0.325	0.267	0.023	0.209	0.235
610	0.117	0.307	0.208	0.037	0.169	0.187
611	0.075	0.232	0.191	0.027	0.142	0.171
612	0.051	0.129	0.109	0.042	0.066	0.103
613	0.023	0.085	0.09	0.041	0.047	0.114
614	0.019	0.039	0.045	0.06	0.027	0.079
615	0.03	0.033	0.031	0.077	0.024	0.058
616	0.02	0.015	0.012	0.1	0.019	0.051
617	0.026	0.022	0.026	0.121	0.031	0.04
618	0.014	0.023	0.023	0.16	0.033	0.041
619	0.017	0.031	0.043	0.171	0.041	0.042
620	0.012	0.059	0.051	0.21	0.04	0.031
621	0.02	0.121	0.126	0.269	0.111	0.022
622	0.011	0.162	0.195	0.259	0.175	0.026
623	0.024	0.218	0.288	0.296	0.273	0.062
624	0.028	0.324	0.455	0.323	0.466	0.088
625	0.063	0.274	0.389	0.312	0.415	0.081
626	0.105	0.364	0.426	0.447	0.427	0.101
627	0.116	0.305	0.443	0.445	0.47	0.115
628	0.136	0.285	0.375	0.381	0.364	0.071
629	0.143	0.223	0.384	0.319	0.395	0.08
630	0.136	0.188	0.293	0.251	0.289	0.057
631	0.164	0.202	0.328	0.199	0.31	0.062
632	0.118	0.132	0.279	0.163	0.294	0.081
633	0.146	0.15	0.364	0.128	0.376	0.109
634	0.173	0.218	0.337	0.125	0.313	0.081
635	0.13	0.178	0.219	0.129	0.206	0.065
636	0.105	0.14	0.246	0.1	0.249	0.094
637	0.145	0.204	0.335	0.081	0.328	0.111
638	0.15	0.237	0.254	0.088	0.239	0.087
639	0.101	0.168	0.191	0.078	0.179	0.089
640	0.102	0.189	0.291	0.055	0.275	0.123
641	0.147	0.283	0.353	0.054	0.342	0.128
642	0.132	0.28	0.266	0.055	0.249	0.112
643	0.082	0.207	0.23	0.041	0.191	0.11
644	0.072	0.205	0.31	0.032	0.257	0.133
645	0.038	0.102	0.202	0.039	0.141	0.13
646	0.031	0.074	0.119	0.048	0.072	0.087
647	0.016	0.028	0.065	0.061	0.045	0.085
648	0.02	0.013	0.047	0.07	0.041	0.07
649	0.011	0.001	0.02	0.084	0.033	0.066
650	0.02	0.001	0.033	0.097	0.042	0.062
651	0.024	0.006	0.042	0.112	0.042	0.062
652	0.041	0.002	0.054	0.112	0.045	0.068
653	0.044	0.004	0.067	0.105	0.047	0.07
654	0.031	0.004	0.054	0.087	0.041	0.069
655	0.017	0.012	0.049	0.075	0.035	0.069
656	0.007	0.01	0.022	0.077	0.025	0.065
657	0.009	0.01	0.017	0.088	0.027	0.068
658	0.004	0.019	0.008	0.071	0.023	0.068
659	0.011	0.035	0.005	0.067	0.02	0.066
660	0.013	0.037	0.015	0.061	0.022	0.074
661	0.013	0.042	0.018	0.057	0.015	0.057
662	0.012	0.036	0.018	0.072	0.013	0.059
663	0.027	0.052	0.022	0.08	0.023	0.068
664	0.023	0.05	0.009	0.071	0.02	0.067
665	0.03	0.062	0.008	0.075	0.025	0.064
666	0.03	0.063	0.003	0.059	0.031	0.059
667	0.042	0.068	0.006	0.048	0.024	0.056
668	0.055	0.075	0.005	0.049	0.024	0.043
669	0.057	0.073	0.007	0.048	0.026	0.041
670	0.043	0.069	0.004	0.048	0.026	0.03
671	0.044	0.071	0.011	0.067	0.028	0.035
672	0.03	0.055	0.014	0.077	0.022	0.033
673	0.039	0.05	0.028	0.084	0.027	0.038
674	0.044	0.044	0.036	0.09	0.03	0.048
675	0.067	0.041	0.059	0.11	0.036	0.049
676	0.061	0.022	0.062	0.108	0.041	0.06
677	0.092	0.035	0.08	0.134	0.049	0.064
678	0.069	0.042	0.063	0.126	0.04	0.056
679	0.04	0.022	0.048	0.111	0.025	0.066
680	0.038	0.017	0.056	0.114	0.035	0.066
681	0.022	0.021	0.048	0.106	0.029	0.061
682	0.027	0.042	0.061	0.117	0.037	0.061
683	0.027	0.035	0.043	0.093	0.024	0.071
684	0.032	0.054	0.029	0.067	0.016	0.081
685	0.023	0.05	0.021	0.043	0.014	0.07
686	0.038	0.064	0.018	0.044	0.015	0.061
687	0.039	0.059	0.019	0.064	0.016	0.061
688	0.022	0.044	0.013	0.061	0.019	0.062
689	0.027	0.055	0.008	0.057	0.02	0.063
690	0.039	0.066	0.01	0.057	0.025	0.048
691	0.036	0.058	0.015	0.065	0.026	0.053
692	0.059	0.065	0.03	0.079	0.036	0.05
693	0.081	0.079	0.03	0.083	0.039	0.033
694	0.093	0.073	0.054	0.099	0.042	0.037
695	0.068	0.059	0.052	0.101	0.033	0.037
696	0.074	0.05	0.071	0.108	0.033	0.032
697	0.048	0.039	0.055	0.095	0.027	0.035
698	0.033	0.043	0.04	0.084	0.024	0.032
699	0.022	0.031	0.027	0.083	0.024	0.047
700	0.011	0.033	0.015	0.073	0.018	0.048
701	0.011	0.033	0.005	0.073	0.019	0.055
702	0.004	0.027	0.001	0.067	0.015	0.06
703	0.009	0.035	0.001	0.066	0.016	0.063
704	0.007	0.022	0.005	0.072	0.012	0.059
705	0.018	0.031	0.018	0.081	0.015	0.06
706	0.032	0.034	0.046	0.118	0.017	0.054
707	0.059	0.051	0.075	0.116	0.022	0.062
708	0.065	0.063	0.093	0.135	0.033	0.038
709	0.049	0.09	0.099	0.16	0.046	0.035
710	0.038	0.06	0.103	0.157	0.069	0.019
711	0.03	0.028	0.069	0.143	0.056	0.013
712	0.056	0.031	0.11	0.149	0.081	0.005
713	0.095	0.032	0.176	0.15	0.123	0.007
714	0.11	0.071	0.25	0.174	0.169	0.002
715	0.16	0.083	0.331	0.169	0.192	0.004
716	0.154	0.134	0.306	0.201	0.168	0.006
717	0.125	0.109	0.194	0.181	0.082	0.024
718	0.131	0.108	0.203	0.158	0.073	0.051
719	0.102	0.09	0.163	0.126	0.058	0.063
720	0.095	0.104	0.115	0.126	0.048	0.082
721	0.118	0.151	0.147	0.129	0.053	0.122
722	0.11	0.153	0.127	0.107	0.037	0.122
723	0.121	0.163	0.102	0.116	0.054	0.126
724	0.088	0.123	0.074	0.108	0.05	0.1
725	0.064	0.093	0.052	0.085	0.029	0.084
726	0.075	0.111	0.047	0.082	0.034	0.088
727	0.074	0.103	0.03	0.082	0.048	0.084
728	0.046	0.076	0.019	0.071	0.032	0.074
729	0.044	0.079	0.018	0.059	0.028	0.069
730	0.058	0.09	0.012	0.063	0.042	0.066
731	0.047	0.08	0.006	0.067	0.039	0.064
732	0.03	0.066	0.004	0.061	0.027	0.063
733	0.03	0.07	0.009	0.052	0.027	0.053
734	0.049	0.087	0.006	0.057	0.041	0.043
735	0.045	0.076	0.001	0.061	0.041	0.04
736	0.034	0.072	0.004	0.062	0.037	0.036
737	0.018	0.056	0.006	0.06	0.025	0.058
738	0.01	0.042	0.012	0.053	0.014	0.058
739	0.015	0.044	0.013	0.063	0.011	0.075
740	0.01	0.023	0.013	0.064	0.004	0.064
741	0.027	0.027	0.03	0.085	0.005	0.068
742	0.033	0.012	0.036	0.096	0.009	0.048
743	0.063	0.013	0.082	0.093	0.019	0.049
744	0.078	0.005	0.103	0.11	0.058	0.025
745	0.122	0.001	0.156	0.102	0.102	0.034
746	0.16	0.01	0.228	0.125	0.174	0.024
747	0.2	0.023	0.272	0.144	0.256	0.035
748	0.255	0.008	0.316	0.109	0.292	0.074
749	0.194	0.008	0.211	0.099	0.186	0.062
750	0.189	0.003	0.263	0.079	0.188	0.072
751	0.153	0.011	0.222	0.079	0.115	0.058
752	0.172	0.031	0.265	0.099	0.138	0.028
753	0.209	0.068	0.303	0.088	0.106	0.064
754	0.189	0.101	0.262	0.106	0.084	0.078
755	0.133	0.066	0.186	0.095	0.059	0.062
756	0.139	0.074	0.214	0.073	0.048	0.079
757	0.164	0.131	0.252	0.08	0.042	0.12
758	0.13	0.122	0.188	0.09	0.037	0.108
759	0.094	0.1	0.156	0.068	0.02	0.099
760	0.11	0.145	0.216	0.061	0.019	0.121
761	0.128	0.172	0.2	0.08	0.027	0.141
762	0.091	0.146	0.128	0.074	0.018	0.125
763	0.068	0.154	0.15	0.053	0.006	0.131
764	0.09	0.191	0.194	0.063	0.018	0.164
765	0.101	0.153	0.132	0.078	0.041	0.142
766	0.059	0.127	0.103	0.065	0.033	0.11
767	0.052	0.136	0.144	0.057	0.046	0.123
768	0.089	0.112	0.132	0.077	0.087	0.128
769	0.087	0.081	0.072	0.077	0.09	0.081
770	0.074	0.083	0.075	0.066	0.106	0.071
771	0.095	0.086	0.119	0.071	0.137	0.105
772	0.145	0.049	0.047	0.067	0.251	0.106
773	0.141	0.052	0.026	0.065	0.205	0.066
774	0.157	0.039	0.015	0.057	0.183	0.032
775	0.157	0.04	0.014	0.06	0.154	0.038
776	0.176	0.05	0.025	0.072	0.239	0.119
777	0.206	0.047	0.03	0.076	0.254	0.165
778	0.204	0.035	0.012	0.065	0.21	0.126
779	0.219	0.033	0.019	0.071	0.209	0.182
780	0.194	0.03	0.017	0.071	0.184	0.216
781	0.203	0.038	0.024	0.074	0.179	0.302
782	0.193	0.044	0.029	0.074	0.168	0.358
783	0.199	0.051	0.047	0.094	0.211	0.531
784	0.205	0.055	0.058	0.106	0.262	0.555
785	0.209	0.065	0.078	0.123	0.307	0.692
786	0.238	0.065	0.092	0.145	0.39	0.86
787	0.251	0.061	0.091	0.147	0.43	0.853
788	0.222	0.074	0.092	0.15	0.435	0.827
789	0.193	0.066	0.065	0.122	0.31	0.554
790	0.21	0.052	0.058	0.112	0.307	0.514
791	0.193	0.044	0.038	0.09	0.241	0.348
792	0.207	0.044	0.038	0.093	0.283	0.365
793	0.182	0.056	0.043	0.098	0.279	0.345
794	0.156	0.05	0.025	0.079	0.209	0.197
795	0.17	0.047	0.026	0.078	0.232	0.18
796	0.193	0.054	0.043	0.096	0.319	0.333
797	0.171	0.061	0.046	0.099	0.338	0.327
798	0.169	0.07	0.059	0.117	0.382	0.467
799	0.14	0.079	0.054	0.117	0.343	0.399
800	0.155	0.083	0.071	0.13	0.383	0.535
801	0.169	0.073	0.06	0.119	0.341	0.474
802	0.152	0.069	0.045	0.103	0.244	0.316
803	0.159	0.061	0.041	0.097	0.217	0.311
804	0.158	0.066	0.045	0.097	0.202	0.348
805	0.171	0.064	0.054	0.097	0.207	0.457
806	0.178	0.071	0.069	0.102	0.223	0.551
807	0.185	0.063	0.058	0.095	0.211	0.559
808	0.169	0.066	0.063	0.086	0.181	0.571
809	0.132	0.058	0.034	0.063	0.096	0.369
810	0.126	0.053	0.027	0.053	0.077	0.316
811	0.138	0.051	0.021	0.059	0.088	0.269
812	0.144	0.044	0.024	0.049	0.092	0.233
813	0.149	0.041	0.017	0.047	0.103	0.181
814	0.161	0.037	0.016	0.039	0.107	0.147
815	0.17	0.031	0.007	0.044	0.127	0.097
816	0.192	0.03	0.004	0.044	0.135	0.086
817	0.196	0.029	0.001	0.05	0.165	0.054
818	0.237	0.029	0.001	0.053	0.199	0.073
819	0.225	0.032	0.004	0.041	0.183	0.026
820	0.189	0.027	0.01	0.034	0.144	0.007
821	0.163	0.033	0.011	0.041	0.156	0.008
822	0.142	0.032	0.017	0.037	0.133	0.009
823	0.139	0.033	0.005	0.04	0.111	0.012
824	0.111	0.036	0.01	0.038	0.079	0.023
825	0.093	0.044	0.003	0.047	0.079	0.007
826	0.098	0.044	0.001	0.054	0.077	0.001
827	0.088	0.051	0.004	0.061	0.086	0.004
828	0.09	0.06	0.005	0.064	0.083	0.008
829	0.078	0.071	0.011	0.067	0.081	0.01
830	0.08	0.078	0.015	0.075	0.077	0.023
831	0.076	0.076	0.035	0.082	0.086	0.042
832	0.054	0.072	0.034	0.081	0.054	0.007
833	0.054	0.073	0.061	0.08	0.062	0.027
834	0.078	0.087	0.061	0.086	0.072	0.025
835	0.065	0.077	0.044	0.087	0.048	0.007
836	0.062	0.075	0.026	0.076	0.045	0.005
837	0.08	0.077	0.023	0.076	0.056	0.049
838	0.083	0.073	0.012	0.063	0.049	0.053
839	0.067	0.073	0.014	0.049	0.025	0.079
840	0.07	0.061	0.009	0.038	0.018	0.083
841	0.079	0.054	0.01	0.034	0.019	0.075
842	0.076	0.047	0.013	0.024	0.018	0.078
843	0.091	0.042	0.012	0.013	0.026	0.059
844	0.092	0.034	0.022	0.015	0.016	0.074
845	0.103	0.042	0.024	0.018	0.024	0.055
846	0.08	0.034	0.074	0.015	0.0	0.052
847	0.066	0.021	0.119	0.016	0.025	0.033
848	0.042	0.024	0.232	0.034	0.093	0.006
849	0.034	0.028	0.222	0.023	0.079	0.022
850	0.03	0.012	0.156	0.022	0.047	0.035
851	0.051	0.023	0.094	0.015	0.009	0.075
852	0.049	0.023	0.073	0.017	0.005	0.075
853	0.065	0.029	0.034	0.006	0.004	0.093
854	0.076	0.041	0.021	0.009	0.02	0.059
855	0.064	0.045	0.015	0.009	0.013	0.066
856	0.057	0.048	0.014	0.017	0.016	0.075
857	0.057	0.059	0.009	0.025	0.016	0.06
858	0.054	0.07	0.008	0.039	0.013	0.058
859	0.056	0.072	0.004	0.047	0.026	0.025
860	0.064	0.073	0.003	0.061	0.044	0.006
861	0.052	0.074	0.007	0.065	0.042	0.003
862	0.048	0.072	0.011	0.065	0.051	0.006
863	0.054	0.072	0.007	0.062	0.057	0.01
864	0.061	0.072	0.002	0.061	0.05	0.008
865	0.065	0.054	0.003	0.062	0.056	0.007
866	0.068	0.052	0.003	0.055	0.04	0.013
867	0.067	0.047	0.006	0.041	0.048	0.02
868	0.065	0.048	0.019	0.026	0.023	0.041
869	0.068	0.036	0.026	0.029	0.04	0.054
870	0.095	0.033	0.026	0.029	0.068	0.038
871	0.096	0.028	0.033	0.032	0.055	0.027
872	0.132	0.024	0.023	0.031	0.091	0.013
873	0.141	0.028	0.019	0.027	0.075	0.015
874	0.17	0.029	0.007	0.03	0.097	0.025
875	0.152	0.039	0.008	0.021	0.07	0.051
876	0.137	0.038	0.006	0.02	0.07	0.046
877	0.127	0.037	0.014	0.025	0.062	0.087
878	0.109	0.043	0.011	0.026	0.047	0.072
879	0.11	0.046	0.014	0.038	0.045	0.126
880	0.1	0.053	0.01	0.045	0.038	0.111
881	0.098	0.054	0.016	0.042	0.038	0.168
882	0.088	0.07	0.021	0.048	0.038	0.146
883	0.1	0.076	0.024	0.064	0.065	0.135
884	0.095	0.081	0.038	0.074	0.071	0.144
885	0.119	0.085	0.046	0.085	0.109	0.167
886	0.138	0.081	0.049	0.09	0.144	0.263
887	0.121	0.074	0.028	0.079	0.118	0.157
888	0.121	0.076	0.028	0.085	0.131	0.138
889	0.113	0.066	0.022	0.076	0.127	0.103
890	0.117	0.068	0.026	0.085	0.163	0.136
891	0.119	0.057	0.02	0.076	0.158	0.098
892	0.122	0.046	0.011	0.064	0.129	0.047
893	0.122	0.048	0.011	0.062	0.139	0.032
894	0.123	0.042	0.007	0.056	0.119	0.007
895	0.117	0.045	0.013	0.057	0.129	0.023
896	0.122	0.044	0.021	0.057	0.134	0.04
897	0.097	0.076	0.044	0.062	0.097	0.077
898	0.119	0.101	0.102	0.101	0.103	0.126
