index	displacement
1	0.187
2	0.152
3	0.161
4	0.129
5	0.124
6	0.109
7	0.083
8	0.08
9	0.068
10	0.046
11	0.081
12	0.051
13	0.041
14	0.072
15	0.069
16	0.036
17	0.056
18	0.08
19	0.062
20	0.055
21	0.05
22	0.027
23	0.012
24	0.001
25	0.004
26	0.013
27	0.032
28	0.079
29	0.123
30	0.1
31	0.065
32	0.112
33	0.154
34	0.117
35	0.122
36	0.084
37	0.108
38	0.165
39	0.27
40	0.282
41	0.367
42	0.307
43	0.374
44	0.331
45	0.352
46	0.253
47	0.195
48	0.176
49	0.095
50	0.118
51	0.073
52	0.065
53	0.066
54	0.067
55	0.088
56	0.047
57	0.026
58	0.053
59	0.073
60	0.043
61	0.038
62	0.081
63	0.091
64	0.073
65	0.096
66	0.061
67	0.078
68	0.047
69	0.026
70	0.015
71	0.029
72	0.037
73	0.087
74	0.105
75	0.089
76	0.122
77	0.178
78	0.189
79	0.211
80	0.195
81	0.166
82	0.222
83	0.339
84	0.347
85	0.469
86	0.433
87	0.431
88	0.487
89	0.374
90	0.305
91	0.287
92	0.409
93	0.444
94	0.341
95	0.345
96	0.255
97	0.307
98	0.413
99	0.416
100	0.414
101	0.289
102	0.236
103	0.15
104	0.149
105	0.208
106	0.171
107	0.113
108	0.159
109	0.215
110	0.157
111	0.135
112	0.218
113	0.246
114	0.191
115	0.203
116	0.114
117	0.094
118	0.067
119	0.036
120	0.042
121	0.031
122	0.068
123	0.074
124	0.086
125	0.123
126	0.188
127	0.253
128	0.31
129	0.355
130	0.481
131	0.412
132	0.331
133	0.373
134	0.354
135	0.458
136	0.425
137	0.308
138	0.317
139	0.381
140	0.301
141	0.233
142	0.298
143	0.303
144	0.205
145	0.21
146	0.289
147	0.235
148	0.177
149	0.251
150	0.286
151	0.205
152	0.195
153	0.29
154	0.33
155	0.357
156	0.329
157	0.219
158	0.158
159	0.182
160	0.288
161	0.265
162	0.191
163	0.1
164	0.064
165	0.027
166	0.021
167	0.009
168	0.015
169	0.023
170	0.034
171	0.065
172	0.123
173	0.162
174	0.221
175	0.285
176	0.241
177	0.316
178	0.253
179	0.221
180	0.155
181	0.12
182	0.115
183	0.065
184	0.066
185	0.117
186	0.102
187	0.071
188	0.109
189	0.147
190	0.104
191	0.113
192	0.181
193	0.197
194	0.144
195	0.136
196	0.069
197	0.05
198	0.019
199	0.006
200	0.0
201	0.002
202	0.013
203	0.01
204	0.014
205	0.008
206	0.016
207	0.014
208	0.018
209	0.024
210	0.039
211	0.041
212	0.042
213	0.033
214	0.046
215	0.044
216	0.058
217	0.063
218	0.07
219	0.078
220	0.079
221	0.076
222	0.082
223	0.066
224	0.066
225	0.063
226	0.065
227	0.039
228	0.055
229	0.066
230	0.04
231	0.033
232	0.036
233	0.063
234	0.052
235	0.065
236	0.057
237	0.071
238	0.069
239	0.052
240	0.059
241	0.074
242	0.07
243	0.084
244	0.099
245	0.101
246	0.085
247	0.078
248	0.06
249	0.058
250	0.042
251	0.038
252	0.038
253	0.028
254	0.033
255	0.019
256	0.025
257	0.024
258	0.031
259	0.041
260	0.069
261	0.049
262	0.025
263	0.029
264	0.027
265	0.055
266	0.051
267	0.091
268	0.073
269	0.066
270	0.052
271	0.068
272	0.099
273	0.103
274	0.117
275	0.09
276	0.068
277	0.084
278	0.082
279	0.062
280	0.064
281	0.077
282	0.072
283	0.06
284	0.063
285	0.078
286	0.074
287	0.072
288	0.057
289	0.038
290	0.036
291	0.017
292	0.017
293	0.006
294	0.003
295	0.003
296	0.007
297	0.018
298	0.05
299	0.04
300	0.035
301	0.013
302	0.002
303	0.006
304	0.021
305	0.046
306	0.029
307	0.031
308	0.066
309	0.068
310	0.056
311	0.082
312	0.104
313	0.096
314	0.101
315	0.121
316	0.101
317	0.086
318	0.089
319	0.072
320	0.055
321	0.058
322	0.056
323	0.037
324	0.048
325	0.037
326	0.04
327	0.052
328	0.049
329	0.037
330	0.036
331	0.036
332	0.047
333	0.054
334	0.066
335	0.073
336	0.088
337	0.088
338	0.082
339	0.097
340	0.086
341	0.069
342	0.055
343	0.054
344	0.068
345	0.058
346	0.052
347	0.062
348	0.069
349	0.082
350	0.091
351	0.101
352	0.089
353	0.084
354	0.076
355	0.084
356	0.084
357	0.096
358	0.084
359	0.088
360	0.072
361	0.065
362	0.061
363	0.054
364	0.048
365	0.042
366	0.033
367	0.033
368	0.031
369	0.031
370	0.037
371	0.031
372	0.036
373	0.034
374	0.032
375	0.034
376	0.042
377	0.044
378	0.051
379	0.062
380	0.076
381	0.087
382	0.091
383	0.089
384	0.094
385	0.113
386	0.1
387	0.094
388	0.095
389	0.085
390	0.085
391	0.066
392	0.058
393	0.051
394	0.047
395	0.041
396	0.05
397	0.048
398	0.041
399	0.044
400	0.044
401	0.026
402	0.035
403	0.035
404	0.036
405	0.046
406	0.05
407	0.052
408	0.063
409	0.076
410	0.079
411	0.077
412	0.081
413	0.076
414	0.073
415	0.071
416	0.052
417	0.052
418	0.046
419	0.052
420	0.039
421	0.034
422	0.033
423	0.029
424	0.034
425	0.034
426	0.044
427	0.041
428	0.043
429	0.048
430	0.053
431	0.06
432	0.062
433	0.083
434	0.093
435	0.104
436	0.109
437	0.105
438	0.091
439	0.091
440	0.077
441	0.077
442	0.062
443	0.049
444	0.048
445	0.04
446	0.039
447	0.037
448	0.057
449	0.067
450	0.141
451	0.105
452	0.112
453	0.091
454	0.089
455	0.076
456	0.055
457	0.055
458	0.053
459	0.042
460	0.09
461	0.062
462	0.042
463	0.076
464	0.08
465	0.041
466	0.06
467	0.091
468	0.074
469	0.065
470	0.067
471	0.039
472	0.021
473	0.003
474	0.001
475	0.007
476	0.018
477	0.056
478	0.099
479	0.087
480	0.051
481	0.088
482	0.14
483	0.118
484	0.126
485	0.092
486	0.11
487	0.163
488	0.268
489	0.275
490	0.35
491	0.273
492	0.323
493	0.273
494	0.275
495	0.191
496	0.138
497	0.108
498	0.043
499	0.031
500	0.024
501	0.027
502	0.039
503	0.048
504	0.082
505	0.051
506	0.029
507	0.064
508	0.097
509	0.076
510	0.063
511	0.112
512	0.137
513	0.117
514	0.134
515	0.088
516	0.103
517	0.062
518	0.033
519	0.018
520	0.025
521	0.031
522	0.081
523	0.1
524	0.083
525	0.122
526	0.172
527	0.19
528	0.196
529	0.185
530	0.144
531	0.207
532	0.324
533	0.36
534	0.503
535	0.484
536	0.458
537	0.487
538	0.365
539	0.282
540	0.244
541	0.364
542	0.382
543	0.266
544	0.25
545	0.173
546	0.212
547	0.298
548	0.329
549	0.336
550	0.225
551	0.2
552	0.119
553	0.136
554	0.194
555	0.143
556	0.101
557	0.159
558	0.212
559	0.157
560	0.148
561	0.24
562	0.266
563	0.222
564	0.24
565	0.138
566	0.117
567	0.08
568	0.045
569	0.048
570	0.034
571	0.077
572	0.084
573	0.107
574	0.137
575	0.204
576	0.265
577	0.322
578	0.382
579	0.534
580	0.489
581	0.391
582	0.455
583	0.459
584	0.599
585	0.548
586	0.421
587	0.453
588	0.503
589	0.387
590	0.326
591	0.409
592	0.38
593	0.266
594	0.295
595	0.372
596	0.285
597	0.232
598	0.324
599	0.334
600	0.235
601	0.244
602	0.357
603	0.379
604	0.405
605	0.352
606	0.237
607	0.179
608	0.209
609	0.325
610	0.307
611	0.232
612	0.129
613	0.085
614	0.039
615	0.033
616	0.015
617	0.022
618	0.023
619	0.031
620	0.059
621	0.121
622	0.162
623	0.218
624	0.324
625	0.274
626	0.364
627	0.305
628	0.285
629	0.223
630	0.188
631	0.202
632	0.132
633	0.15
634	0.218
635	0.178
636	0.14
637	0.204
638	0.237
639	0.168
640	0.189
641	0.283
642	0.28
643	0.207
644	0.205
645	0.102
646	0.074
647	0.028
648	0.013
649	0.001
650	0.001
651	0.006
652	0.002
653	0.004
654	0.004
655	0.012
656	0.01
657	0.01
658	0.019
659	0.035
660	0.037
661	0.042
662	0.036
663	0.052
664	0.05
665	0.062
666	0.063
667	0.068
668	0.075
669	0.073
670	0.069
671	0.071
672	0.055
673	0.05
674	0.044
675	0.041
676	0.022
677	0.035
678	0.042
679	0.022
680	0.017
681	0.021
682	0.042
683	0.035
684	0.054
685	0.05
686	0.064
687	0.059
688	0.044
689	0.055
690	0.066
691	0.058
692	0.065
693	0.079
694	0.073
695	0.059
696	0.05
697	0.039
698	0.043
699	0.031
700	0.033
701	0.033
702	0.027
703	0.035
704	0.022
705	0.031
706	0.034
707	0.051
708	0.063
709	0.09
710	0.06
711	0.028
712	0.031
713	0.032
714	0.071
715	0.083
716	0.134
717	0.109
718	0.108
719	0.09
720	0.104
721	0.151
722	0.153
723	0.163
724	0.123
725	0.093
726	0.111
727	0.103
728	0.076
729	0.079
730	0.09
731	0.08
732	0.066
733	0.07
734	0.087
735	0.076
736	0.072
737	0.056
738	0.042
739	0.044
740	0.023
741	0.027
742	0.012
743	0.013
744	0.005
745	0.001
746	0.01
747	0.023
748	0.008
749	0.008
750	0.003
751	0.011
752	0.031
753	0.068
754	0.101
755	0.066
756	0.074
757	0.131
758	0.122
759	0.1
760	0.145
761	0.172
762	0.146
763	0.154
764	0.191
765	0.153
766	0.127
767	0.136
768	0.112
769	0.081
770	0.083
771	0.086
772	0.049
773	0.052
774	0.039
775	0.04
776	0.05
777	0.047
778	0.035
779	0.033
780	0.03
781	0.038
782	0.044
783	0.051
784	0.055
785	0.065
786	0.065
787	0.061
788	0.074
789	0.066
790	0.052
791	0.044
792	0.044
793	0.056
794	0.05
795	0.047
796	0.054
797	0.061
798	0.07
799	0.079
800	0.083
801	0.073
802	0.069
803	0.061
804	0.066
805	0.064
806	0.071
807	0.063
808	0.066
809	0.058
810	0.053
811	0.051
812	0.044
813	0.041
814	0.037
815	0.031
816	0.03
817	0.029
818	0.029
819	0.032
820	0.027
821	0.033
822	0.032
823	0.033
824	0.036
825	0.044
826	0.044
827	0.051
828	0.06
829	0.071
830	0.078
831	0.076
832	0.072
833	0.073
834	0.087
835	0.077
836	0.075
837	0.077
838	0.073
839	0.073
840	0.061
841	0.054
842	0.047
843	0.042
844	0.034
845	0.042
846	0.034
847	0.021
848	0.024
849	0.028
850	0.012
851	0.023
852	0.023
853	0.029
854	0.041
855	0.045
856	0.048
857	0.059
858	0.07
859	0.072
860	0.073
861	0.074
862	0.072
863	0.072
864	0.072
865	0.054
866	0.052
867	0.047
868	0.048
869	0.036
870	0.033
871	0.028
872	0.024
873	0.028
874	0.029
875	0.039
876	0.038
877	0.037
878	0.043
879	0.046
880	0.053
881	0.054
882	0.07
883	0.076
884	0.081
885	0.085
886	0.081
887	0.074
888	0.076
889	0.066
890	0.068
891	0.057
892	0.046
893	0.048
894	0.042
895	0.045
896	0.044
897	0.076
898	0.101
