index	displacement
1	0.236
2	0.115
3	0.105
4	0.096
5	0.086
6	0.085
7	0.085
8	0.076
9	0.074
10	0.063
11	0.051
12	0.051
13	0.063
14	0.058
15	0.048
16	0.052
17	0.057
18	0.048
19	0.043
20	0.049
21	0.056
22	0.057
23	0.068
24	0.084
25	0.089
26	0.125
27	0.13
28	0.166
29	0.2
30	0.207
31	0.176
32	0.204
33	0.242
34	0.227
35	0.231
36	0.203
37	0.223
38	0.241
39	0.327
40	0.307
41	0.351
42	0.328
43	0.35
44	0.301
45	0.303
46	0.272
47	0.22
48	0.206
49	0.15
50	0.136
51	0.097
52	0.093
53	0.073
54	0.069
55	0.046
56	0.048
57	0.06
58	0.041
59	0.029
60	0.042
61	0.044
62	0.027
63	0.027
64	0.042
65	0.039
66	0.045
67	0.037
68	0.044
69	0.055
70	0.076
71	0.09
72	0.132
73	0.14
74	0.18
75	0.205
76	0.238
77	0.259
78	0.24
79	0.244
80	0.199
81	0.168
82	0.157
83	0.194
84	0.207
85	0.248
86	0.279
87	0.303
88	0.318
89	0.297
90	0.242
91	0.221
92	0.25
93	0.299
94	0.264
95	0.257
96	0.205
97	0.187
98	0.239
99	0.243
100	0.206
101	0.17
102	0.139
103	0.119
104	0.101
105	0.089
106	0.083
107	0.068
108	0.056
109	0.049
110	0.038
111	0.032
112	0.023
113	0.019
114	0.014
115	0.012
116	0.025
117	0.031
118	0.047
119	0.067
120	0.088
121	0.117
122	0.141
123	0.168
124	0.183
125	0.245
126	0.264
127	0.318
128	0.317
129	0.344
130	0.436
131	0.384
132	0.379
133	0.432
134	0.448
135	0.482
136	0.41
137	0.35
138	0.3
139	0.313
140	0.302
141	0.242
142	0.223
143	0.244
144	0.208
145	0.164
146	0.171
147	0.168
148	0.128
149	0.114
150	0.13
151	0.107
152	0.077
153	0.073
154	0.081
155	0.056
156	0.067
157	0.066
158	0.046
159	0.027
160	0.024
161	0.035
162	0.028
163	0.044
164	0.045
165	0.063
166	0.077
167	0.1
168	0.119
169	0.157
170	0.167
171	0.206
172	0.264
173	0.256
174	0.289
175	0.314
176	0.311
177	0.438
178	0.434
179	0.369
180	0.311
181	0.242
182	0.188
183	0.16
184	0.125
185	0.115
186	0.121
187	0.097
188	0.076
189	0.078
190	0.073
191	0.054
192	0.047
193	0.048
194	0.041
195	0.035
196	0.045
197	0.052
198	0.064
199	0.071
200	0.084
201	0.097
202	0.11
203	0.11
204	0.105
205	0.088
206	0.076
207	0.078
208	0.086
209	0.069
210	0.063
211	0.056
212	0.056
213	0.072
214	0.081
215	0.071
216	0.074
217	0.056
218	0.045
219	0.045
220	0.043
221	0.043
222	0.063
223	0.074
224	0.08
225	0.084
226	0.103
227	0.102
228	0.123
229	0.119
230	0.108
231	0.11
232	0.104
233	0.112
234	0.09
235	0.061
236	0.039
237	0.039
238	0.059
239	0.057
240	0.054
241	0.052
242	0.06
243	0.072
244	0.075
245	0.089
246	0.094
247	0.102
248	0.09
249	0.081
250	0.081
251	0.073
252	0.071
253	0.066
254	0.066
255	0.072
256	0.083
257	0.121
258	0.119
259	0.137
260	0.163
261	0.161
262	0.148
263	0.153
264	0.157
265	0.18
266	0.17
267	0.201
268	0.182
269	0.16
270	0.129
271	0.13
272	0.131
273	0.11
274	0.119
275	0.111
276	0.086
277	0.084
278	0.083
279	0.071
280	0.059
281	0.063
282	0.066
283	0.06
284	0.051
285	0.056
286	0.059
287	0.06
288	0.058
289	0.052
290	0.064
291	0.065
292	0.088
293	0.099
294	0.096
295	0.115
296	0.11
297	0.135
298	0.159
299	0.125
300	0.111
301	0.089
302	0.087
303	0.106
304	0.093
305	0.11
306	0.1
307	0.076
308	0.083
309	0.093
310	0.07
311	0.061
312	0.08
313	0.075
314	0.051
315	0.061
316	0.079
317	0.063
318	0.053
319	0.076
320	0.076
321	0.063
322	0.07
323	0.066
324	0.062
325	0.055
326	0.056
327	0.069
328	0.072
329	0.06
330	0.064
331	0.065
332	0.068
333	0.067
334	0.088
335	0.099
336	0.119
337	0.142
338	0.143
339	0.147
340	0.118
341	0.107
342	0.084
343	0.087
344	0.095
345	0.075
346	0.074
347	0.093
348	0.098
349	0.117
350	0.117
351	0.133
352	0.119
353	0.1
354	0.093
355	0.092
356	0.091
357	0.097
358	0.09
359	0.08
360	0.057
361	0.047
362	0.053
363	0.042
364	0.041
365	0.032
366	0.038
367	0.037
368	0.044
369	0.046
370	0.035
371	0.03
372	0.038
373	0.036
374	0.039
375	0.037
376	0.046
377	0.052
378	0.058
379	0.06
380	0.063
381	0.071
382	0.08
383	0.077
384	0.078
385	0.081
386	0.082
387	0.071
388	0.069
389	0.056
390	0.043
391	0.033
392	0.029
393	0.021
394	0.01
395	0.012
396	0.017
397	0.016
398	0.017
399	0.035
400	0.027
401	0.024
402	0.016
403	0.018
404	0.004
405	0.007
406	0.007
407	0.014
408	0.022
409	0.035
410	0.042
411	0.057
412	0.061
413	0.062
414	0.06
415	0.059
416	0.06
417	0.053
418	0.04
419	0.024
420	0.029
421	0.029
422	0.031
423	0.03
424	0.024
425	0.026
426	0.016
427	0.016
428	0.02
429	0.022
430	0.033
431	0.04
432	0.036
433	0.042
434	0.056
435	0.065
436	0.075
437	0.083
438	0.073
439	0.08
440	0.072
441	0.082
442	0.072
443	0.061
444	0.058
445	0.054
446	0.056
447	0.058
448	0.062
449	0.105
450	0.207
451	0.121
452	0.117
453	0.106
454	0.094
455	0.094
456	0.091
457	0.081
458	0.075
459	0.061
460	0.045
461	0.046
462	0.06
463	0.055
464	0.044
465	0.049
466	0.056
467	0.047
468	0.041
469	0.048
470	0.053
471	0.054
472	0.065
473	0.08
474	0.086
475	0.12
476	0.124
477	0.158
478	0.192
479	0.2
480	0.167
481	0.192
482	0.23
483	0.219
484	0.222
485	0.2
486	0.219
487	0.238
488	0.324
489	0.304
490	0.345
491	0.317
492	0.339
493	0.29
494	0.287
495	0.255
496	0.205
497	0.189
498	0.134
499	0.115
500	0.082
501	0.081
502	0.061
503	0.059
504	0.037
505	0.039
506	0.051
507	0.034
508	0.023
509	0.036
510	0.04
511	0.024
512	0.025
513	0.041
514	0.037
515	0.041
516	0.033
517	0.039
518	0.051
519	0.072
520	0.087
521	0.13
522	0.139
523	0.181
524	0.204
525	0.239
526	0.258
527	0.243
528	0.245
529	0.202
530	0.167
531	0.159
532	0.2
533	0.219
534	0.27
535	0.303
536	0.322
537	0.331
538	0.306
539	0.246
540	0.219
541	0.252
542	0.296
543	0.251
544	0.24
545	0.189
546	0.17
547	0.219
548	0.233
549	0.2
550	0.163
551	0.136
552	0.114
553	0.099
554	0.088
555	0.078
556	0.063
557	0.052
558	0.045
559	0.032
560	0.027
561	0.02
562	0.014
563	0.009
564	0.007
565	0.02
566	0.026
567	0.043
568	0.064
569	0.087
570	0.118
571	0.145
572	0.175
573	0.19
574	0.249
575	0.271
576	0.323
577	0.323
578	0.354
579	0.453
580	0.405
581	0.394
582	0.45
583	0.469
584	0.513
585	0.44
586	0.376
587	0.328
588	0.346
589	0.325
590	0.263
591	0.25
592	0.267
593	0.224
594	0.183
595	0.194
596	0.184
597	0.14
598	0.13
599	0.146
600	0.115
601	0.084
602	0.085
603	0.092
604	0.064
605	0.072
606	0.069
607	0.045
608	0.024
609	0.023
610	0.037
611	0.027
612	0.042
613	0.041
614	0.06
615	0.077
616	0.1
617	0.121
618	0.16
619	0.171
620	0.21
621	0.269
622	0.259
623	0.296
624	0.323
625	0.312
626	0.447
627	0.445
628	0.381
629	0.319
630	0.251
631	0.199
632	0.163
633	0.128
634	0.125
635	0.129
636	0.1
637	0.081
638	0.088
639	0.078
640	0.055
641	0.054
642	0.055
643	0.041
644	0.032
645	0.039
646	0.048
647	0.061
648	0.07
649	0.084
650	0.097
651	0.112
652	0.112
653	0.105
654	0.087
655	0.075
656	0.077
657	0.088
658	0.071
659	0.067
660	0.061
661	0.057
662	0.072
663	0.08
664	0.071
665	0.075
666	0.059
667	0.048
668	0.049
669	0.048
670	0.048
671	0.067
672	0.077
673	0.084
674	0.09
675	0.11
676	0.108
677	0.134
678	0.126
679	0.111
680	0.114
681	0.106
682	0.117
683	0.093
684	0.067
685	0.043
686	0.044
687	0.064
688	0.061
689	0.057
690	0.057
691	0.065
692	0.079
693	0.083
694	0.099
695	0.101
696	0.108
697	0.095
698	0.084
699	0.083
700	0.073
701	0.073
702	0.067
703	0.066
704	0.072
705	0.081
706	0.118
707	0.116
708	0.135
709	0.16
710	0.157
711	0.143
712	0.149
713	0.15
714	0.174
715	0.169
716	0.201
717	0.181
718	0.158
719	0.126
720	0.126
721	0.129
722	0.107
723	0.116
724	0.108
725	0.085
726	0.082
727	0.082
728	0.071
729	0.059
730	0.063
731	0.067
732	0.061
733	0.052
734	0.057
735	0.061
736	0.062
737	0.06
738	0.053
739	0.063
740	0.064
741	0.085
742	0.096
743	0.093
744	0.11
745	0.102
746	0.125
747	0.144
748	0.109
749	0.099
750	0.079
751	0.079
752	0.099
753	0.088
754	0.106
755	0.095
756	0.073
757	0.08
758	0.09
759	0.068
760	0.061
761	0.08
762	0.074
763	0.053
764	0.063
765	0.078
766	0.065
767	0.057
768	0.077
769	0.077
770	0.066
771	0.071
772	0.067
773	0.065
774	0.057
775	0.06
776	0.072
777	0.076
778	0.065
779	0.071
780	0.071
781	0.074
782	0.074
783	0.094
784	0.106
785	0.123
786	0.145
787	0.147
788	0.15
789	0.122
790	0.112
791	0.09
792	0.093
793	0.098
794	0.079
795	0.078
796	0.096
797	0.099
798	0.117
799	0.117
800	0.13
801	0.119
802	0.103
803	0.097
804	0.097
805	0.097
806	0.102
807	0.095
808	0.086
809	0.063
810	0.053
811	0.059
812	0.049
813	0.047
814	0.039
815	0.044
816	0.044
817	0.05
818	0.053
819	0.041
820	0.034
821	0.041
822	0.037
823	0.04
824	0.038
825	0.047
826	0.054
827	0.061
828	0.064
829	0.067
830	0.075
831	0.082
832	0.081
833	0.08
834	0.086
835	0.087
836	0.076
837	0.076
838	0.063
839	0.049
840	0.038
841	0.034
842	0.024
843	0.013
844	0.015
845	0.018
846	0.015
847	0.016
848	0.034
849	0.023
850	0.022
851	0.015
852	0.017
853	0.006
854	0.009
855	0.009
856	0.017
857	0.025
858	0.039
859	0.047
860	0.061
861	0.065
862	0.065
863	0.062
864	0.061
865	0.062
866	0.055
867	0.041
868	0.026
869	0.029
870	0.029
871	0.032
872	0.031
873	0.027
874	0.03
875	0.021
876	0.02
877	0.025
878	0.026
879	0.038
880	0.045
881	0.042
882	0.048
883	0.064
884	0.074
885	0.085
886	0.09
887	0.079
888	0.085
889	0.076
890	0.085
891	0.076
892	0.064
893	0.062
894	0.056
895	0.057
896	0.057
897	0.062
898	0.101
