index	displacement
1	0.116
2	0.065
3	0.064
4	0.053
5	0.041
6	0.039
7	0.047
8	0.046
9	0.043
10	0.097
11	0.122
12	0.104
13	0.06
14	0.075
15	0.093
16	0.054
17	0.047
18	0.089
19	0.082
20	0.051
21	0.06
22	0.049
23	0.049
24	0.024
25	0.037
26	0.038
27	0.061
28	0.067
29	0.126
30	0.16
31	0.178
32	0.242
33	0.296
34	0.308
35	0.261
36	0.191
37	0.189
38	0.213
39	0.278
40	0.22
41	0.292
42	0.238
43	0.224
44	0.126
45	0.183
46	0.234
47	0.143
48	0.183
49	0.203
50	0.269
51	0.325
52	0.216
53	0.259
54	0.186
55	0.277
56	0.313
57	0.207
58	0.213
59	0.318
60	0.29
61	0.194
62	0.246
63	0.319
64	0.233
65	0.186
66	0.133
67	0.133
68	0.087
69	0.059
70	0.019
71	0.013
72	0.002
73	0.0
74	0.016
75	0.044
76	0.107
77	0.134
78	0.091
79	0.055
80	0.013
81	0.004
82	0.006
83	0.009
84	0.036
85	0.078
86	0.115
87	0.091
88	0.068
89	0.07
90	0.02
91	0.016
92	0.005
93	0.037
94	0.07
95	0.12
96	0.116
97	0.123
98	0.102
99	0.038
100	0.045
101	0.052
102	0.039
103	0.044
104	0.042
105	0.097
106	0.131
107	0.116
108	0.143
109	0.229
110	0.251
111	0.211
112	0.296
113	0.395
114	0.356
115	0.325
116	0.2
117	0.147
118	0.084
119	0.038
120	0.018
121	0.006
122	0.028
123	0.058
124	0.12
125	0.16
126	0.167
127	0.235
128	0.215
129	0.231
130	0.376
131	0.395
132	0.384
133	0.561
134	0.697
135	0.824
136	0.628
137	0.554
138	0.587
139	0.469
140	0.353
141	0.366
142	0.359
143	0.232
144	0.187
145	0.249
146	0.214
147	0.116
148	0.146
149	0.213
150	0.138
151	0.101
152	0.174
153	0.261
154	0.217
155	0.296
156	0.223
157	0.142
158	0.144
159	0.224
160	0.319
161	0.263
162	0.237
163	0.138
164	0.105
165	0.054
166	0.041
167	0.018
168	0.037
169	0.03
170	0.05
171	0.06
172	0.153
173	0.232
174	0.353
175	0.612
176	0.465
177	0.528
178	0.543
179	0.476
180	0.49
181	0.386
182	0.44
183	0.361
184	0.463
185	0.455
186	0.305
187	0.323
188	0.441
189	0.355
190	0.259
191	0.369
192	0.469
193	0.362
194	0.297
195	0.381
196	0.228
197	0.14
198	0.07
199	0.051
200	0.021
201	0.035
202	0.04
203	0.051
204	0.058
205	0.05
206	0.043
207	0.017
208	0.012
209	0.006
210	0.005
211	0.017
212	0.023
213	0.026
214	0.033
215	0.019
216	0.016
217	0.007
218	0.008
219	0.006
220	0.004
221	0.001
222	0.003
223	0.005
224	0.015
225	0.022
226	0.042
227	0.048
228	0.063
229	0.05
230	0.037
231	0.048
232	0.041
233	0.052
234	0.035
235	0.025
236	0.02
237	0.017
238	0.013
239	0.009
240	0.008
241	0.006
242	0.007
243	0.016
244	0.015
245	0.032
246	0.032
247	0.048
248	0.037
249	0.025
250	0.017
251	0.009
252	0.001
253	0.001
254	0.005
255	0.01
256	0.029
257	0.062
258	0.101
259	0.126
260	0.138
261	0.129
262	0.083
263	0.124
264	0.199
265	0.293
266	0.391
267	0.387
268	0.251
269	0.27
270	0.214
271	0.162
272	0.21
273	0.186
274	0.159
275	0.116
276	0.082
277	0.077
278	0.055
279	0.036
280	0.035
281	0.027
282	0.017
283	0.011
284	0.017
285	0.016
286	0.005
287	0.005
288	0.006
289	0.015
290	0.02
291	0.019
292	0.041
293	0.045
294	0.095
295	0.113
296	0.159
297	0.234
298	0.261
299	0.301
300	0.199
301	0.267
302	0.241
303	0.302
304	0.365
305	0.331
306	0.234
307	0.266
308	0.33
309	0.253
310	0.209
311	0.287
312	0.279
313	0.187
314	0.209
315	0.267
316	0.186
317	0.142
318	0.193
319	0.172
320	0.096
321	0.097
322	0.148
323	0.057
324	0.031
325	0.019
326	0.016
327	0.026
328	0.031
329	0.013
330	0.018
331	0.012
332	0.016
333	0.017
334	0.029
335	0.037
336	0.05
337	0.063
338	0.064
339	0.065
340	0.043
341	0.04
342	0.026
343	0.029
344	0.032
345	0.018
346	0.023
347	0.036
348	0.039
349	0.048
350	0.042
351	0.054
352	0.044
353	0.03
354	0.025
355	0.026
356	0.031
357	0.041
358	0.033
359	0.037
360	0.018
361	0.014
362	0.01
363	0.014
364	0.011
365	0.011
366	0.006
367	0.004
368	0.002
369	0.002
370	0.002
371	0.007
372	0.009
373	0.015
374	0.007
375	0.012
376	0.007
377	0.003
378	0.006
379	0.004
380	0.008
381	0.008
382	0.02
383	0.018
384	0.038
385	0.035
386	0.023
387	0.011
388	0.009
389	0.003
390	0.005
391	0.007
392	0.007
393	0.009
394	0.009
395	0.016
396	0.016
397	0.061
398	0.095
399	0.202
400	0.196
401	0.134
402	0.079
403	0.059
404	0.027
405	0.016
406	0.011
407	0.011
408	0.008
409	0.006
410	0.001
411	0.001
412	0.003
413	0.008
414	0.008
415	0.005
416	0.006
417	0.005
418	0.009
419	0.016
420	0.022
421	0.023
422	0.028
423	0.018
424	0.013
425	0.004
426	0.006
427	0.005
428	0.01
429	0.008
430	0.007
431	0.005
432	0.009
433	0.01
434	0.009
435	0.018
436	0.022
437	0.025
438	0.012
439	0.014
440	0.012
441	0.017
442	0.016
443	0.01
444	0.012
445	0.01
446	0.019
447	0.028
448	0.063
449	0.138
450	0.2
451	0.101
452	0.109
453	0.088
454	0.073
455	0.067
456	0.073
457	0.07
458	0.06
459	0.106
460	0.124
461	0.1
462	0.064
463	0.077
464	0.089
465	0.053
466	0.047
467	0.082
468	0.073
469	0.044
470	0.046
471	0.04
472	0.042
473	0.023
474	0.038
475	0.04
476	0.068
477	0.08
478	0.137
479	0.154
480	0.177
481	0.246
482	0.286
483	0.282
484	0.23
485	0.161
486	0.16
487	0.188
488	0.243
489	0.196
490	0.27
491	0.239
492	0.244
493	0.161
494	0.24
495	0.273
496	0.181
497	0.229
498	0.241
499	0.354
500	0.348
501	0.232
502	0.265
503	0.195
504	0.274
505	0.302
506	0.202
507	0.2
508	0.29
509	0.254
510	0.166
511	0.212
512	0.269
513	0.184
514	0.147
515	0.107
516	0.107
517	0.075
518	0.054
519	0.019
520	0.016
521	0.006
522	0.003
523	0.013
524	0.039
525	0.089
526	0.118
527	0.075
528	0.055
529	0.014
530	0.018
531	0.011
532	0.006
533	0.005
534	0.018
535	0.044
536	0.045
537	0.046
538	0.063
539	0.03
540	0.045
541	0.034
542	0.079
543	0.121
544	0.193
545	0.179
546	0.191
547	0.188
548	0.1
549	0.088
550	0.09
551	0.059
552	0.064
553	0.048
554	0.099
555	0.144
556	0.12
557	0.135
558	0.218
559	0.24
560	0.194
561	0.265
562	0.358
563	0.321
564	0.288
565	0.179
566	0.13
567	0.073
568	0.031
569	0.012
570	0.002
571	0.013
572	0.039
573	0.085
574	0.124
575	0.125
576	0.189
577	0.174
578	0.167
579	0.274
580	0.272
581	0.281
582	0.429
583	0.543
584	0.625
585	0.452
586	0.42
587	0.412
588	0.31
589	0.236
590	0.248
591	0.226
592	0.133
593	0.11
594	0.152
595	0.114
596	0.054
597	0.081
598	0.121
599	0.068
600	0.056
601	0.114
602	0.172
603	0.149
604	0.224
605	0.179
606	0.113
607	0.119
608	0.192
609	0.267
610	0.208
611	0.191
612	0.109
613	0.09
614	0.045
615	0.031
616	0.012
617	0.026
618	0.023
619	0.043
620	0.051
621	0.126
622	0.195
623	0.288
624	0.455
625	0.389
626	0.426
627	0.443
628	0.375
629	0.384
630	0.293
631	0.328
632	0.279
633	0.364
634	0.337
635	0.219
636	0.246
637	0.335
638	0.254
639	0.191
640	0.291
641	0.353
642	0.266
643	0.23
644	0.31
645	0.202
646	0.119
647	0.065
648	0.047
649	0.02
650	0.033
651	0.042
652	0.054
653	0.067
654	0.054
655	0.049
656	0.022
657	0.017
658	0.008
659	0.005
660	0.015
661	0.018
662	0.018
663	0.022
664	0.009
665	0.008
666	0.003
667	0.006
668	0.005
669	0.007
670	0.004
671	0.011
672	0.014
673	0.028
674	0.036
675	0.059
676	0.062
677	0.08
678	0.063
679	0.048
680	0.056
681	0.048
682	0.061
683	0.043
684	0.029
685	0.021
686	0.018
687	0.019
688	0.013
689	0.008
690	0.01
691	0.015
692	0.03
693	0.03
694	0.054
695	0.052
696	0.071
697	0.055
698	0.04
699	0.027
700	0.015
701	0.005
702	0.001
703	0.001
704	0.005
705	0.018
706	0.046
707	0.075
708	0.093
709	0.099
710	0.103
711	0.069
712	0.11
713	0.176
714	0.25
715	0.331
716	0.306
717	0.194
718	0.203
719	0.163
720	0.115
721	0.147
722	0.127
723	0.102
724	0.074
725	0.052
726	0.047
727	0.03
728	0.019
729	0.018
730	0.012
731	0.006
732	0.004
733	0.009
734	0.006
735	0.001
736	0.004
737	0.006
738	0.012
739	0.013
740	0.013
741	0.03
742	0.036
743	0.082
744	0.103
745	0.156
746	0.228
747	0.272
748	0.316
749	0.211
750	0.263
751	0.222
752	0.265
753	0.303
754	0.262
755	0.186
756	0.214
757	0.252
758	0.188
759	0.156
760	0.216
761	0.2
762	0.128
763	0.15
764	0.194
765	0.132
766	0.103
767	0.144
768	0.132
769	0.072
770	0.075
771	0.119
772	0.047
773	0.026
774	0.015
775	0.014
776	0.025
777	0.03
778	0.012
779	0.019
780	0.017
781	0.024
782	0.029
783	0.047
784	0.058
785	0.078
786	0.092
787	0.091
788	0.092
789	0.065
790	0.058
791	0.038
792	0.038
793	0.043
794	0.025
795	0.026
796	0.043
797	0.046
798	0.059
799	0.054
800	0.071
801	0.06
802	0.045
803	0.041
804	0.045
805	0.054
806	0.069
807	0.058
808	0.063
809	0.034
810	0.027
811	0.021
812	0.024
813	0.017
814	0.016
815	0.007
816	0.004
817	0.001
818	0.001
819	0.004
820	0.01
821	0.011
822	0.017
823	0.005
824	0.01
825	0.003
826	0.001
827	0.004
828	0.005
829	0.011
830	0.015
831	0.035
832	0.034
833	0.061
834	0.061
835	0.044
836	0.026
837	0.023
838	0.012
839	0.014
840	0.009
841	0.01
842	0.013
843	0.012
844	0.022
845	0.024
846	0.074
847	0.119
848	0.232
849	0.222
850	0.156
851	0.094
852	0.073
853	0.034
854	0.021
855	0.015
856	0.014
857	0.009
858	0.008
859	0.004
860	0.003
861	0.007
862	0.011
863	0.007
864	0.002
865	0.003
866	0.003
867	0.006
868	0.019
869	0.026
870	0.026
871	0.033
872	0.023
873	0.019
874	0.007
875	0.008
876	0.006
877	0.014
878	0.011
879	0.014
880	0.01
881	0.016
882	0.021
883	0.024
884	0.038
885	0.046
886	0.049
887	0.028
888	0.028
889	0.022
890	0.026
891	0.02
892	0.011
893	0.011
894	0.007
895	0.013
896	0.021
897	0.044
898	0.102
