index	displacement
1	0.707
2	0.239
3	0.165
4	0.077
5	0.059
6	0.056
7	0.043
8	0.029
9	0.024
10	0.018
11	0.014
12	0.016
13	0.017
14	0.014
15	0.012
16	0.014
17	0.014
18	0.009
19	0.009
20	0.011
21	0.006
22	0.001
23	0.001
24	0.002
25	0.013
26	0.026
27	0.051
28	0.076
29	0.125
30	0.136
31	0.149
32	0.225
33	0.26
34	0.245
35	0.209
36	0.152
37	0.143
38	0.161
39	0.208
40	0.156
41	0.226
42	0.234
43	0.261
44	0.202
45	0.315
46	0.324
47	0.225
48	0.305
49	0.254
50	0.351
51	0.323
52	0.209
53	0.216
54	0.144
55	0.172
56	0.162
57	0.096
58	0.083
59	0.106
60	0.07
61	0.029
62	0.039
63	0.038
64	0.009
65	0.004
66	0.002
67	0.006
68	0.009
69	0.005
70	0.001
71	0.004
72	0.005
73	0.005
74	0.01
75	0.038
76	0.083
77	0.097
78	0.049
79	0.045
80	0.017
81	0.038
82	0.046
83	0.062
84	0.021
85	0.024
86	0.004
87	0.004
88	0.029
89	0.047
90	0.049
91	0.103
92	0.121
93	0.16
94	0.213
95	0.335
96	0.293
97	0.341
98	0.38
99	0.244
100	0.249
101	0.194
102	0.119
103	0.085
104	0.059
105	0.115
106	0.142
107	0.091
108	0.101
109	0.174
110	0.153
111	0.102
112	0.168
113	0.22
114	0.146
115	0.132
116	0.062
117	0.046
118	0.026
119	0.009
120	0.006
121	0.006
122	0.014
123	0.042
124	0.077
125	0.109
126	0.087
127	0.14
128	0.107
129	0.081
130	0.139
131	0.139
132	0.187
133	0.305
134	0.413
135	0.425
136	0.269
137	0.278
138	0.27
139	0.162
140	0.136
141	0.17
142	0.134
143	0.061
144	0.067
145	0.107
146	0.073
147	0.033
148	0.063
149	0.102
150	0.067
151	0.052
152	0.095
153	0.15
154	0.145
155	0.211
156	0.178
157	0.1
158	0.078
159	0.119
160	0.186
161	0.156
162	0.128
163	0.061
164	0.042
165	0.025
166	0.024
167	0.02
168	0.033
169	0.034
170	0.042
171	0.041
172	0.109
173	0.167
174	0.26
175	0.507
176	0.368
177	0.372
178	0.416
179	0.322
180	0.358
181	0.264
182	0.29
183	0.268
184	0.346
185	0.295
186	0.196
187	0.232
188	0.307
189	0.229
190	0.17
191	0.252
192	0.322
193	0.234
194	0.173
195	0.226
196	0.127
197	0.064
198	0.041
199	0.039
200	0.033
201	0.042
202	0.043
203	0.047
204	0.046
205	0.041
206	0.035
207	0.026
208	0.03
209	0.026
210	0.025
211	0.027
212	0.017
213	0.015
214	0.025
215	0.022
216	0.027
217	0.035
218	0.03
219	0.029
220	0.031
221	0.032
222	0.034
223	0.027
224	0.032
225	0.035
226	0.043
227	0.045
228	0.053
229	0.047
230	0.027
231	0.036
232	0.029
233	0.039
234	0.027
235	0.021
236	0.018
237	0.02
238	0.021
239	0.024
240	0.025
241	0.031
242	0.032
243	0.043
244	0.047
245	0.05
246	0.039
247	0.039
248	0.033
249	0.028
250	0.028
251	0.021
252	0.023
253	0.018
254	0.019
255	0.015
256	0.017
257	0.017
258	0.022
259	0.034
260	0.049
261	0.069
262	0.056
263	0.078
264	0.121
265	0.17
266	0.194
267	0.176
268	0.087
269	0.075
270	0.057
271	0.048
272	0.052
273	0.038
274	0.055
275	0.051
276	0.03
277	0.036
278	0.049
279	0.033
280	0.029
281	0.043
282	0.041
283	0.03
284	0.029
285	0.042
286	0.043
287	0.038
288	0.028
289	0.016
290	0.014
291	0.006
292	0.006
293	0.009
294	0.019
295	0.056
296	0.094
297	0.164
298	0.236
299	0.27
300	0.174
301	0.174
302	0.109
303	0.131
304	0.104
305	0.083
306	0.058
307	0.047
308	0.043
309	0.037
310	0.02
311	0.019
312	0.029
313	0.019
314	0.009
315	0.021
316	0.042
317	0.035
318	0.045
319	0.081
320	0.086
321	0.103
322	0.128
323	0.222
324	0.182
325	0.162
326	0.141
327	0.212
328	0.225
329	0.188
330	0.189
331	0.168
332	0.166
333	0.155
334	0.193
335	0.237
336	0.275
337	0.342
338	0.374
339	0.372
340	0.272
341	0.271
342	0.217
343	0.25
344	0.245
345	0.187
346	0.206
347	0.277
348	0.29
349	0.326
350	0.292
351	0.332
352	0.292
353	0.215
354	0.195
355	0.184
356	0.19
357	0.205
358	0.193
359	0.166
360	0.089
361	0.074
362	0.083
363	0.088
364	0.096
365	0.101
366	0.117
367	0.123
368	0.147
369	0.174
370	0.159
371	0.122
372	0.133
373	0.111
374	0.098
375	0.07
376	0.073
377	0.073
378	0.082
379	0.081
380	0.078
381	0.075
382	0.085
383	0.055
384	0.06
385	0.071
386	0.05
387	0.048
388	0.059
389	0.052
390	0.028
391	0.021
392	0.022
393	0.021
394	0.028
395	0.018
396	0.023
397	0.0
398	0.022
399	0.095
400	0.084
401	0.05
402	0.011
403	0.004
404	0.003
405	0.019
406	0.014
407	0.018
408	0.018
409	0.015
410	0.03
411	0.047
412	0.045
413	0.051
414	0.056
415	0.05
416	0.054
417	0.037
418	0.043
419	0.02
420	0.033
421	0.056
422	0.042
423	0.075
424	0.065
425	0.085
426	0.065
427	0.069
428	0.062
429	0.046
430	0.046
431	0.039
432	0.04
433	0.04
434	0.066
435	0.072
436	0.106
437	0.137
438	0.114
439	0.124
440	0.12
441	0.15
442	0.145
443	0.121
444	0.127
445	0.109
446	0.116
447	0.117
448	0.087
449	0.091
450	1.082
451	0.257
452	0.168
453	0.076
454	0.056
455	0.051
456	0.039
457	0.025
458	0.021
459	0.017
460	0.014
461	0.017
462	0.016
463	0.013
464	0.012
465	0.013
466	0.013
467	0.008
468	0.008
469	0.008
470	0.004
471	0.001
472	0.001
473	0.002
474	0.014
475	0.028
476	0.057
477	0.086
478	0.146
479	0.15
480	0.16
481	0.246
482	0.284
483	0.258
484	0.219
485	0.156
486	0.151
487	0.18
488	0.242
489	0.19
490	0.273
491	0.279
492	0.315
493	0.244
494	0.373
495	0.371
496	0.253
497	0.339
498	0.28
499	0.389
500	0.351
501	0.224
502	0.234
503	0.161
504	0.198
505	0.186
506	0.111
507	0.096
508	0.123
509	0.079
510	0.033
511	0.046
512	0.045
513	0.01
514	0.005
515	0.003
516	0.007
517	0.011
518	0.007
519	0.001
520	0.005
521	0.006
522	0.007
523	0.013
524	0.043
525	0.093
526	0.115
527	0.063
528	0.06
529	0.023
530	0.046
531	0.05
532	0.067
533	0.019
534	0.018
535	0.001
536	0.011
537	0.047
538	0.067
539	0.063
540	0.121
541	0.139
542	0.194
543	0.248
544	0.384
545	0.334
546	0.382
547	0.437
548	0.284
549	0.27
550	0.213
551	0.131
552	0.096
553	0.066
554	0.129
555	0.162
556	0.105
557	0.115
558	0.197
559	0.178
560	0.12
561	0.193
562	0.254
563	0.175
564	0.159
565	0.077
566	0.057
567	0.03
568	0.011
569	0.005
570	0.004
571	0.012
572	0.041
573	0.079
574	0.119
575	0.1
576	0.164
577	0.135
578	0.108
579	0.18
580	0.163
581	0.216
582	0.356
583	0.474
584	0.489
585	0.307
586	0.325
587	0.288
588	0.173
589	0.149
590	0.179
591	0.133
592	0.059
593	0.066
594	0.104
595	0.063
596	0.026
597	0.057
598	0.094
599	0.058
600	0.047
601	0.094
602	0.151
603	0.148
604	0.224
605	0.192
606	0.109
607	0.087
608	0.135
609	0.209
610	0.169
611	0.142
612	0.066
613	0.047
614	0.027
615	0.024
616	0.019
617	0.031
618	0.033
619	0.041
620	0.04
621	0.111
622	0.175
623	0.273
624	0.466
625	0.415
626	0.427
627	0.47
628	0.364
629	0.395
630	0.289
631	0.31
632	0.294
633	0.376
634	0.313
635	0.206
636	0.249
637	0.328
638	0.239
639	0.179
640	0.275
641	0.342
642	0.249
643	0.191
644	0.257
645	0.141
646	0.072
647	0.045
648	0.041
649	0.033
650	0.042
651	0.042
652	0.045
653	0.047
654	0.041
655	0.035
656	0.025
657	0.027
658	0.023
659	0.02
660	0.022
661	0.015
662	0.013
663	0.023
664	0.02
665	0.025
666	0.031
667	0.024
668	0.024
669	0.026
670	0.026
671	0.028
672	0.022
673	0.027
674	0.03
675	0.036
676	0.041
677	0.049
678	0.04
679	0.025
680	0.035
681	0.029
682	0.037
683	0.024
684	0.016
685	0.014
686	0.015
687	0.016
688	0.019
689	0.02
690	0.025
691	0.026
692	0.036
693	0.039
694	0.042
695	0.033
696	0.033
697	0.027
698	0.024
699	0.024
700	0.018
701	0.019
702	0.015
703	0.016
704	0.012
705	0.015
706	0.017
707	0.022
708	0.033
709	0.046
710	0.069
711	0.056
712	0.081
713	0.123
714	0.169
715	0.192
716	0.168
717	0.082
718	0.073
719	0.058
720	0.048
721	0.053
722	0.037
723	0.054
724	0.05
725	0.029
726	0.034
727	0.048
728	0.032
729	0.028
730	0.042
731	0.039
732	0.027
733	0.027
734	0.041
735	0.041
736	0.037
737	0.025
738	0.014
739	0.011
740	0.004
741	0.005
742	0.009
743	0.019
744	0.058
745	0.102
746	0.174
747	0.256
748	0.292
749	0.186
750	0.188
751	0.115
752	0.138
753	0.106
754	0.084
755	0.059
756	0.048
757	0.042
758	0.037
759	0.02
760	0.019
761	0.027
762	0.018
763	0.006
764	0.018
765	0.041
766	0.033
767	0.046
768	0.087
769	0.09
770	0.106
771	0.137
772	0.251
773	0.205
774	0.183
775	0.154
776	0.239
777	0.254
778	0.21
779	0.209
780	0.184
781	0.179
782	0.168
783	0.211
784	0.262
785	0.307
786	0.39
787	0.43
788	0.435
789	0.31
790	0.307
791	0.241
792	0.283
793	0.279
794	0.209
795	0.232
796	0.319
797	0.338
798	0.382
799	0.343
800	0.383
801	0.341
802	0.244
803	0.217
804	0.202
805	0.207
806	0.223
807	0.211
808	0.181
809	0.096
810	0.077
811	0.088
812	0.092
813	0.103
814	0.107
815	0.127
816	0.135
817	0.165
818	0.199
819	0.183
820	0.144
821	0.156
822	0.133
823	0.111
824	0.079
825	0.079
826	0.077
827	0.086
828	0.083
829	0.081
830	0.077
831	0.086
832	0.054
833	0.062
834	0.072
835	0.048
836	0.045
837	0.056
838	0.049
839	0.025
840	0.018
841	0.019
842	0.018
843	0.026
844	0.016
845	0.024
846	0.0
847	0.025
848	0.093
849	0.079
850	0.047
851	0.009
852	0.005
853	0.004
854	0.02
855	0.013
856	0.016
857	0.016
858	0.013
859	0.026
860	0.044
861	0.042
862	0.051
863	0.057
864	0.05
865	0.056
866	0.04
867	0.048
868	0.023
869	0.04
870	0.068
871	0.055
872	0.091
873	0.075
874	0.097
875	0.07
876	0.07
877	0.062
878	0.047
879	0.045
880	0.038
881	0.038
882	0.038
883	0.065
884	0.071
885	0.109
886	0.144
887	0.118
888	0.131
889	0.127
890	0.163
891	0.158
892	0.129
893	0.139
894	0.119
895	0.129
896	0.134
897	0.097
898	0.103
