index	displacement
1	0.189
2	0.154
3	0.136
4	0.095
5	0.089
6	0.083
7	0.056
8	0.041
9	0.025
10	0.017
11	0.01
12	0.004
13	0.006
14	0.009
15	0.003
16	0.002
17	0.009
18	0.01
19	0.008
20	0.013
21	0.017
22	0.014
23	0.028
24	0.027
25	0.05
26	0.051
27	0.089
28	0.113
29	0.13
30	0.089
31	0.117
32	0.164
33	0.128
34	0.11
35	0.064
36	0.034
37	0.028
38	0.057
39	0.069
40	0.112
41	0.139
42	0.151
43	0.22
44	0.246
45	0.305
46	0.255
47	0.238
48	0.293
49	0.265
50	0.35
51	0.324
52	0.243
53	0.216
54	0.158
55	0.163
56	0.167
57	0.119
58	0.096
59	0.118
60	0.113
61	0.069
62	0.063
63	0.084
64	0.07
65	0.045
66	0.033
67	0.022
68	0.02
69	0.035
70	0.028
71	0.05
72	0.052
73	0.086
74	0.081
75	0.053
76	0.045
77	0.074
78	0.105
79	0.139
80	0.153
81	0.161
82	0.199
83	0.268
84	0.25
85	0.315
86	0.281
87	0.268
88	0.303
89	0.231
90	0.229
91	0.258
92	0.333
93	0.342
94	0.316
95	0.377
96	0.336
97	0.391
98	0.454
99	0.396
100	0.396
101	0.31
102	0.237
103	0.175
104	0.139
105	0.175
106	0.181
107	0.127
108	0.12
109	0.156
110	0.139
111	0.092
112	0.103
113	0.127
114	0.094
115	0.062
116	0.049
117	0.032
118	0.04
119	0.03
120	0.044
121	0.038
122	0.059
123	0.048
124	0.06
125	0.056
126	0.084
127	0.081
128	0.131
129	0.17
130	0.217
131	0.221
132	0.154
133	0.181
134	0.209
135	0.284
136	0.273
137	0.222
138	0.273
139	0.278
140	0.2
141	0.188
142	0.239
143	0.213
144	0.152
145	0.173
146	0.216
147	0.171
148	0.135
149	0.179
150	0.196
151	0.141
152	0.123
153	0.167
154	0.181
155	0.171
156	0.179
157	0.134
158	0.086
159	0.076
160	0.102
161	0.11
162	0.071
163	0.049
164	0.022
165	0.019
166	0.029
167	0.02
168	0.026
169	0.014
170	0.017
171	0.012
172	0.019
173	0.011
174	0.017
175	0.041
176	0.064
177	0.105
178	0.113
179	0.135
180	0.143
181	0.136
182	0.164
183	0.118
184	0.146
185	0.173
186	0.129
187	0.104
188	0.144
189	0.148
190	0.099
191	0.1
192	0.144
193	0.128
194	0.079
195	0.07
196	0.039
197	0.03
198	0.016
199	0.02
200	0.01
201	0.02
202	0.024
203	0.041
204	0.044
205	0.031
206	0.018
207	0.008
208	0.009
209	0.004
210	0.011
211	0.012
212	0.012
213	0.012
214	0.027
215	0.022
216	0.03
217	0.03
218	0.042
219	0.055
220	0.057
221	0.043
222	0.044
223	0.031
224	0.04
225	0.044
226	0.067
227	0.058
228	0.089
229	0.07
230	0.04
231	0.037
232	0.021
233	0.026
234	0.026
235	0.032
236	0.023
237	0.038
238	0.038
239	0.021
240	0.026
241	0.039
242	0.036
243	0.059
244	0.081
245	0.093
246	0.069
247	0.074
248	0.049
249	0.034
250	0.022
251	0.012
252	0.011
253	0.004
254	0.009
255	0.007
256	0.018
257	0.032
258	0.058
259	0.066
260	0.052
261	0.04
262	0.032
263	0.06
264	0.1
265	0.116
266	0.167
267	0.161
268	0.129
269	0.133
270	0.101
271	0.094
272	0.117
273	0.109
274	0.12
275	0.087
276	0.063
277	0.074
278	0.072
279	0.045
280	0.043
281	0.058
282	0.047
283	0.03
284	0.03
285	0.049
286	0.045
287	0.034
288	0.018
289	0.01
290	0.014
291	0.009
292	0.026
293	0.033
294	0.063
295	0.08
296	0.123
297	0.163
298	0.203
299	0.257
300	0.197
301	0.19
302	0.152
303	0.17
304	0.206
305	0.187
306	0.132
307	0.137
308	0.163
309	0.13
310	0.092
311	0.107
312	0.125
313	0.09
314	0.067
315	0.089
316	0.101
317	0.059
318	0.053
319	0.091
320	0.09
321	0.077
322	0.098
323	0.147
324	0.143
325	0.159
326	0.159
327	0.177
328	0.208
329	0.204
330	0.219
331	0.195
332	0.204
333	0.193
334	0.199
335	0.205
336	0.211
337	0.239
338	0.251
339	0.223
340	0.193
341	0.21
342	0.192
343	0.206
344	0.182
345	0.156
346	0.17
347	0.192
348	0.169
349	0.171
350	0.14
351	0.156
352	0.168
353	0.151
354	0.159
355	0.158
356	0.172
357	0.18
358	0.186
359	0.169
360	0.132
361	0.126
362	0.137
363	0.143
364	0.148
365	0.16
366	0.169
367	0.193
368	0.197
369	0.236
370	0.225
371	0.188
372	0.163
373	0.142
374	0.141
375	0.112
376	0.094
377	0.098
378	0.088
379	0.09
380	0.078
381	0.081
382	0.078
383	0.055
384	0.054
385	0.078
386	0.065
387	0.063
388	0.08
389	0.083
390	0.066
391	0.069
392	0.078
393	0.076
394	0.091
395	0.091
396	0.102
397	0.077
398	0.064
399	0.04
400	0.033
401	0.028
402	0.05
403	0.046
404	0.063
405	0.076
406	0.064
407	0.057
408	0.057
409	0.054
410	0.056
411	0.065
412	0.052
413	0.049
414	0.055
415	0.061
416	0.065
417	0.068
418	0.067
419	0.065
420	0.067
421	0.094
422	0.095
423	0.131
424	0.14
425	0.169
426	0.151
427	0.137
428	0.127
429	0.109
430	0.109
431	0.1
432	0.098
433	0.088
434	0.099
435	0.096
436	0.12
437	0.139
438	0.121
439	0.121
440	0.113
441	0.118
442	0.12
443	0.123
444	0.123
445	0.124
446	0.118
447	0.124
448	0.098
449	0.121
450	0.206
451	0.155
452	0.135
453	0.095
454	0.089
455	0.082
456	0.055
457	0.04
458	0.024
459	0.016
460	0.009
461	0.003
462	0.006
463	0.008
464	0.003
465	0.002
466	0.009
467	0.01
468	0.008
469	0.013
470	0.017
471	0.015
472	0.03
473	0.027
474	0.05
475	0.05
476	0.087
477	0.109
478	0.124
479	0.083
480	0.112
481	0.156
482	0.12
483	0.102
484	0.058
485	0.03
486	0.024
487	0.051
488	0.063
489	0.106
490	0.13
491	0.141
492	0.208
493	0.238
494	0.297
495	0.246
496	0.229
497	0.284
498	0.262
499	0.341
500	0.326
501	0.243
502	0.22
503	0.162
504	0.171
505	0.175
506	0.125
507	0.102
508	0.125
509	0.119
510	0.073
511	0.067
512	0.089
513	0.073
514	0.047
515	0.036
516	0.023
517	0.022
518	0.036
519	0.029
520	0.051
521	0.052
522	0.086
523	0.079
524	0.051
525	0.043
526	0.07
527	0.102
528	0.135
529	0.152
530	0.161
531	0.201
532	0.271
533	0.252
534	0.318
535	0.284
536	0.268
537	0.3
538	0.227
539	0.227
540	0.257
541	0.334
542	0.337
543	0.311
544	0.376
545	0.335
546	0.391
547	0.458
548	0.399
549	0.395
550	0.31
551	0.24
552	0.176
553	0.142
554	0.182
555	0.188
556	0.133
557	0.126
558	0.166
559	0.149
560	0.1
561	0.113
562	0.139
563	0.105
564	0.071
565	0.054
566	0.035
567	0.042
568	0.031
569	0.044
570	0.038
571	0.059
572	0.047
573	0.06
574	0.055
575	0.081
576	0.077
577	0.125
578	0.165
579	0.212
580	0.217
581	0.153
582	0.18
583	0.211
584	0.284
585	0.271
586	0.227
587	0.274
588	0.278
589	0.199
590	0.188
591	0.241
592	0.214
593	0.152
594	0.177
595	0.219
596	0.173
597	0.137
598	0.183
599	0.199
600	0.143
601	0.126
602	0.172
603	0.189
604	0.18
605	0.19
606	0.141
607	0.092
608	0.083
609	0.111
610	0.117
611	0.075
612	0.051
613	0.023
614	0.019
615	0.03
616	0.02
617	0.026
618	0.014
619	0.017
620	0.012
621	0.02
622	0.011
623	0.024
624	0.028
625	0.063
626	0.105
627	0.116
628	0.136
629	0.143
630	0.136
631	0.164
632	0.118
633	0.146
634	0.173
635	0.13
636	0.105
637	0.145
638	0.15
639	0.101
640	0.102
641	0.147
642	0.132
643	0.082
644	0.072
645	0.038
646	0.031
647	0.016
648	0.02
649	0.011
650	0.02
651	0.024
652	0.041
653	0.044
654	0.031
655	0.017
656	0.007
657	0.009
658	0.004
659	0.011
660	0.013
661	0.013
662	0.012
663	0.027
664	0.023
665	0.03
666	0.03
667	0.042
668	0.055
669	0.057
670	0.043
671	0.044
672	0.03
673	0.039
674	0.044
675	0.067
676	0.061
677	0.092
678	0.069
679	0.04
680	0.038
681	0.022
682	0.027
683	0.027
684	0.032
685	0.023
686	0.038
687	0.039
688	0.022
689	0.027
690	0.039
691	0.036
692	0.059
693	0.081
694	0.093
695	0.068
696	0.074
697	0.048
698	0.033
699	0.022
700	0.011
701	0.011
702	0.004
703	0.009
704	0.007
705	0.018
706	0.032
707	0.059
708	0.065
709	0.049
710	0.038
711	0.03
712	0.056
713	0.095
714	0.11
715	0.16
716	0.154
717	0.125
718	0.131
719	0.102
720	0.095
721	0.118
722	0.11
723	0.121
724	0.088
725	0.064
726	0.075
727	0.074
728	0.046
729	0.044
730	0.058
731	0.047
732	0.03
733	0.03
734	0.049
735	0.045
736	0.034
737	0.018
738	0.01
739	0.015
740	0.01
741	0.027
742	0.033
743	0.063
744	0.078
745	0.122
746	0.16
747	0.2
748	0.255
749	0.194
750	0.189
751	0.153
752	0.172
753	0.209
754	0.189
755	0.133
756	0.139
757	0.164
758	0.13
759	0.094
760	0.11
761	0.128
762	0.091
763	0.068
764	0.09
765	0.101
766	0.059
767	0.052
768	0.089
769	0.087
770	0.074
771	0.095
772	0.145
773	0.141
774	0.157
775	0.157
776	0.176
777	0.206
778	0.204
779	0.219
780	0.194
781	0.203
782	0.193
783	0.199
784	0.205
785	0.209
786	0.238
787	0.251
788	0.222
789	0.193
790	0.21
791	0.193
792	0.207
793	0.182
794	0.156
795	0.17
796	0.193
797	0.171
798	0.169
799	0.14
800	0.155
801	0.169
802	0.152
803	0.159
804	0.158
805	0.171
806	0.178
807	0.185
808	0.169
809	0.132
810	0.126
811	0.138
812	0.144
813	0.149
814	0.161
815	0.17
816	0.192
817	0.196
818	0.237
819	0.225
820	0.189
821	0.163
822	0.142
823	0.139
824	0.111
825	0.093
826	0.098
827	0.088
828	0.09
829	0.078
830	0.08
831	0.076
832	0.054
833	0.054
834	0.078
835	0.065
836	0.062
837	0.08
838	0.083
839	0.067
840	0.07
841	0.079
842	0.076
843	0.091
844	0.092
845	0.103
846	0.08
847	0.066
848	0.042
849	0.034
850	0.03
851	0.051
852	0.049
853	0.065
854	0.076
855	0.064
856	0.057
857	0.057
858	0.054
859	0.056
860	0.064
861	0.052
862	0.048
863	0.054
864	0.061
865	0.065
866	0.068
867	0.067
868	0.065
869	0.068
870	0.095
871	0.096
872	0.132
873	0.141
874	0.17
875	0.152
876	0.137
877	0.127
878	0.109
879	0.11
880	0.1
881	0.098
882	0.088
883	0.1
884	0.095
885	0.119
886	0.138
887	0.121
888	0.121
889	0.113
890	0.117
891	0.119
892	0.122
893	0.122
894	0.123
895	0.117
896	0.122
897	0.097
898	0.119
