index	fluctuation
1	14.068
2	1.568
3	1.064
4	0.128
5	0.055
6	0.033
7	0.023
8	0.02
9	0.018
10	0.038
11	0.042
12	0.029
13	0.018
14	0.016
15	0.019
16	0.015
17	0.01
18	0.016
19	0.018
20	0.009
21	0.008
22	0.006
23	0.005
24	0.005
25	0.006
26	0.01
27	0.015
28	0.015
29	0.026
30	0.028
31	0.025
32	0.055
33	0.083
34	0.074
35	0.07
36	0.059
37	0.09
38	0.037
39	0.066
40	0.055
41	0.173
42	0.08
43	0.152
44	0.098
45	0.137
46	0.138
47	0.082
48	0.1
49	0.074
50	0.133
51	0.127
52	0.078
53	0.06
54	0.044
55	0.047
56	0.061
57	0.041
58	0.025
59	0.04
60	0.042
61	0.022
62	0.026
63	0.053
64	0.041
65	0.028
66	0.014
67	0.012
68	0.008
69	0.005
70	0.004
71	0.005
72	0.006
73	0.008
74	0.011
75	0.012
76	0.019
77	0.023
78	0.022
79	0.026
80	0.022
81	0.023
82	0.038
83	0.06
84	0.071
85	0.166
86	0.195
87	0.177
88	0.16
89	0.082
90	0.045
91	0.049
92	0.099
93	0.118
94	0.09
95	0.15
96	0.142
97	0.22
98	0.27
99	0.145
100	0.187
101	0.106
102	0.056
103	0.035
104	0.025
105	0.036
106	0.038
107	0.023
108	0.025
109	0.044
110	0.036
111	0.022
112	0.04
113	0.075
114	0.064
115	0.049
116	0.018
117	0.014
118	0.009
119	0.005
120	0.005
121	0.006
122	0.009
123	0.011
124	0.019
125	0.032
126	0.031
127	0.042
128	0.054
129	0.083
130	0.231
131	0.155
132	0.129
133	0.22
134	0.321
135	0.702
136	0.275
137	0.182
138	0.244
139	0.204
140	0.108
141	0.112
142	0.127
143	0.11
144	0.084
145	0.074
146	0.073
147	0.058
148	0.046
149	0.059
150	0.071
151	0.047
152	0.036
153	0.061
154	0.071
155	0.081
156	0.085
157	0.035
158	0.019
159	0.026
160	0.055
161	0.046
162	0.034
163	0.015
164	0.01
165	0.006
166	0.007
167	0.01
168	0.012
169	0.016
170	0.02
171	0.046
172	0.227
173	0.17
174	1.491
175	1.972
176	0.22
177	0.298
178	0.466
179	0.197
180	0.352
181	0.242
182	0.147
183	0.172
184	0.237
185	0.206
186	0.116
187	0.095
188	0.127
189	0.093
190	0.054
191	0.078
192	0.124
193	0.083
194	0.051
195	0.067
196	0.081
197	0.016
198	0.011
199	0.007
200	0.007
201	0.01
202	0.014
203	0.018
204	0.016
205	0.01
206	0.007
207	0.005
208	0.005
209	0.006
210	0.005
211	0.007
212	0.011
213	0.012
214	0.013
215	0.006
216	0.008
217	0.006
218	0.007
219	0.009
220	0.009
221	0.007
222	0.01
223	0.008
224	0.011
225	0.016
226	0.029
227	0.029
228	0.104
229	0.091
230	0.026
231	0.03
232	0.099
233	0.185
234	0.04
235	0.022
236	0.013
237	0.014
238	0.012
239	0.006
240	0.007
241	0.009
242	0.01
243	0.02
244	0.034
245	0.044
246	0.027
247	0.039
248	0.023
249	0.013
250	0.007
251	0.005
252	0.004
253	0.004
254	0.004
255	0.005
256	0.007
257	0.009
258	0.015
259	0.02
260	0.032
261	0.021
262	0.017
263	0.017
264	0.026
265	0.075
266	0.358
267	0.557
268	0.154
269	0.128
270	0.045
271	0.045
272	0.055
273	0.051
274	0.078
275	0.057
276	0.024
277	0.029
278	0.029
279	0.017
280	0.016
281	0.018
282	0.012
283	0.006
284	0.006
285	0.009
286	0.007
287	0.005
288	0.004
289	0.005
290	0.005
291	0.004
292	0.005
293	0.006
294	0.008
295	0.013
296	0.023
297	0.034
298	0.052
299	0.063
300	0.038
301	0.041
302	0.037
303	0.051
304	0.097
305	0.091
306	0.041
307	0.05
308	0.083
309	0.067
310	0.048
311	0.058
312	0.074
313	0.059
314	0.051
315	0.078
316	0.105
317	0.095
318	0.117
319	0.111
320	0.068
321	0.12
322	0.348
323	0.169
324	0.052
325	0.042
326	0.03
327	0.049
328	0.057
329	0.049
330	0.057
331	0.055
332	0.057
333	0.061
334	0.079
335	0.088
336	0.132
337	0.26
338	0.345
339	0.422
340	0.09
341	0.081
342	0.058
343	0.058
344	0.048
345	0.031
346	0.036
347	0.086
348	0.167
349	0.23
350	0.344
351	0.437
352	0.105
353	0.043
354	0.044
355	0.049
356	0.071
357	0.109
358	0.124
359	0.536
360	0.108
361	0.069
362	0.052
363	0.045
364	0.041
365	0.042
366	0.043
367	0.052
368	0.053
369	0.12
370	0.331
371	0.097
372	0.094
373	0.073
374	0.038
375	0.034
376	0.021
377	0.018
378	0.016
379	0.012
380	0.012
381	0.014
382	0.019
383	0.017
384	0.037
385	0.041
386	0.021
387	0.013
388	0.02
389	0.013
390	0.013
391	0.012
392	0.021
393	0.018
394	0.022
395	0.025
396	0.028
397	0.042
398	0.095
399	0.309
400	0.236
401	0.097
402	0.088
403	0.095
404	0.043
405	0.027
406	0.015
407	0.011
408	0.009
409	0.01
410	0.008
411	0.007
412	0.006
413	0.007
414	0.008
415	0.008
416	0.009
417	0.017
418	0.025
419	0.024
420	0.036
421	0.042
422	0.063
423	0.071
424	0.059
425	0.072
426	0.047
427	0.033
428	0.034
429	0.025
430	0.026
431	0.02
432	0.024
433	0.024
434	0.023
435	0.039
436	0.041
437	0.052
438	0.027
439	0.025
440	0.019
441	0.024
442	0.023
443	0.022
444	0.025
445	0.022
446	0.032
447	0.042
448	0.113
449	0.347
450	15.501
451	1.713
452	1.171
453	0.127
454	0.055
455	0.033
456	0.023
457	0.021
458	0.019
459	0.042
460	0.047
461	0.03
462	0.018
463	0.016
464	0.02
465	0.015
466	0.011
467	0.016
468	0.018
469	0.009
470	0.008
471	0.006
472	0.005
473	0.005
474	0.006
475	0.01
476	0.014
477	0.014
478	0.026
479	0.026
480	0.024
481	0.053
482	0.081
483	0.072
484	0.067
485	0.056
486	0.08
487	0.035
488	0.062
489	0.052
490	0.166
491	0.076
492	0.142
493	0.095
494	0.137
495	0.133
496	0.079
497	0.104
498	0.079
499	0.144
500	0.18
501	0.087
502	0.061
503	0.044
504	0.05
505	0.066
506	0.045
507	0.026
508	0.042
509	0.044
510	0.023
511	0.027
512	0.056
513	0.042
514	0.029
515	0.014
516	0.012
517	0.008
518	0.005
519	0.004
520	0.005
521	0.006
522	0.008
523	0.011
524	0.012
525	0.019
526	0.022
527	0.021
528	0.025
529	0.022
530	0.022
531	0.038
532	0.061
533	0.07
534	0.165
535	0.2
536	0.192
537	0.165
538	0.084
539	0.046
540	0.05
541	0.101
542	0.118
543	0.088
544	0.158
545	0.149
546	0.231
547	0.294
548	0.151
549	0.188
550	0.107
551	0.057
552	0.035
553	0.025
554	0.036
555	0.039
556	0.023
557	0.026
558	0.046
559	0.038
560	0.023
561	0.042
562	0.079
563	0.07
564	0.053
565	0.02
566	0.014
567	0.009
568	0.005
569	0.005
570	0.006
571	0.008
572	0.01
573	0.019
574	0.031
575	0.03
576	0.04
577	0.051
578	0.078
579	0.206
580	0.15
581	0.122
582	0.218
583	0.324
584	0.678
585	0.271
586	0.197
587	0.243
588	0.202
589	0.107
590	0.111
591	0.127
592	0.109
593	0.083
594	0.074
595	0.074
596	0.058
597	0.045
598	0.058
599	0.07
600	0.046
601	0.036
602	0.061
603	0.072
604	0.082
605	0.087
606	0.035
607	0.02
608	0.027
609	0.056
610	0.046
611	0.034
612	0.015
613	0.01
614	0.006
615	0.007
616	0.01
617	0.012
618	0.016
619	0.021
620	0.048
621	0.216
622	0.167
623	1.058
624	1.04
625	0.218
626	0.289
627	0.462
628	0.199
629	0.353
630	0.24
631	0.144
632	0.173
633	0.242
634	0.207
635	0.117
636	0.095
637	0.128
638	0.094
639	0.055
640	0.081
641	0.125
642	0.084
643	0.052
644	0.067
645	0.119
646	0.016
647	0.011
648	0.007
649	0.007
650	0.01
651	0.013
652	0.018
653	0.015
654	0.01
655	0.007
656	0.005
657	0.005
658	0.006
659	0.005
660	0.007
661	0.01
662	0.012
663	0.013
664	0.006
665	0.008
666	0.006
667	0.007
668	0.009
669	0.009
670	0.007
671	0.01
672	0.008
673	0.011
674	0.016
675	0.03
676	0.031
677	0.108
678	0.085
679	0.026
680	0.03
681	0.091
682	0.167
683	0.038
684	0.022
685	0.013
686	0.014
687	0.012
688	0.006
689	0.007
690	0.009
691	0.01
692	0.02
693	0.033
694	0.043
695	0.026
696	0.037
697	0.023
698	0.013
699	0.007
700	0.005
701	0.004
702	0.004
703	0.004
704	0.005
705	0.007
706	0.009
707	0.015
708	0.02
709	0.031
710	0.02
711	0.016
712	0.017
713	0.025
714	0.067
715	0.364
716	0.574
717	0.138
718	0.124
719	0.045
720	0.043
721	0.055
722	0.049
723	0.074
724	0.056
725	0.024
726	0.028
727	0.029
728	0.017
729	0.016
730	0.018
731	0.012
732	0.006
733	0.006
734	0.009
735	0.007
736	0.006
737	0.004
738	0.005
739	0.005
740	0.004
741	0.005
742	0.006
743	0.008
744	0.012
745	0.023
746	0.034
747	0.053
748	0.065
749	0.037
750	0.04
751	0.037
752	0.053
753	0.099
754	0.09
755	0.041
756	0.05
757	0.081
758	0.065
759	0.047
760	0.059
761	0.073
762	0.057
763	0.051
764	0.079
765	0.105
766	0.097
767	0.122
768	0.115
769	0.068
770	0.13
771	0.354
772	0.168
773	0.055
774	0.042
775	0.031
776	0.05
777	0.058
778	0.051
779	0.06
780	0.056
781	0.058
782	0.061
783	0.079
784	0.087
785	0.13
786	0.246
787	0.354
788	0.434
789	0.092
790	0.082
791	0.059
792	0.06
793	0.05
794	0.032
795	0.038
796	0.09
797	0.173
798	0.275
799	0.38
800	0.443
801	0.11
802	0.045
803	0.045
804	0.05
805	0.071
806	0.107
807	0.122
808	0.55
809	0.111
810	0.07
811	0.053
812	0.046
813	0.042
814	0.043
815	0.044
816	0.053
817	0.054
818	0.123
819	0.314
820	0.101
821	0.094
822	0.075
823	0.039
824	0.034
825	0.022
826	0.018
827	0.017
828	0.012
829	0.012
830	0.014
831	0.019
832	0.018
833	0.039
834	0.042
835	0.021
836	0.013
837	0.02
838	0.013
839	0.013
840	0.012
841	0.022
842	0.019
843	0.022
844	0.026
845	0.029
846	0.044
847	0.101
848	0.367
849	0.267
850	0.111
851	0.093
852	0.097
853	0.041
854	0.027
855	0.015
856	0.011
857	0.009
858	0.01
859	0.008
860	0.007
861	0.006
862	0.007
863	0.008
864	0.008
865	0.009
866	0.017
867	0.026
868	0.025
869	0.038
870	0.044
871	0.066
872	0.073
873	0.06
874	0.071
875	0.049
876	0.034
877	0.035
878	0.025
879	0.026
880	0.02
881	0.025
882	0.024
883	0.023
884	0.039
885	0.042
886	0.053
887	0.026
888	0.025
889	0.019
890	0.024
891	0.023
892	0.023
893	0.026
894	0.023
895	0.033
896	0.043
897	0.114
898	0.315
