index	4k79_A_1	7c68_A_1
1	nan	11.271
2	nan	1.227
3	nan	0.426
4	nan	0.218
5	nan	0.105
6	nan	0.082
7	nan	0.076
8	nan	0.091
9	nan	0.097
10	nan	0.144
11	nan	0.259
12	nan	0.104
13	nan	0.345
14	nan	0.258
15	nan	0.139
16	nan	0.153
17	nan	0.174
18	nan	0.154
19	nan	0.141
20	nan	0.167
21	nan	0.202
22	nan	0.206
23	nan	0.173
24	nan	0.288
25	nan	0.481
26	nan	0.309
27	nan	0.262
28	nan	0.69
29	nan	1.052
30	nan	0.947
31	nan	0.852
32	nan	0.467
33	nan	0.343
34	nan	0.218
35	nan	0.185
36	nan	0.158
37	nan	0.159
38	nan	0.105
39	nan	0.159
40	nan	0.197
41	nan	0.211
42	nan	0.331
43	nan	0.19
44	nan	0.131
45	nan	0.192
46	nan	0.249
47	nan	0.189
48	nan	0.153
49	nan	0.182
50	nan	0.219
51	nan	0.168
52	nan	0.2
53	nan	0.426
54	nan	0.436
55	nan	0.422
56	nan	0.493
57	nan	0.354
58	nan	0.134
59	nan	0.07
60	nan	0.056
61	nan	0.059
62	2.003	0.05
63	0.608	0.054
64	0.583	0.04
65	1.284	0.038
66	0.97	0.076
67	0.429	0.047
68	0.556	0.039
69	0.509	nan
70	nan	0.032
71	nan	0.036
72	nan	0.066
73	nan	0.064
74	nan	0.103
75	nan	0.181
76	nan	0.223
77	nan	0.145
78	nan	0.078
79	nan	0.099
80	nan	0.082
81	nan	0.097
82	nan	0.136
83	nan	0.153
84	nan	0.114
85	nan	0.105
86	nan	0.143
87	nan	0.229
88	nan	0.207
89	nan	0.21
90	nan	0.249
91	2.233	0.286
92	3.395	0.4
93	0.452	0.193
94	0.245	0.128
95	0.192	0.224
96	nan	0.196
97	nan	0.178
98	nan	0.09
99	0.196	0.086
100	0.184	0.097
101	0.18	0.058
102	0.22	0.048
103	0.346	0.059
104	0.333	0.055
105	0.32	0.223
106	nan	2.337
107	nan	0.603
108	nan	2.688
109	nan	0.332
110	0.261	0.069
111	nan	0.041
112	0.389	0.037
113	0.591	0.039
114	0.958	0.04
115	1.118	0.032
116	0.505	0.028
117	0.456	0.039
118	0.45	0.066
119	0.37	0.052
120	0.331	nan
121	0.162	nan
122	0.108	0.049
123	0.136	0.057
124	0.156	0.048
125	0.117	0.052
126	0.094	0.066
127	0.109	0.05
128	0.098	0.08
129	0.171	nan
130	nan	0.134
131	nan	0.089
132	nan	0.093
133	nan	0.162
134	0.133	0.182
135	0.153	0.143
136	0.132	0.23
137	0.365	0.171
138	nan	0.254
139	nan	0.189
140	nan	0.271
141	nan	0.159
142	nan	0.068
143	nan	0.083
144	0.584	0.108
145	0.505	0.079
146	0.328	0.143
147	0.344	0.178
148	0.468	0.082
149	0.252	0.071
150	0.228	0.122
151	0.449	0.138
152	0.202	0.088
153	0.179	0.08
154	nan	0.116
155	nan	0.104
156	nan	0.069
157	nan	0.121
158	nan	0.232
159	nan	0.247
160	nan	0.741
161	nan	0.357
162	nan	0.257
163	nan	0.214
164	nan	0.726
165	nan	0.958
166	nan	0.64
167	nan	0.513
168	nan	0.509
169	nan	0.231
170	0.131	0.085
171	0.09	0.066
172	0.072	0.046
173	0.118	0.041
174	0.129	0.053
175	0.109	0.082
176	0.086	0.045
177	0.1	0.045
178	0.071	0.071
179	0.146	0.106
180	0.086	nan
181	0.13	nan
182	0.142	nan
183	0.383	nan
184	0.547	nan
185	0.348	nan
186	0.253	nan
187	0.256	0.083
188	0.235	0.087
189	0.183	0.059
190	0.181	0.048
191	0.164	0.05
192	0.114	0.06
193	0.136	0.075
194	0.12	nan
195	0.078	nan
196	nan	0.069
197	nan	0.051
198	nan	0.047
199	nan	0.032
200	nan	0.028
201	nan	0.036
202	nan	0.043
203	nan	0.053
204	nan	0.091
205	nan	0.049
206	nan	0.108
207	nan	0.095
208	nan	0.108
209	nan	0.348
210	nan	0.724
211	nan	2.383
212	nan	9.907
213	0.069	4.483
214	0.127	1.496
215	0.136	0.251
216	0.122	0.192
217	0.097	nan
218	nan	0.117
219	nan	0.071
220	nan	0.068
221	nan	0.096
222	nan	0.099
223	nan	0.133
224	nan	0.07
225	nan	0.037
226	nan	0.062
227	nan	0.062
228	nan	0.036
229	nan	0.049
230	nan	0.075
231	nan	0.098
232	nan	0.093
233	nan	0.09
234	nan	0.092
235	nan	0.099
236	nan	0.063
237	nan	0.104
238	nan	0.158
239	nan	0.127
240	nan	0.079
241	nan	0.063
242	nan	0.124
243	nan	0.161
244	nan	0.176
245	0.107	0.07
246	0.07	0.069
247	0.136	0.107
248	0.089	0.079
249	0.165	0.07
250	0.117	0.102
251	0.317	nan
252	0.511	nan
253	nan	0.191
254	0.338	0.115
255	nan	0.074
256	0.253	0.102
257	0.248	0.109
258	0.223	0.079
259	0.179	0.058
260	0.181	0.097
261	0.148	0.131
262	0.108	0.102
263	0.125	nan
264	0.106	nan
265	0.081	nan
266	0.074	nan
267	0.133	nan
268	0.151	nan
269	0.13	nan
270	0.107	nan
271	0.119	0.07
272	0.063	0.044
273	0.168	0.044
274	0.077	0.052
275	0.105	0.079
276	0.119	0.055
277	0.327	nan
278	0.449	0.105
279	0.304	0.08
280	0.275	0.063
281	0.283	0.051
282	0.219	0.093
283	0.191	0.113
284	0.204	0.086
285	0.153	0.08
286	0.115	0.087
287	0.148	0.192
288	nan	0.211
289	nan	0.28
290	nan	0.323
291	nan	1.417
292	nan	0.672
293	nan	0.241
294	nan	0.104
295	nan	0.102
296	nan	0.116
297	0.111	0.311
298	0.08	0.15
299	0.089	0.17
300	nan	0.092
301	nan	0.106
302	nan	0.203
303	0.135	0.101
304	0.148	0.127
305	0.116	0.083
306	0.096	0.07
307	0.097	0.089
308	0.06	0.072
309	0.136	nan
310	nan	0.096
311	nan	0.106
312	nan	0.082
313	nan	0.08
314	nan	0.26
315	nan	0.161
316	nan	0.134
317	nan	0.086
318	nan	0.067
319	0.08	0.044
320	0.132	0.048
321	0.088	0.041
322	0.27	0.114
323	0.273	0.057
324	0.294	0.03
325	0.275	0.028
326	nan	0.033
327	nan	0.055
328	nan	0.048
329	nan	0.065
330	nan	0.099
331	nan	0.186
332	nan	0.155
333	nan	0.738
334	nan	0.253
335	nan	0.192
336	nan	0.28
337	nan	0.184
338	nan	0.089
339	nan	0.093
340	nan	0.124
341	nan	0.095
342	nan	0.067
343	nan	0.07
344	nan	0.078
345	nan	0.074
346	nan	0.061
347	nan	0.079
348	nan	0.109
349	nan	0.171
350	nan	0.072
351	nan	0.048
352	nan	0.065
353	0.522	0.079
354	0.277	0.069
355	0.34	0.048
356	0.5	0.075
357	0.239	0.1
358	0.188	0.074
359	0.401	0.041
360	0.161	nan
361	0.169	nan
362	0.223	nan
363	0.129	nan
364	0.149	nan
365	0.098	nan
366	0.094	nan
367	0.101	nan
368	0.085	nan
369	0.129	nan
370	0.106	0.057
371	0.073	0.046
372	0.133	0.038
373	0.134	0.039
374	0.311	0.063
375	0.22	0.14
376	0.288	0.225
377	0.268	0.106
378	0.107	0.168
379	0.135	0.372
380	0.196	nan
381	0.128	nan
382	0.098	0.342
383	0.185	0.29
384	0.201	0.378
385	0.119	0.174
386	0.162	0.269
387	0.324	0.446
388	0.298	0.245
389	0.18	0.237
390	0.275	0.172
391	0.218	0.095
392	0.091	0.101
393	0.121	0.097
394	0.336	nan
395	1.652	nan
396	3.625	nan
397	3.636	nan
398	0.704	nan
399	0.737	nan
400	0.36	nan
401	nan	0.083
402	nan	0.125
403	nan	0.153
404	0.249	0.095
405	0.198	0.095
406	0.173	0.182
407	0.175	0.101
408	0.09	0.06
409	0.099	0.094
410	0.081	0.153
411	0.262	nan
412	1.917	nan
413	0.775	nan
414	0.434	nan
415	0.34	nan
416	0.101	nan
417	0.086	nan
418	0.109	nan
419	nan	0.216
420	0.26	0.208
421	0.365	0.072
422	1.132	0.08
423	1.114	0.049
424	2.177	0.072
425	1.297	0.058
426	0.554	0.087
427	nan	0.069
428	nan	0.055
429	nan	0.075
430	nan	0.097
431	nan	0.068
432	nan	0.052
433	nan	0.05
434	nan	0.067
435	nan	0.075
436	nan	0.064
437	nan	0.064
438	nan	0.083
439	nan	0.076
440	nan	0.067
441	nan	0.103
442	nan	0.099
443	nan	0.098
444	nan	0.195
445	nan	0.362
446	nan	0.44
447	nan	0.342
448	nan	0.224
449	1.167	0.325
450	1.482	0.306
451	2.998	0.317
452	1.54	0.202
453	1.674	0.112
454	18.93	0.12
455	nan	0.158
456	nan	0.105
457	nan	0.066
458	nan	0.096
459	nan	0.128
460	nan	0.085
461	nan	0.072
462	nan	0.138
463	nan	0.138
464	nan	0.071
465	nan	0.088
466	nan	0.138
467	nan	0.096
468	nan	0.109
469	nan	0.397
470	nan	0.723
