index	4k79_A_1	7c68_A_1
1	nan	35646.125
2	nan	68221.245
3	nan	99769.861
4	nan	128134.42
5	nan	116415.238
6	nan	150801.811
7	nan	118447.582
8	nan	140073.861
9	nan	119395.316
10	nan	115596.378
11	nan	118257.902
12	nan	135204.77
13	nan	125723.121
14	nan	96812.641
15	nan	123137.262
16	nan	126817.132
17	nan	86134.639
18	nan	116314.824
19	nan	121949.587
20	nan	105334.364
21	nan	102316.402
22	nan	111209.844
23	nan	125937.199
24	nan	108720.665
25	nan	88670.016
26	nan	105187.192
27	nan	115590.233
28	nan	75045.097
29	nan	75007.26
30	nan	70565.627
31	nan	97495.797
32	nan	106930.893
33	nan	93497.665
34	nan	127264.127
35	nan	90781.966
36	nan	121354.682
37	nan	103181.732
38	nan	117361.401
39	nan	106094.6
40	nan	94588.274
41	nan	82491.967
42	nan	105865.92
43	nan	82724.186
44	nan	132387.124
45	nan	95706.459
46	nan	91623.102
47	nan	102449.618
48	nan	136502.738
49	nan	118494.707
50	nan	96953.845
51	nan	135891.23
52	nan	145400.285
53	nan	85397.306
54	nan	79223.732
55	nan	112004.186
56	nan	83716.763
57	nan	130256.026
58	nan	128996.392
59	nan	145326.491
60	nan	160712.403
61	nan	162516.058
62	81826.894	137584.71
63	111154.124	147210.849
64	109111.623	175017.611
65	75461.17	166776.935
66	78543.578	157334.008
67	115573.174	137481.02
68	101626.131	190473.104
69	109878.678	nan
70	nan	199301.255
71	nan	180081.087
72	nan	151553.072
73	nan	165909.811
74	nan	134286.928
75	nan	93671.72
76	nan	108245.824
77	nan	126523.745
78	nan	144977.641
79	nan	122122.393
80	nan	119348.369
81	nan	146498.967
82	nan	112012.22
83	nan	89089.543
84	nan	141003.249
85	nan	147734.618
86	nan	92013.776
87	nan	101738.749
88	nan	115119.326
89	nan	110494.01
90	nan	124733.596
91	77809.71	85385.496
92	80200.003	70587.972
93	102972.121	129607.609
94	114107.983	107877.131
95	153007.558	95271.182
96	nan	80571.649
97	nan	122714.232
98	nan	151752.155
99	124686.597	113530.757
100	143936.373	112650.417
101	142849.701	176260.175
102	119193.402	176166.262
103	90851.904	143204.582
104	96123.33	146058.002
105	113233.052	94504.956
106	nan	73255.945
107	nan	94680.794
108	nan	48210.026
109	nan	88324.052
110	106078.974	161686.742
111	nan	168511.074
112	102132.534	207119.692
113	104032.402	186106.696
114	95558.954	184389.194
115	81525.035	137319.091
116	106090.94	150397.838
117	122457.929	181671.722
118	113705.096	143000.072
119	95705.459	160847.365
120	96627.685	nan
121	143918.377	nan
122	116747.823	135855.35
123	142449.016	186444.308
124	146595.493	130261.23
125	120292.997	133002.345
126	152996.205	136435.404
127	148547.693	137052.054
128	133621.217	126438.929
129	141987.987	nan
130	nan	105960.579
131	nan	170252.237
132	nan	146568.29
133	nan	94685.14
134	114128.862	111372.103
135	137208.427	136250.626
136	115679.417	107772.426
137	98391.808	123729.043
138	nan	92848.087
139	nan	118276.741
140	nan	90975.362
141	nan	96612.056
142	nan	134838.577
143	nan	126691.425
144	106151.366	131595.745
145	80452.053	128886.476
146	87855.036	102402.819
147	105720.871	82491.913
148	100940.289	135324.022
149	106234.594	123699.03
150	101748.486	110092.258
151	80111.153	116095.296
152	125861.313	166292.363
153	140169.933	136122.475
154	nan	127343.783
155	nan	107778.687
156	nan	159600.392
157	nan	117241.194
158	nan	98421.24
159	nan	117119.398
160	nan	81990.659
161	nan	100347.857
162	nan	99352.463
163	nan	124578.781
164	nan	81002.878
165	nan	68099.616
166	nan	87527.317
167	nan	67292.461
168	nan	96744.128
169	nan	111095.523
170	114526.129	141259.632
171	156158.636	170915.718
172	115725.031	164081.901
173	129165.864	146772.912
174	136697.645	163152.584
175	125970.552	157149.579
176	146992.528	167187.571
177	119681.196	206083.669
178	157519.753	125596.508
179	144885.838	109508.833
180	117730.322	nan
181	133208.492	nan
182	106819.747	nan
183	108456.907	nan
184	107927.99	nan
185	105674.838	nan
186	101044.21	nan
187	129626.828	140923.325
188	129763.686	103776.794
189	121357.521	128826.224
190	115815.562	166697.505
191	112167.678	141255.749
192	137432.811	122744.438
193	130594.627	131111.254
194	108570.322	nan
195	156360.951	nan
196	nan	162218.866
197	nan	168891.501
198	nan	169963.978
199	nan	137260.657
200	nan	185131.726
201	nan	131995.216
202	nan	185014.524
203	nan	160951.258
204	nan	140128.485
205	nan	170483.207
206	nan	122298.789
207	nan	130959.913
208	nan	128384.021
209	nan	83900.638
210	nan	76046.108
211	nan	70968.97
212	nan	48444.198
213	127642.165	54949.667
214	129959.741	65553.584
215	138914.958	96559.591
216	109120.746	119925.134
217	142442.085	nan
218	nan	154146.599
219	nan	154555.65
220	nan	158983.465
221	nan	139242.864
222	nan	123898.94
223	nan	96615.259
224	nan	122086.497
225	nan	177097.855
226	nan	149519.501
227	nan	117860.999
228	nan	187127.49
229	nan	153131.19
230	nan	119755.03
231	nan	107019.899
232	nan	120493.357
233	nan	142768.254
234	nan	120251.284
235	nan	119488.131
236	nan	166607.999
237	nan	108533.454
238	nan	83119.609
239	nan	124344.855
240	nan	117189.927
241	nan	153928.688
242	nan	124636.847
243	nan	122010.113
244	nan	82763.738
245	143085.659	154608.479
246	142652.784	143386.102
247	149828.562	105063.932
248	119388.074	118221.993
249	135562.138	130282.193
250	115123.64	132580.455
251	117222.586	nan
252	112320.657	nan
253	nan	105998.122
254	105967.056	97680.915
255	nan	149596.838
256	109158.345	116883.115
257	131449.16	117798.624
258	125139.801	122816.869
259	123401.639	141317.204
260	120339.539	133685.735
261	100058.347	125749.077
262	145364.285	172091.154
263	120969.709	nan
264	111896.788	nan
265	153261.994	nan
266	125824.025	nan
267	121390.173	nan
268	134565.396	nan
269	160216.017	nan
270	140497.216	nan
271	156185.455	126104.931
272	131686.696	164136.662
273	137255.77	198424.257
274	120563.75	152342.437
275	140394.003	122238.819
276	112040.453	149275.711
277	101295.525	nan
278	115503.427	131551.081
279	113710.49	171248.977
280	101620.923	159763.827
281	129416.537	117640.727
282	143104.366	132942.749
283	120593.089	136306.115
284	117754.818	125721.765
285	105590.614	124659.443
286	143276.145	155338.693
287	116830.055	93972.692
288	nan	117500.99
289	nan	105323.788
290	nan	89145.581
291	nan	68852.463
292	nan	78016.369
293	nan	122121.684
294	nan	157454.241
295	nan	120521.85
296	nan	134430.44
297	100755.713	81574.354
298	152275.441	100369.411
299	119060.026	111985.789
300	nan	161332.761
301	nan	142763.181
302	nan	77082.004
303	127320.664	106328.895
304	133440.259	120734.272
305	169601.311	151924.364
306	141101.987	135050.435
307	147748.689	155855.06
308	119688.931	148593.058
309	146930.481	nan
310	nan	126342.786
311	nan	144507.509
312	nan	147470.34
313	nan	170698.984
314	nan	97216.454
315	nan	87671.27
316	nan	126293.021
317	nan	106959.703
318	nan	124702.188
319	117039.413	162589.408
320	139091.87	135574.209
321	125168.8	131792.958
322	147371.537	185323.37
323	124285.858	194270.597
324	112759.84	159704.483
325	87189.976	167947.365
326	nan	161218.119
327	nan	201907.906
328	nan	161127.396
329	nan	136865.671
330	nan	114700.968
331	nan	86574.423
332	nan	128011.657
333	nan	68597.915
334	nan	97928.328
335	nan	101585.342
336	nan	82890.633
337	nan	100163.521
338	nan	155694.727
339	nan	121875.589
340	nan	103716.0
341	nan	131000.39
342	nan	149988.395
343	nan	132864.618
344	nan	110729.257
345	nan	136726.916
346	nan	191515.942
347	nan	161981.878
348	nan	115442.295
349	nan	83917.819
350	nan	144403.067
351	nan	150321.067
352	nan	150162.491
353	110296.349	107764.438
354	131700.854	124402.317
355	98259.422	172172.724
356	100502.213	112435.077
357	85738.263	119790.126
358	122828.887	145445.94
359	87635.074	174563.369
360	107797.976	nan
361	121873.671	nan
362	103174.138	nan
363	123912.629	nan
364	158872.165	nan
365	128878.861	nan
366	155185.413	nan
367	130184.39	nan
368	117008.748	nan
369	140567.575	nan
370	131521.46	141294.977
371	131351.983	151512.358
372	135089.708	170046.151
373	161783.4	192376.07
374	116998.788	153709.654
375	142255.235	101709.284
376	131804.103	96319.442
377	115648.715	145791.91
378	155962.485	94969.039
379	136690.005	87432.269
380	105825.395	nan
381	143938.979	nan
382	160817.032	89260.699
383	126970.884	77951.358
384	96860.741	105742.291
385	147113.637	113514.282
386	121061.673	92019.868
387	71482.699	70758.97
388	95449.684	92148.632
389	125060.152	84706.128
390	94194.605	113092.291
391	119271.122	139165.447
392	156517.89	98502.781
393	175484.395	129083.051
394	106100.159	nan
395	88765.817	nan
396	46139.539	nan
397	56579.472	nan
398	83002.137	nan
399	76712.576	nan
400	90442.39	nan
401	nan	139827.715
402	nan	119550.317
403	nan	84521.062
404	117046.869	145335.071
405	137210.0	134669.366
406	112274.37	73470.34
407	132358.659	95426.023
408	181283.088	158984.903
409	132987.935	94592.634
410	151565.891	116656.023
411	114056.696	nan
412	74556.868	nan
413	74416.566	nan
414	89382.177	nan
415	103908.298	nan
416	137411.599	nan
417	172864.431	nan
418	122758.631	nan
419	nan	91468.026
420	120770.124	106744.975
421	129686.348	157492.307
422	91555.97	138407.777
423	80005.942	153857.366
424	66980.117	169127.27
425	84617.734	123602.204
426	118757.513	159486.201
427	nan	137839.478
428	nan	155039.884
429	nan	131276.065
430	nan	119340.757
431	nan	131151.723
432	nan	172520.779
433	nan	151310.649
434	nan	112546.109
435	nan	128128.644
436	nan	146919.554
437	nan	168029.954
438	nan	100902.337
439	nan	165258.795
440	nan	129851.335
441	nan	122466.461
442	nan	125377.16
443	nan	144526.187
444	nan	125938.573
445	nan	66166.973
446	nan	92965.423
447	nan	74518.164
448	nan	119563.868
449	105339.737	88840.252
450	84843.223	79867.458
451	68194.663	71151.787
452	79968.765	109350.135
453	89060.611	134292.215
454	42737.82	112434.184
455	nan	93552.478
456	nan	122589.803
457	nan	138017.629
458	nan	114423.757
459	nan	96108.327
460	nan	163708.949
461	nan	147805.364
462	nan	110421.622
463	nan	124675.962
464	nan	150858.824
465	nan	129585.324
466	nan	87808.609
467	nan	136311.463
468	nan	124025.162
469	nan	73271.736
470	nan	65358.192
