index	1ugy_A_1	1v6x_A_1
1	0.519	nan
2	0.821	nan
3	0.494	nan
4	0.616	nan
5	0.421	nan
6	0.492	nan
7	0.721	nan
8	nan	0.652
9	nan	0.208
10	nan	0.371
11	nan	0.159
12	nan	0.079
13	nan	0.053
14	nan	0.084
15	nan	0.073
16	nan	0.057
17	nan	0.092
18	0.296	0.23
19	0.382	0.3
20	0.256	0.222
21	0.16	0.096
22	0.192	0.06
23	0.144	0.045
24	nan	0.037
25	nan	0.041
26	nan	0.043
27	nan	0.083
28	nan	0.151
29	nan	0.202
30	nan	0.437
31	nan	0.302
32	nan	0.322
33	nan	0.747
34	nan	0.418
35	nan	0.379
36	nan	0.403
37	nan	0.2
38	nan	0.175
39	nan	0.267
40	nan	0.182
41	nan	0.119
42	nan	0.176
43	nan	0.22
44	nan	0.125
45	nan	0.071
46	0.297	0.067
47	0.255	0.044
48	0.24	0.044
49	0.257	0.039
50	0.127	0.049
51	0.083	0.081
52	0.177	0.098
53	nan	0.067
54	nan	0.053
55	nan	0.062
56	nan	0.071
57	nan	0.107
58	nan	0.097
59	nan	0.093
60	nan	0.118
61	nan	0.234
62	nan	0.414
63	0.216	0.543
64	0.485	0.677
65	0.292	0.421
66	0.063	0.232
67	0.068	0.239
68	0.077	nan
69	0.141	nan
70	0.179	nan
71	0.318	nan
72	0.212	0.167
73	0.14	nan
74	0.113	0.244
75	0.137	0.15
76	nan	0.075
77	nan	0.106
78	nan	0.14
79	nan	0.093
80	nan	0.091
81	nan	0.155
82	nan	0.152
83	nan	0.09
84	0.405	0.128
85	2.28	0.256
86	2.515	0.249
87	1.672	0.22
88	0.64	0.076
89	0.547	0.084
90	0.448	0.057
91	0.409	0.043
92	0.825	0.044
93	0.42	0.046
94	0.303	0.045
95	0.317	nan
96	nan	0.045
97	nan	0.058
98	nan	0.109
99	nan	0.215
100	nan	0.362
101	nan	0.349
102	nan	0.187
103	nan	0.261
104	nan	0.585
105	nan	0.606
106	nan	0.316
107	nan	0.452
108	nan	0.676
109	nan	0.494
110	nan	0.421
111	nan	0.4
112	nan	0.549
113	nan	0.499
114	nan	0.226
115	nan	0.207
116	nan	0.252
117	nan	0.185
118	nan	0.12
119	nan	0.132
120	nan	0.137
121	nan	0.094
122	nan	0.068
123	nan	0.095
124	nan	0.122
125	nan	0.101
126	nan	0.073
127	nan	0.12
128	nan	0.196
129	nan	0.167
130	nan	0.153
131	nan	0.185
132	nan	0.17
133	nan	0.1
134	nan	0.075
135	nan	0.045
136	nan	0.033
137	nan	0.021
138	nan	0.027
139	nan	0.036
140	nan	0.049
141	nan	0.087
142	nan	0.148
143	nan	0.126
144	nan	0.222
145	nan	0.443
146	0.156	0.831
147	0.413	0.644
148	1.32	0.592
149	2.557	0.159
150	3.722	0.257
151	0.316	0.223
152	0.452	0.244
153	0.523	nan
154	0.653	nan
155	0.459	0.407
156	0.43	0.296
157	0.377	0.3
158	0.426	nan
159	0.678	nan
160	nan	0.188
161	nan	0.189
162	nan	0.3
163	nan	0.281
164	nan	0.338
165	nan	0.351
166	nan	0.335
167	nan	0.155
168	nan	0.125
169	nan	0.137
170	nan	0.12
171	nan	0.068
172	nan	0.058
173	nan	0.094
174	nan	0.097
175	nan	0.069
176	0.52	0.104
177	nan	0.163
178	nan	0.118
179	nan	0.16
180	1.061	0.189
181	1.259	0.188
182	0.373	0.11
183	0.414	0.063
184	0.245	0.032
185	0.327	0.029
186	nan	0.03
187	nan	0.039
188	nan	0.079
189	nan	0.067
190	nan	0.112
191	nan	0.08
192	nan	0.105
193	nan	0.125
194	nan	0.149
195	nan	0.426
196	nan	0.213
197	nan	0.161
198	nan	0.093
199	nan	0.071
200	nan	0.106
201	nan	0.117
202	nan	0.1
203	nan	0.118
204	nan	0.168
205	nan	0.149
206	nan	0.115
207	nan	0.157
208	nan	0.189
209	nan	0.129
210	nan	0.183
211	nan	0.45
212	nan	0.563
213	nan	0.409
214	nan	0.174
215	nan	0.136
216	nan	0.105
217	nan	0.054
218	nan	0.045
219	0.401	0.031
220	0.318	0.032
221	0.552	0.037
222	0.418	0.037
223	0.134	0.062
224	0.152	0.086
225	0.445	0.12
226	0.487	nan
227	nan	0.265
228	nan	0.704
229	nan	1.336
230	nan	0.408
231	nan	0.349
232	nan	0.29
233	nan	0.287
234	nan	0.292
235	1.145	0.158
236	nan	0.096
237	nan	0.116
238	nan	0.126
239	nan	0.096
240	nan	0.086
241	nan	0.108
242	nan	0.126
243	nan	0.095
244	nan	0.078
245	nan	0.175
246	5.436	0.189
247	4.085	0.184
248	1.404	0.097
249	0.385	0.061
250	0.141	0.046
251	0.086	0.055
252	nan	0.042
253	nan	0.035
254	nan	0.038
255	nan	0.048
256	nan	0.09
257	nan	0.066
258	nan	0.103
259	nan	0.126
260	nan	0.082
261	nan	0.076
262	nan	0.06
263	nan	0.098
264	nan	0.108
265	nan	0.078
266	nan	0.07
267	nan	0.094
268	nan	0.096
269	nan	0.084
270	nan	0.095
271	nan	0.09
272	nan	0.085
273	nan	0.132
274	nan	0.163
275	nan	0.117
276	nan	0.227
277	0.055	0.098
278	0.086	0.057
279	nan	0.075
280	0.155	0.083
281	0.286	nan
282	nan	0.05
283	nan	0.041
284	nan	0.044
285	nan	0.049
286	nan	0.06
287	nan	0.096
288	nan	0.069
289	nan	0.085
290	nan	0.147
291	nan	0.155
292	nan	0.136
293	nan	0.516
294	nan	0.317
295	nan	0.162
296	nan	0.403
297	nan	0.194
298	0.238	0.105
299	nan	0.058
300	nan	0.062
301	nan	0.08
302	0.228	0.086
303	0.216	0.119
304	0.672	0.242
305	1.247	0.373
306	2.065	0.184
307	0.543	0.173
308	0.445	0.11
309	0.519	nan
310	nan	0.079
311	nan	0.046
312	nan	0.049
313	nan	0.057
314	nan	0.058
315	nan	0.059
316	nan	0.061
317	nan	0.064
318	nan	0.071
319	0.28	0.067
320	0.264	0.084
321	0.11	0.132
322	0.187	0.228
323	0.395	0.227
324	nan	0.486
325	nan	1.887
326	nan	1.984
327	nan	1.974
328	nan	0.775
329	nan	0.659
330	nan	0.973
331	nan	0.337
332	nan	0.214
333	nan	0.229
334	nan	0.181
335	nan	0.119
336	nan	0.139
337	nan	0.127
338	nan	0.256
339	0.941	0.364
340	0.561	0.383
341	0.686	0.345
342	0.925	0.226
343	1.555	0.124
344	1.342	0.094
345	1.096	0.14
346	0.759	nan
347	0.92	nan
348	nan	0.163
349	nan	0.46
350	nan	0.961
351	nan	0.582
352	nan	0.772
353	nan	0.917
354	nan	0.856
355	nan	0.499
356	nan	0.44
357	nan	0.33
358	nan	0.15
359	nan	0.133
360	nan	0.129
361	nan	0.131
362	nan	0.253
363	nan	0.502
364	nan	0.57
365	nan	1.749
366	nan	1.433
367	nan	0.96
368	nan	0.392
369	nan	0.269
370	nan	0.161
371	nan	0.152
372	nan	0.102
373	nan	0.139
374	nan	0.117
375	nan	0.138
376	nan	0.107
377	nan	0.101
378	nan	0.062
379	nan	0.065
380	nan	0.056
381	nan	0.101
382	nan	0.158
383	nan	0.516
384	6.446	0.613
385	11.471	0.656
386	1.404	0.187
387	0.431	0.088
388	0.227	0.061
389	nan	0.091
390	nan	0.126
391	nan	0.357
392	nan	0.484
393	nan	0.46
394	nan	0.638
395	nan	0.428
396	nan	0.393
397	nan	0.251
398	0.165	0.175
399	0.18	0.089
400	0.28	0.101
401	0.436	0.106
402	0.542	0.237
403	0.185	0.402
404	nan	0.362
405	nan	0.885
406	0.1	0.393
407	0.217	0.361
408	0.146	0.134
409	0.077	0.115
410	0.082	0.071
411	0.099	0.051
412	0.331	0.042
413	0.833	0.059
414	0.82	0.089
415	0.735	0.141
416	0.356	0.263
417	0.632	0.321
418	1.228	nan
419	nan	0.141
420	nan	0.104
421	nan	0.063
422	nan	0.067
423	nan	0.048
424	nan	0.072
425	3.36	0.129
426	nan	0.201
427	nan	0.155
428	nan	0.132
429	nan	0.074
430	nan	0.067
431	nan	0.112
432	nan	0.133
433	nan	0.309
434	nan	0.844
435	nan	0.489
436	nan	0.503
437	nan	0.561
438	nan	0.73
439	nan	0.484
440	nan	0.424
441	nan	0.274
442	nan	0.174
443	nan	0.108
444	nan	0.108
445	nan	0.102
446	nan	0.204
447	nan	0.38
448	nan	0.39
449	nan	0.801
450	nan	0.616
451	nan	0.553
452	nan	0.304
453	nan	0.208
454	nan	0.121
455	nan	0.114
456	nan	0.132
457	nan	0.231
458	nan	0.264
459	nan	0.487
