index	1ugy_A_1	1v6x_A_1
1	108205.132	nan
2	78229.099	nan
3	101269.947	nan
4	86882.904	nan
5	90920.34	nan
6	102238.168	nan
7	108476.342	nan
8	nan	78674.641
9	nan	97389.773
10	nan	85535.397
11	nan	114479.736
12	nan	147127.586
13	nan	187644.737
14	nan	142387.576
15	nan	168482.094
16	nan	178642.521
17	nan	139141.718
18	115096.117	91580.879
19	104724.149	101908.544
20	106778.248	99145.392
21	169936.206	112321.872
22	141132.251	131625.549
23	119415.001	146753.79
24	nan	217295.551
25	nan	167420.138
26	nan	178114.503
27	nan	151082.551
28	nan	142531.066
29	nan	120672.665
30	nan	87009.3
31	nan	91198.659
32	nan	103582.827
33	nan	84166.044
34	nan	76304.244
35	nan	77378.504
36	nan	99397.822
37	nan	109307.305
38	nan	119767.922
39	nan	92246.114
40	nan	111633.272
41	nan	157116.565
42	nan	126405.056
43	nan	87171.168
44	nan	127038.199
45	nan	146601.053
46	120913.438	154547.934
47	126885.127	154847.967
48	124599.136	183431.733
49	138426.808	168824.902
50	164821.88	195164.178
51	139095.306	121081.48
52	130048.511	114249.404
53	nan	137717.196
54	nan	155601.673
55	nan	140155.47
56	nan	158950.596
57	nan	124095.731
58	nan	144500.898
59	nan	154900.513
60	nan	135893.673
61	nan	114269.343
62	nan	83663.933
63	96830.481	82123.397
64	72216.514	92741.521
65	119402.758	72981.824
66	192065.216	100993.722
67	175542.949	103490.768
68	218402.629	nan
69	144613.914	nan
70	126280.565	nan
71	122063.236	nan
72	145173.973	101389.254
73	141218.238	nan
74	133640.64	86472.869
75	135699.543	120757.796
76	nan	165784.799
77	nan	106763.591
78	nan	95793.762
79	nan	157391.647
80	nan	123045.471
81	nan	102833.442
82	nan	92359.114
83	nan	168828.68
84	103259.316	107076.294
85	64719.125	74167.716
86	80825.283	92402.859
87	75537.308	113378.533
88	92201.638	123295.006
89	85763.36	118578.008
90	86440.151	155086.008
91	130796.093	133035.128
92	69712.141	185355.675
93	82494.698	134549.774
94	107140.074	159536.673
95	115395.097	nan
96	nan	156065.011
97	nan	183128.838
98	nan	105141.456
99	nan	100393.313
100	nan	87786.76
101	nan	82581.103
102	nan	116286.677
103	nan	112592.907
104	nan	90628.401
105	nan	71574.096
106	nan	120609.292
107	nan	93451.352
108	nan	74356.419
109	nan	92354.18
110	nan	103598.135
111	nan	116439.049
112	nan	88117.702
113	nan	91554.808
114	nan	131394.2
115	nan	119213.26
116	nan	96870.26
117	nan	137504.601
118	nan	133495.259
119	nan	132732.123
120	nan	114972.351
121	nan	137157.598
122	nan	162602.806
123	nan	124547.947
124	nan	137124.069
125	nan	146741.193
126	nan	140936.979
127	nan	121922.427
128	nan	82847.502
129	nan	103185.191
130	nan	103516.679
131	nan	112218.539
132	nan	85445.73
133	nan	131849.148
134	nan	137388.402
135	nan	136072.799
136	nan	138701.967
137	nan	171112.439
138	nan	182020.012
139	nan	159592.261
140	nan	137714.941
141	nan	113598.496
142	nan	153293.558
143	nan	125892.093
144	nan	130690.904
145	nan	94541.418
146	143155.625	68972.034
147	73449.835	99333.655
148	71331.016	83051.389
149	71646.034	147676.788
150	86080.699	131101.919
151	99106.385	102571.444
152	93853.754	96893.066
153	95006.849	nan
154	100478.029	nan
155	82384.82	77867.777
156	99444.296	105065.748
157	96229.283	110473.89
158	107857.321	nan
159	81544.346	nan
160	nan	142184.386
161	nan	120496.9
162	nan	88345.351
163	nan	118331.542
164	nan	109655.55
165	nan	80135.392
166	nan	81875.936
167	nan	105502.154
168	nan	133288.208
169	nan	108485.369
170	nan	113074.191
171	nan	169655.441
172	nan	137044.369
173	nan	105694.778
174	nan	131836.742
175	nan	180299.972
176	92433.082	107995.863
177	nan	105233.763
178	nan	140340.645
179	nan	125436.366
180	86742.362	98272.451
181	68421.919	100571.672
182	101232.144	150860.003
183	108730.74	121098.372
184	131762.025	161283.29
185	107286.477	175268.353
186	nan	137768.888
187	nan	152020.19
188	nan	140362.318
189	nan	102411.276
190	nan	125988.14
191	nan	150988.938
192	nan	144502.568
193	nan	127454.305
194	nan	94169.203
195	nan	78296.6
196	nan	86706.243
197	nan	136365.008
198	nan	137145.848
199	nan	156305.468
200	nan	109754.078
201	nan	147640.459
202	nan	141733.658
203	nan	111559.981
204	nan	95732.541
205	nan	98730.466
206	nan	138414.416
207	nan	97389.195
208	nan	92694.959
209	nan	109842.757
210	nan	108695.817
211	nan	74181.349
212	nan	59449.408
213	nan	92231.622
214	nan	102663.865
215	nan	118265.039
216	nan	136815.386
217	nan	125472.255
218	nan	159485.956
219	111781.3	166294.481
220	122975.648	209583.802
221	128442.29	138773.896
222	180040.194	131685.695
223	127978.691	159865.652
224	140879.778	118454.998
225	147821.285	119457.685
226	98763.23	nan
227	nan	106583.949
228	nan	70110.622
229	nan	61737.2
230	nan	91795.781
231	nan	100239.556
232	nan	98784.904
233	nan	90745.469
234	nan	90804.972
235	99258.23	94405.136
236	nan	125241.754
237	nan	116022.724
238	nan	106720.623
239	nan	140691.772
240	nan	154662.513
241	nan	116188.636
242	nan	110198.86
243	nan	127020.599
244	nan	148214.14
245	nan	96557.475
246	55977.161	96086.35
247	60473.309	117159.164
248	72080.297	128304.174
249	108020.345	128226.667
250	152767.158	168585.315
251	173078.688	194653.645
252	nan	158968.333
253	nan	169015.517
254	nan	137507.557
255	nan	147844.157
256	nan	155162.418
257	nan	150588.184
258	nan	122263.593
259	nan	146315.641
260	nan	175243.496
261	nan	149413.967
262	nan	163313.331
263	nan	124298.242
264	nan	134799.32
265	nan	136467.19
266	nan	159644.893
267	nan	130064.486
268	nan	148049.042
269	nan	157268.421
270	nan	127134.258
271	nan	134518.226
272	nan	159167.534
273	nan	125172.446
274	nan	107575.438
275	nan	122158.137
276	nan	95561.515
277	155592.145	104180.109
278	193900.523	160642.949
279	nan	127915.15
280	147281.143	206250.8
281	138888.851	nan
282	nan	153647.035
283	nan	172607.797
284	nan	165839.643
285	nan	120858.4
286	nan	193561.948
287	nan	160390.898
288	nan	137020.824
289	nan	151050.048
290	nan	111109.017
291	nan	120261.014
292	nan	142208.304
293	nan	68231.871
294	nan	87360.112
295	nan	118645.822
296	nan	88897.763
297	nan	101904.554
298	116183.667	138294.58
299	nan	170656.008
300	nan	163093.42
301	nan	153519.246
302	114115.039	131315.826
303	127495.695	122024.948
304	81895.928	122534.652
305	66987.559	69450.838
306	69474.564	126754.46
307	93770.074	116129.289
308	87173.934	117141.104
309	125284.018	nan
310	nan	143764.832
311	nan	194652.134
312	nan	190156.16
313	nan	120576.351
314	nan	147359.93
315	nan	176462.159
316	nan	165568.109
317	nan	152032.498
318	nan	140488.251
319	110102.99	162493.912
320	112152.041	152648.338
321	186801.301	120667.549
322	130657.86	112775.63
323	115150.402	129807.316
324	nan	94709.283
325	nan	61911.0
326	nan	57938.298
327	nan	58907.349
328	nan	85566.089
329	nan	93249.558
330	nan	70895.395
331	nan	110465.412
332	nan	126996.554
333	nan	143314.548
334	nan	120433.371
335	nan	131898.96
336	nan	129093.589
337	nan	195942.436
338	nan	114558.385
339	97925.848	131502.025
340	111795.924	127499.785
341	86253.175	131016.61
342	96371.86	120493.831
343	76436.188	161873.114
344	82912.553	157402.095
345	84288.304	153042.939
346	88779.042	nan
347	89105.147	nan
348	nan	154983.97
349	nan	112087.397
350	nan	63603.719
351	nan	104081.069
352	nan	94710.248
353	nan	93044.259
354	nan	78934.738
355	nan	92825.8
356	nan	114837.823
357	nan	114007.258
358	nan	121360.777
359	nan	157965.866
360	nan	146795.25
361	nan	170407.192
362	nan	116949.709
363	nan	92320.919
364	nan	104875.245
365	nan	68014.796
366	nan	71149.113
367	nan	95204.344
368	nan	101542.068
369	nan	133739.51
370	nan	142317.219
371	nan	131342.23
372	nan	121900.556
373	nan	141634.437
374	nan	115171.597
375	nan	123486.484
376	nan	117369.717
377	nan	147941.642
378	nan	188321.68
379	nan	139532.722
380	nan	149969.818
381	nan	131270.616
382	nan	154478.478
383	nan	85961.284
384	50246.35	100536.859
385	55304.284	81096.263
386	102163.904	127751.382
387	108339.683	166856.978
388	128395.021	157193.465
389	nan	153561.146
390	nan	178695.51
391	nan	114772.957
392	nan	113375.628
393	nan	102455.015
394	nan	112480.46
395	nan	95002.098
396	nan	120289.763
397	nan	127844.945
398	137944.125	124188.412
399	164925.338	165671.663
400	112980.507	144001.948
401	106742.715	159624.525
402	142886.155	114381.115
403	136542.512	108802.444
404	nan	110731.443
405	nan	57851.093
406	143670.982	115706.352
407	145185.35	105680.669
408	101115.284	115997.521
409	139131.961	145820.873
410	174353.674	155598.047
411	141364.929	157799.418
412	102457.018	137466.395
413	89259.842	138611.931
414	88275.936	139357.067
415	93525.733	123109.908
416	92682.356	119912.556
417	101439.731	82288.928
418	87839.536	nan
419	nan	145192.23
420	nan	145636.088
421	nan	137265.704
422	nan	154676.721
423	nan	197960.516
424	nan	155901.774
425	56771.808	117587.699
426	nan	138721.875
427	nan	148119.221
428	nan	138018.019
429	nan	161915.058
430	nan	156730.415
431	nan	158543.713
432	nan	191878.058
433	nan	123002.055
434	nan	86951.475
435	nan	121725.861
436	nan	134517.718
437	nan	117016.732
438	nan	104377.445
439	nan	94770.895
440	nan	120025.891
441	nan	131217.799
442	nan	130370.352
443	nan	147349.47
444	nan	145717.058
445	nan	168945.654
446	nan	120068.871
447	nan	106967.141
448	nan	106786.49
449	nan	83830.334
450	nan	82849.135
451	nan	113939.866
452	nan	115846.59
453	nan	155032.748
454	nan	160034.014
455	nan	128596.918
456	nan	116022.14
457	nan	118752.951
458	nan	102632.818
459	nan	92276.582
