index	displacement
1	0.112
2	0.081
3	0.062
4	0.048
5	0.035
6	0.033
7	0.023
8	0.041
9	0.058
10	0.064
11	0.073
12	0.099
13	0.085
14	0.135
15	0.125
16	0.106
17	0.07
18	0.095
19	0.103
20	0.063
21	0.055
22	0.023
23	0.019
24	0.009
25	0.005
26	0.008
27	0.008
28	0.021
29	0.014
30	0.011
31	0.008
32	0.022
33	0.021
34	0.011
35	0.024
36	0.032
37	0.021
38	0.031
39	0.033
40	0.055
41	0.066
42	0.088
43	0.114
44	0.13
45	0.145
46	0.112
47	0.112
48	0.099
49	0.106
50	0.082
51	0.067
52	0.043
53	0.045
54	0.029
55	0.044
56	0.041
57	0.062
58	0.089
59	0.075
60	0.066
61	0.042
62	0.067
63	0.068
64	0.102
65	0.113
66	0.119
67	0.123
68	0.121
69	0.099
70	0.108
71	0.109
72	0.113
73	0.156
74	0.182
75	0.124
76	0.096
77	0.073
78	0.055
79	0.067
80	0.045
81	0.058
82	0.057
83	0.036
84	0.024
85	0.033
86	0.034
87	0.034
88	0.022
89	0.011
90	0.004
91	0.002
92	0.001
93	0.014
94	0.021
95	0.056
96	0.066
97	0.121
98	0.15
99	0.107
100	0.062
101	0.031
102	0.023
103	0.013
104	0.015
105	0.027
106	0.053
107	0.075
108	0.088
109	0.04
110	0.067
111	0.074
112	0.109
113	0.147
114	0.153
115	0.182
116	0.186
117	0.191
118	0.173
119	0.122
120	0.093
121	0.102
122	0.077
123	0.053
124	0.051
125	0.032
126	0.034
127	0.023
128	0.025
129	0.01
130	0.005
131	0.004
132	0.001
133	0.006
134	0.014
135	0.023
136	0.013
137	0.026
138	0.025
139	0.043
140	0.049
141	0.069
142	0.1
143	0.069
144	0.034
145	0.104
146	0.17
147	0.165
148	0.3
149	0.376
150	0.332
151	0.586
152	0.662
153	0.681
154	0.746
155	0.523
156	0.604
157	0.438
158	0.336
159	0.445
160	0.42
161	0.548
162	0.664
163	0.599
164	0.823
165	0.681
166	0.527
167	0.279
168	0.271
169	0.196
170	0.111
171	0.129
172	0.08
173	0.12
174	0.177
175	0.242
176	0.432
177	0.598
178	0.943
179	0.963
180	0.845
181	0.907
182	1.029
183	0.966
184	0.634
185	0.404
186	0.204
187	0.159
188	0.053
189	0.05
190	0.051
191	0.11
192	0.246
193	0.439
194	0.69
195	0.742
196	0.474
197	0.386
198	0.182
199	0.185
200	0.058
201	0.016
202	0.011
203	0.047
204	0.161
205	0.271
206	0.504
207	0.58
208	0.531
209	0.594
210	0.403
211	0.212
212	0.142
213	0.092
214	0.126
215	0.177
216	0.272
217	0.452
218	0.456
219	0.519
220	0.496
221	0.37
222	0.258
223	0.398
224	0.472
225	0.319
226	0.324
227	0.342
228	0.443
229	0.582
230	0.485
231	0.748
232	0.745
233	0.478
234	0.537
235	0.779
236	0.989
237	1.101
238	0.822
239	0.545
240	0.318
241	0.135
242	0.067
243	0.012
244	0.013
245	0.066
246	0.092
247	0.223
248	0.285
249	0.162
250	0.053
251	0.024
252	0.024
253	0.087
254	0.203
255	0.392
256	0.48
257	0.461
258	0.317
259	0.146
260	0.136
261	0.133
262	0.142
263	0.264
264	0.277
265	0.415
266	0.478
267	0.595
268	0.543
269	0.419
270	0.318
271	0.495
272	0.383
273	0.224
274	0.196
275	0.185
276	0.149
277	0.212
278	0.313
279	0.482
280	0.438
281	0.5
282	0.547
283	0.737
284	0.731
285	0.715
286	0.539
287	0.582
288	0.396
289	0.366
290	0.288
291	0.231
292	0.263
293	0.134
294	0.065
295	0.113
296	0.093
297	0.084
298	0.134
299	0.129
300	0.166
301	0.139
302	0.15
303	0.174
304	0.185
305	0.185
306	0.218
307	0.217
308	0.276
309	0.284
310	0.249
311	0.233
312	0.25
313	0.197
314	0.22
315	0.171
316	0.147
317	0.103
318	0.076
319	0.038
320	0.024
321	0.045
322	0.037
323	0.055
324	0.044
325	0.063
326	0.056
327	0.068
328	0.072
329	0.063
330	0.056
331	0.084
332	0.076
333	0.12
334	0.137
335	0.175
336	0.181
337	0.154
338	0.163
339	0.142
340	0.168
341	0.152
342	0.209
343	0.223
344	0.277
345	0.327
346	0.312
347	0.279
348	0.229
349	0.171
350	0.139
351	0.16
352	0.124
353	0.155
354	0.121
355	0.157
356	0.13
357	0.186
358	0.211
359	0.151
360	0.145
361	0.118
362	0.153
363	0.139
364	0.186
365	0.211
366	0.283
367	0.327
368	0.375
369	0.451
370	0.42
371	0.4
372	0.321
373	0.29
374	0.268
375	0.221
376	0.161
377	0.152
378	0.111
379	0.111
380	0.088
381	0.075
382	0.047
383	0.037
384	0.025
385	0.009
386	0.016
387	0.023
388	0.029
389	0.026
390	0.028
391	0.036
392	0.025
393	0.036
394	0.025
395	0.037
396	0.022
397	0.038
398	0.053
399	0.055
400	0.048
401	0.028
402	0.035
403	0.019
404	0.02
405	0.007
406	0.015
407	0.031
408	0.034
409	0.028
410	0.052
411	0.053
412	0.081
413	0.093
414	0.109
415	0.169
416	0.185
417	0.155
418	0.165
419	0.139
420	0.156
421	0.2
422	0.204
423	0.172
424	0.206
425	0.188
426	0.226
427	0.22
428	0.268
429	0.205
430	0.155
431	0.105
432	0.097
433	0.118
434	0.171
435	0.171
436	0.119
437	0.11
438	0.101
439	0.087
440	0.085
441	0.068
442	0.068
443	0.038
444	0.023
445	0.04
446	0.047
447	0.032
448	0.042
449	0.046
450	0.026
451	0.053
452	0.077
453	0.1
454	0.135
455	0.136
456	0.184
457	0.187
458	0.213
459	0.203
460	0.159
461	0.134
462	0.13
463	0.087
464	0.088
465	0.065
466	0.068
467	0.05
468	0.046
469	0.035
470	0.015
471	0.018
472	0.012
473	0.026
474	0.031
475	0.054
476	0.078
477	0.114
478	0.156
479	0.168
480	0.149
481	0.182
482	0.168
483	0.199
484	0.177
485	0.158
486	0.125
487	0.115
488	0.102
489	0.076
490	0.084
491	0.072
492	0.105
493	0.117
494	0.141
495	0.163
496	0.148
497	0.134
498	0.109
499	0.084
500	0.06
501	0.068
502	0.048
503	0.07
504	0.064
505	0.081
506	0.089
507	0.108
508	0.072
509	0.05
510	0.035
511	0.032
512	0.041
513	0.039
514	0.068
515	0.091
516	0.118
517	0.128
518	0.14
519	0.119
520	0.123
521	0.129
522	0.112
523	0.103
524	0.086
525	0.061
526	0.032
527	0.02
528	0.008
529	0.015
530	0.034
531	0.044
532	0.046
533	0.035
534	0.061
535	0.088
536	0.129
537	0.155
538	0.119
539	0.084
540	0.057
541	0.034
542	0.018
543	0.016
544	0.01
545	0.025
546	0.025
547	0.063
548	0.06
549	0.04
550	0.026
551	0.006
552	0.008
553	0.008
554	0.023
555	0.04
556	0.033
557	0.018
558	0.008
559	0.001
560	0.002
561	0.01
562	0.03
563	0.051
564	0.068
565	0.089
566	0.107
567	0.108
568	0.103
569	0.077
570	0.075
571	0.1
572	0.101
573	0.086
574	0.122
575	0.127
576	0.162
577	0.181
578	0.237
579	0.224
580	0.175
581	0.141
582	0.14
583	0.171
584	0.19
585	0.169
586	0.122
587	0.101
588	0.069
589	0.047
590	0.034
591	0.017
592	0.017
593	0.005
594	0.0
595	0.005
596	0.014
597	0.029
598	0.062
599	0.088
600	0.095
