index	displacement
1	0.228
2	0.26
3	0.277
4	0.325
5	0.281
6	0.342
7	0.318
8	0.295
9	0.293
10	0.242
11	0.25
12	0.249
13	0.213
14	0.267
15	0.212
16	0.148
17	0.096
18	0.074
19	0.052
20	0.047
21	0.063
22	0.057
23	0.086
24	0.107
25	0.149
26	0.204
27	0.275
28	0.364
29	0.395
30	0.374
31	0.433
32	0.436
33	0.48
34	0.391
35	0.324
36	0.233
37	0.205
38	0.146
39	0.117
40	0.089
41	0.077
42	0.09
43	0.096
44	0.135
45	0.102
46	0.091
47	0.055
48	0.049
49	0.034
50	0.033
51	0.051
52	0.07
53	0.107
54	0.152
55	0.198
56	0.271
57	0.316
58	0.25
59	0.245
60	0.165
61	0.113
62	0.073
63	0.038
64	0.023
65	0.019
66	0.025
67	0.027
68	0.04
69	0.007
70	0.016
71	0.027
72	0.024
73	0.021
74	0.024
75	0.028
76	0.042
77	0.078
78	0.109
79	0.174
80	0.193
81	0.258
82	0.253
83	0.18
84	0.213
85	0.257
86	0.34
87	0.379
88	0.294
89	0.23
90	0.16
91	0.107
92	0.065
93	0.041
94	0.022
95	0.022
96	0.013
97	0.031
98	0.021
99	0.004
100	0.006
101	0.008
102	0.031
103	0.053
104	0.101
105	0.14
106	0.147
107	0.126
108	0.08
109	0.042
110	0.034
111	0.012
112	0.005
113	0.002
114	0.007
115	0.009
116	0.024
117	0.045
118	0.067
119	0.083
120	0.094
121	0.152
122	0.157
123	0.14
124	0.167
125	0.195
126	0.222
127	0.273
128	0.346
129	0.394
130	0.333
131	0.317
132	0.311
133	0.372
134	0.392
135	0.362
136	0.282
137	0.259
138	0.194
139	0.168
140	0.135
141	0.113
142	0.115
143	0.074
144	0.047
145	0.072
146	0.06
147	0.04
148	0.062
149	0.044
150	0.077
151	0.049
152	0.02
153	0.02
154	0.016
155	0.049
156	0.082
157	0.146
158	0.223
159	0.176
160	0.143
161	0.107
162	0.155
163	0.125
164	0.161
165	0.167
166	0.172
167	0.102
168	0.111
169	0.077
170	0.044
171	0.039
172	0.01
173	0.009
174	0.003
175	0.017
176	0.032
177	0.067
178	0.085
179	0.154
180	0.221
181	0.294
182	0.407
183	0.484
184	0.385
185	0.432
186	0.393
187	0.269
188	0.235
189	0.157
190	0.184
191	0.152
192	0.231
193	0.284
194	0.343
195	0.456
196	0.396
197	0.399
198	0.317
199	0.244
200	0.193
201	0.241
202	0.208
203	0.294
204	0.29
205	0.42
206	0.469
207	0.626
208	0.632
209	0.525
210	0.432
211	0.315
212	0.34
213	0.267
214	0.326
215	0.342
216	0.46
217	0.53
218	0.561
219	0.736
220	0.719
221	0.71
222	0.573
223	0.53
224	0.517
225	0.447
226	0.342
227	0.364
228	0.34
229	0.409
230	0.359
231	0.412
232	0.356
233	0.233
234	0.206
235	0.224
236	0.249
237	0.217
238	0.13
239	0.123
240	0.065
241	0.05
242	0.018
243	0.023
244	0.014
245	0.04
246	0.034
247	0.081
248	0.1
249	0.081
250	0.059
251	0.034
252	0.05
253	0.052
254	0.094
255	0.129
256	0.187
257	0.193
258	0.121
259	0.069
260	0.094
261	0.082
262	0.124
263	0.144
264	0.178
265	0.292
266	0.32
267	0.299
268	0.287
269	0.207
270	0.175
271	0.197
272	0.16
273	0.117
274	0.162
275	0.155
276	0.246
277	0.295
278	0.382
279	0.356
280	0.252
281	0.247
282	0.154
283	0.107
284	0.083
285	0.046
286	0.035
287	0.007
288	0.005
289	0.005
290	0.02
291	0.036
292	0.072
293	0.053
294	0.031
295	0.061
296	0.101
297	0.096
298	0.144
299	0.188
300	0.169
301	0.076
302	0.101
303	0.156
304	0.206
305	0.233
306	0.314
307	0.348
308	0.397
309	0.364
310	0.29
311	0.243
312	0.243
313	0.177
314	0.177
315	0.149
316	0.147
317	0.1
318	0.086
319	0.056
320	0.03
321	0.038
322	0.028
323	0.053
324	0.057
325	0.103
326	0.129
327	0.195
328	0.237
329	0.293
330	0.308
331	0.391
332	0.408
333	0.482
334	0.421
335	0.401
336	0.328
337	0.281
338	0.24
339	0.19
340	0.188
341	0.157
342	0.213
343	0.229
344	0.293
345	0.346
346	0.321
347	0.271
348	0.216
349	0.153
350	0.124
351	0.157
352	0.145
353	0.199
354	0.207
355	0.263
356	0.299
357	0.365
358	0.298
359	0.252
360	0.187
361	0.151
362	0.141
363	0.109
364	0.133
365	0.16
366	0.228
367	0.288
368	0.361
369	0.419
370	0.345
371	0.303
372	0.232
373	0.168
374	0.122
375	0.118
376	0.075
377	0.095
378	0.095
379	0.141
380	0.178
381	0.212
382	0.19
383	0.14
384	0.169
385	0.196
386	0.259
387	0.275
388	0.202
389	0.172
390	0.116
391	0.086
392	0.047
393	0.041
394	0.022
395	0.035
396	0.023
397	0.052
398	0.048
399	0.033
400	0.032
401	0.017
402	0.036
403	0.04
404	0.078
405	0.101
406	0.106
407	0.081
408	0.041
409	0.025
410	0.027
411	0.015
412	0.035
413	0.04
414	0.075
415	0.115
416	0.161
417	0.164
418	0.182
419	0.152
420	0.159
421	0.202
422	0.209
423	0.189
424	0.248
425	0.263
426	0.333
427	0.382
428	0.488
429	0.468
430	0.366
431	0.32
432	0.282
433	0.304
434	0.327
435	0.277
436	0.204
437	0.149
438	0.111
439	0.067
440	0.06
441	0.034
442	0.045
443	0.02
444	0.004
445	0.001
446	0.003
447	0.01
448	0.026
449	0.052
450	0.06
451	0.109
452	0.117
453	0.145
454	0.173
455	0.177
456	0.232
457	0.248
458	0.282
459	0.26
460	0.205
461	0.186
462	0.183
463	0.139
464	0.159
465	0.12
466	0.089
467	0.059
468	0.039
469	0.022
470	0.019
471	0.03
472	0.024
473	0.042
474	0.038
475	0.066
476	0.075
477	0.114
478	0.131
479	0.16
480	0.172
481	0.239
482	0.255
483	0.327
484	0.299
485	0.306
486	0.259
487	0.207
488	0.174
489	0.13
490	0.12
491	0.09
492	0.11
493	0.102
494	0.135
495	0.143
496	0.148
497	0.116
498	0.108
499	0.068
500	0.069
501	0.105
502	0.109
503	0.16
504	0.168
505	0.229
506	0.251
507	0.328
508	0.302
509	0.25
510	0.199
511	0.148
512	0.14
513	0.096
514	0.097
515	0.088
516	0.115
517	0.122
518	0.162
519	0.195
520	0.163
521	0.17
522	0.15
523	0.116
524	0.118
525	0.131
526	0.107
527	0.138
528	0.138
529	0.175
530	0.172
531	0.185
532	0.141
533	0.104
534	0.102
535	0.091
536	0.117
537	0.119
538	0.09
539	0.087
540	0.061
541	0.053
542	0.028
543	0.027
544	0.012
545	0.014
546	0.004
547	0.009
548	0.005
549	0.009
550	0.015
551	0.013
552	0.03
553	0.029
554	0.05
555	0.05
556	0.064
557	0.075
558	0.057
559	0.034
560	0.045
561	0.027
562	0.033
563	0.019
564	0.021
565	0.033
566	0.039
567	0.026
568	0.042
569	0.056
570	0.077
571	0.119
572	0.134
573	0.123
574	0.165
575	0.182
576	0.235
577	0.275
578	0.357
579	0.338
580	0.258
581	0.218
582	0.18
583	0.193
584	0.226
585	0.201
586	0.141
587	0.11
588	0.089
589	0.067
590	0.063
591	0.05
592	0.056
593	0.034
594	0.018
595	0.031
596	0.036
597	0.018
598	0.017
599	0.026
600	0.01
