index	displacement
1	0.066
2	0.084
3	0.113
4	0.139
5	0.156
6	0.198
7	0.221
8	0.258
9	0.237
10	0.195
11	0.167
12	0.161
13	0.123
14	0.111
15	0.097
16	0.112
17	0.095
18	0.091
19	0.073
20	0.041
21	0.046
22	0.039
23	0.059
24	0.057
25	0.083
26	0.09
27	0.115
28	0.132
29	0.146
30	0.141
31	0.181
32	0.168
33	0.217
34	0.212
35	0.225
36	0.209
37	0.185
38	0.179
39	0.16
40	0.17
41	0.152
42	0.184
43	0.191
44	0.224
45	0.252
46	0.232
47	0.22
48	0.197
49	0.172
50	0.155
51	0.17
52	0.154
53	0.173
54	0.158
55	0.178
56	0.169
57	0.197
58	0.189
59	0.156
60	0.152
61	0.145
62	0.163
63	0.158
64	0.181
65	0.188
66	0.208
67	0.199
68	0.193
69	0.146
70	0.162
71	0.171
72	0.192
73	0.189
74	0.172
75	0.183
76	0.156
77	0.147
78	0.119
79	0.118
80	0.122
81	0.108
82	0.065
83	0.065
84	0.077
85	0.075
86	0.099
87	0.115
88	0.099
89	0.087
90	0.076
91	0.072
92	0.052
93	0.062
94	0.049
95	0.069
96	0.066
97	0.096
98	0.108
99	0.093
100	0.081
101	0.058
102	0.063
103	0.045
104	0.055
105	0.047
106	0.036
107	0.03
108	0.028
109	0.04
110	0.069
111	0.079
112	0.107
113	0.123
114	0.141
115	0.166
116	0.185
117	0.17
118	0.169
119	0.142
120	0.143
121	0.153
122	0.159
123	0.152
124	0.184
125	0.187
126	0.224
127	0.239
128	0.285
129	0.262
130	0.21
131	0.17
132	0.154
133	0.173
134	0.197
135	0.174
136	0.134
137	0.107
138	0.091
139	0.065
140	0.057
141	0.032
142	0.032
143	0.016
144	0.005
145	0.003
146	0.01
147	0.016
148	0.045
149	0.07
150	0.056
151	0.093
152	0.137
153	0.179
154	0.247
155	0.257
156	0.356
157	0.394
158	0.457
159	0.403
160	0.301
161	0.237
162	0.203
163	0.128
164	0.116
165	0.063
166	0.053
167	0.047
168	0.029
169	0.02
170	0.005
171	0.01
172	0.014
173	0.041
174	0.044
175	0.089
176	0.111
177	0.176
178	0.224
179	0.245
180	0.237
181	0.332
182	0.322
183	0.432
184	0.416
185	0.46
186	0.425
187	0.344
188	0.31
189	0.233
190	0.231
191	0.168
192	0.204
193	0.178
194	0.192
195	0.259
196	0.298
197	0.29
198	0.274
199	0.2
200	0.193
201	0.257
202	0.236
203	0.314
204	0.288
205	0.377
206	0.37
207	0.487
208	0.488
209	0.367
210	0.337
211	0.278
212	0.322
213	0.268
214	0.314
215	0.308
216	0.382
217	0.39
218	0.424
219	0.559
220	0.558
221	0.601
222	0.51
223	0.478
224	0.488
225	0.423
226	0.334
227	0.329
228	0.275
229	0.278
230	0.237
231	0.202
232	0.152
233	0.112
234	0.107
235	0.084
236	0.135
237	0.166
238	0.131
239	0.107
240	0.075
241	0.073
242	0.039
243	0.045
244	0.025
245	0.033
246	0.04
247	0.056
248	0.108
249	0.103
250	0.076
251	0.056
252	0.064
253	0.044
254	0.06
255	0.042
256	0.049
257	0.074
258	0.07
259	0.06
260	0.101
261	0.113
262	0.153
263	0.177
264	0.166
265	0.245
266	0.212
267	0.151
268	0.124
269	0.083
270	0.109
271	0.13
272	0.177
273	0.185
274	0.267
275	0.3
276	0.397
277	0.454
278	0.582
279	0.521
280	0.396
281	0.312
282	0.272
283	0.312
284	0.362
285	0.314
286	0.217
287	0.167
288	0.113
289	0.073
290	0.047
291	0.021
292	0.009
293	0.002
294	0.002
295	0.014
296	0.027
297	0.021
298	0.031
299	0.039
300	0.021
301	0.32
302	0.322
303	0.263
304	0.263
305	0.162
306	0.169
307	0.119
308	0.061
309	0.077
310	0.081
311	0.139
312	0.169
313	0.189
314	0.305
315	0.26
316	0.182
317	0.101
318	0.104
319	0.082
320	0.077
321	0.086
322	0.073
323	0.083
324	0.125
325	0.135
326	0.228
327	0.284
328	0.426
329	0.437
330	0.409
331	0.433
332	0.496
333	0.483
334	0.331
335	0.249
336	0.16
337	0.106
338	0.043
339	0.021
340	0.002
341	0.013
342	0.039
343	0.096
344	0.164
345	0.165
346	0.082
347	0.076
348	0.03
349	0.036
350	0.008
351	0.011
352	0.029
353	0.069
354	0.128
355	0.205
356	0.307
357	0.38
358	0.359
359	0.358
360	0.247
361	0.145
362	0.112
363	0.059
364	0.062
365	0.057
366	0.09
367	0.121
368	0.094
369	0.131
370	0.175
371	0.18
372	0.141
373	0.181
374	0.218
375	0.173
376	0.146
377	0.177
378	0.195
379	0.275
380	0.261
381	0.371
382	0.384
383	0.254
384	0.283
385	0.391
386	0.487
387	0.535
388	0.41
389	0.291
390	0.19
391	0.099
392	0.066
393	0.022
394	0.017
395	0.021
396	0.021
397	0.064
398	0.071
399	0.029
400	0.004
401	0.004
402	0.022
403	0.065
404	0.129
405	0.218
406	0.244
407	0.205
408	0.121
409	0.063
410	0.054
411	0.031
412	0.037
413	0.064
414	0.067
415	0.119
416	0.131
417	0.17
418	0.147
419	0.12
420	0.079
421	0.127
422	0.084
423	0.045
424	0.029
425	0.045
426	0.042
427	0.093
428	0.135
429	0.221
430	0.2
431	0.259
432	0.25
433	0.301
434	0.256
435	0.247
436	0.222
437	0.26
438	0.185
439	0.213
440	0.165
441	0.182
442	0.19
443	0.147
444	0.118
445	0.206
446	0.246
447	0.234
448	0.338
449	0.347
450	0.353
451	0.302
452	0.305
453	0.249
454	0.248
455	0.151
456	0.15
457	0.095
458	0.048
459	0.074
460	0.085
461	0.141
462	0.178
463	0.185
464	0.29
465	0.242
466	0.172
467	0.097
468	0.098
469	0.078
470	0.071
471	0.079
472	0.065
473	0.075
474	0.114
475	0.119
476	0.201
477	0.245
478	0.371
479	0.372
480	0.342
481	0.351
482	0.409
483	0.39
484	0.255
485	0.18
486	0.11
487	0.071
488	0.022
489	0.013
490	0.005
491	0.02
492	0.053
493	0.106
494	0.171
495	0.181
496	0.11
497	0.094
498	0.042
499	0.042
500	0.011
501	0.006
502	0.015
503	0.042
504	0.088
505	0.148
506	0.239
507	0.298
508	0.286
509	0.295
510	0.201
511	0.109
512	0.079
513	0.042
514	0.05
515	0.054
516	0.08
517	0.126
518	0.126
519	0.164
520	0.157
521	0.135
522	0.097
523	0.144
524	0.18
525	0.133
526	0.123
527	0.14
528	0.168
529	0.247
530	0.227
531	0.329
532	0.339
533	0.224
534	0.249
535	0.35
536	0.429
537	0.471
538	0.361
539	0.253
540	0.166
541	0.084
542	0.058
543	0.019
544	0.015
545	0.022
546	0.021
547	0.062
548	0.069
549	0.027
550	0.004
551	0.003
552	0.018
553	0.059
554	0.115
555	0.204
556	0.23
557	0.202
558	0.127
559	0.059
560	0.049
561	0.028
562	0.031
563	0.059
564	0.067
565	0.111
566	0.126
567	0.147
568	0.145
569	0.116
570	0.082
571	0.133
572	0.092
573	0.049
574	0.033
575	0.035
576	0.026
577	0.057
578	0.086
579	0.16
580	0.147
581	0.196
582	0.2
583	0.247
584	0.217
585	0.219
586	0.195
587	0.236
588	0.171
589	0.199
590	0.153
591	0.166
592	0.174
593	0.139
594	0.115
595	0.208
596	0.261
597	0.242
598	0.35
599	0.354
600	0.375
