index	displacement
1	0.095
2	0.095
3	0.079
4	0.083
5	0.073
6	0.076
7	0.075
8	0.065
9	0.061
10	0.055
11	0.057
12	0.055
13	0.065
14	0.079
15	0.082
16	0.076
17	0.089
18	0.095
19	0.094
20	0.103
21	0.101
22	0.098
23	0.097
24	0.101
25	0.099
26	0.115
27	0.118
28	0.135
29	0.137
30	0.134
31	0.137
32	0.149
33	0.146
34	0.119
35	0.101
36	0.085
37	0.081
38	0.067
39	0.064
40	0.05
41	0.05
42	0.034
43	0.03
44	0.024
45	0.005
46	0.007
47	0.008
48	0.016
49	0.035
50	0.05
51	0.044
52	0.065
53	0.066
54	0.085
55	0.09
56	0.112
57	0.108
58	0.098
59	0.114
60	0.098
61	0.086
62	0.065
63	0.06
64	0.035
65	0.022
66	0.012
67	0.017
68	0.006
69	0.049
70	0.057
71	0.084
72	0.042
73	0.07
74	0.046
75	0.029
76	0.068
77	0.083
78	0.104
79	0.12
80	0.12
81	0.146
82	0.142
83	0.127
84	0.129
85	0.146
86	0.151
87	0.156
88	0.144
89	0.129
90	0.115
91	0.107
92	0.104
93	0.101
94	0.101
95	0.102
96	0.106
97	0.099
98	0.082
99	0.08
100	0.087
101	0.106
102	0.107
103	0.111
104	0.116
105	0.127
106	0.128
107	0.127
108	0.119
109	0.119
110	0.118
111	0.104
112	0.077
113	0.061
114	0.051
115	0.03
116	0.042
117	0.053
118	0.049
119	0.061
120	0.053
121	0.05
122	0.052
123	0.055
124	0.055
125	0.064
126	0.065
127	0.076
128	0.083
129	0.101
130	0.098
131	0.111
132	0.11
133	0.113
134	0.1
135	0.095
136	0.098
137	0.105
138	0.092
139	0.099
140	0.095
141	0.098
142	0.102
143	0.1
144	0.08
145	0.069
146	0.043
147	0.028
148	0.018
149	0.011
150	0.011
151	0.025
152	0.039
153	0.07
154	0.096
155	0.109
156	0.15
157	0.158
158	0.23
159	0.23
160	0.192
161	0.157
162	0.175
163	0.116
164	0.099
165	0.081
166	0.101
167	0.081
168	0.096
169	0.101
170	0.066
171	0.047
172	0.039
173	0.034
174	0.021
175	0.024
176	0.014
177	0.02
178	0.029
179	0.022
180	0.018
181	0.033
182	0.029
183	0.059
184	0.081
185	0.133
186	0.168
187	0.138
188	0.167
189	0.144
190	0.187
191	0.171
192	0.234
193	0.261
194	0.287
195	0.398
196	0.378
197	0.39
198	0.316
199	0.271
200	0.218
201	0.23
202	0.177
203	0.196
204	0.147
205	0.175
206	0.132
207	0.183
208	0.248
209	0.195
210	0.223
211	0.197
212	0.258
213	0.252
214	0.327
215	0.367
216	0.462
217	0.537
218	0.548
219	0.722
220	0.724
221	0.715
222	0.565
223	0.588
224	0.574
225	0.435
226	0.366
227	0.311
228	0.263
229	0.237
230	0.155
231	0.144
232	0.082
233	0.075
234	0.041
235	0.033
236	0.017
237	0.016
238	0.014
239	0.016
240	0.023
241	0.038
242	0.042
243	0.06
244	0.067
245	0.089
246	0.117
247	0.144
248	0.213
249	0.189
250	0.132
251	0.102
252	0.084
253	0.069
254	0.061
255	0.056
256	0.096
257	0.14
258	0.117
259	0.103
260	0.12
261	0.165
262	0.201
263	0.282
264	0.266
265	0.367
266	0.349
267	0.31
268	0.266
269	0.181
270	0.165
271	0.17
272	0.17
273	0.144
274	0.18
275	0.154
276	0.199
277	0.184
278	0.22
279	0.145
280	0.103
281	0.061
282	0.046
283	0.059
284	0.102
285	0.096
286	0.051
287	0.033
288	0.029
289	0.016
290	0.024
291	0.02
292	0.028
293	0.033
294	0.038
295	0.033
296	0.037
297	0.047
298	0.056
299	0.068
300	0.079
301	0.262
302	0.217
303	0.167
304	0.115
305	0.044
306	0.023
307	0.0
308	0.02
309	0.051
310	0.096
311	0.159
312	0.289
313	0.303
314	0.467
315	0.459
316	0.431
317	0.271
318	0.314
319	0.248
320	0.157
321	0.141
322	0.061
323	0.04
324	0.016
325	0.009
326	0.047
327	0.084
328	0.196
329	0.231
330	0.258
331	0.312
332	0.462
333	0.483
334	0.294
335	0.297
336	0.258
337	0.125
338	0.108
339	0.067
340	0.139
341	0.184
342	0.303
343	0.48
344	0.594
345	0.707
346	0.489
347	0.547
348	0.395
349	0.4
350	0.271
351	0.239
352	0.177
353	0.233
354	0.227
355	0.379
356	0.448
357	0.633
358	0.704
359	0.616
360	0.502
361	0.339
362	0.393
363	0.35
364	0.452
365	0.499
366	0.652
367	0.762
368	0.664
369	0.846
370	0.966
371	0.953
372	0.778
373	0.859
374	0.894
375	0.696
376	0.566
377	0.531
378	0.464
379	0.504
380	0.399
381	0.489
382	0.429
383	0.249
384	0.208
385	0.271
386	0.346
387	0.358
388	0.21
389	0.129
390	0.042
391	0.011
392	0.002
393	0.029
394	0.059
395	0.144
396	0.183
397	0.306
398	0.365
399	0.263
400	0.152
401	0.092
402	0.06
403	0.042
404	0.063
405	0.101
406	0.163
407	0.178
408	0.128
409	0.102
410	0.16
411	0.196
412	0.259
413	0.386
414	0.425
415	0.661
416	0.696
417	0.753
418	0.639
419	0.49
420	0.346
421	0.376
422	0.233
423	0.113
424	0.081
425	0.026
426	0.054
427	0.08
428	0.113
429	0.148
430	0.103
431	0.167
432	0.095
433	0.093
434	0.046
435	0.049
436	0.038
437	0.078
438	0.06
439	0.099
440	0.12
441	0.144
442	0.218
443	0.138
444	0.06
445	0.08
446	0.062
447	0.033
448	0.06
449	0.057
450	0.074
451	0.073
452	0.059
453	0.065
454	0.06
455	0.072
456	0.091
457	0.111
458	0.184
459	0.183
460	0.165
461	0.148
462	0.182
463	0.138
464	0.165
465	0.132
466	0.129
467	0.088
468	0.075
469	0.044
470	0.025
471	0.03
472	0.014
473	0.017
474	0.004
475	0.01
476	0.003
477	0.007
478	0.002
479	0.014
480	0.045
481	0.067
482	0.119
483	0.148
484	0.142
485	0.195
486	0.204
487	0.146
488	0.155
489	0.12
490	0.155
491	0.139
492	0.198
493	0.213
494	0.274
495	0.337
496	0.319
497	0.289
498	0.242
499	0.181
500	0.15
501	0.178
502	0.144
503	0.189
504	0.157
505	0.22
506	0.209
507	0.288
508	0.327
509	0.274
510	0.253
511	0.19
512	0.225
513	0.195
514	0.24
515	0.255
516	0.328
517	0.37
518	0.418
519	0.535
520	0.497
521	0.511
522	0.413
523	0.406
524	0.406
525	0.328
526	0.274
527	0.259
528	0.229
529	0.247
530	0.19
531	0.193
532	0.173
533	0.114
534	0.08
535	0.076
536	0.069
537	0.043
538	0.021
539	0.032
540	0.016
541	0.023
542	0.013
543	0.026
544	0.022
545	0.041
546	0.032
547	0.048
548	0.061
549	0.065
550	0.063
551	0.042
552	0.043
553	0.032
554	0.046
555	0.051
556	0.101
557	0.132
558	0.085
559	0.064
560	0.074
561	0.082
562	0.102
563	0.101
564	0.107
565	0.151
566	0.156
567	0.107
568	0.137
569	0.137
570	0.142
571	0.172
572	0.16
573	0.125
574	0.153
575	0.128
576	0.172
577	0.174
578	0.208
579	0.151
580	0.104
581	0.089
582	0.044
583	0.023
584	0.04
585	0.04
586	0.019
587	0.015
588	0.019
589	0.02
590	0.028
591	0.028
592	0.043
593	0.021
594	0.006
595	0.028
596	0.055
597	0.055
598	0.136
599	0.172
600	0.213
