index	displacement
1	0.423
2	0.452
3	0.46
4	0.49
5	0.373
6	0.418
7	0.341
8	0.276
9	0.307
10	0.274
11	0.339
12	0.377
13	0.363
14	0.496
15	0.445
16	0.324
17	0.211
18	0.194
19	0.144
20	0.129
21	0.158
22	0.141
23	0.173
24	0.192
25	0.232
26	0.309
27	0.384
28	0.546
29	0.546
30	0.483
31	0.563
32	0.565
33	0.633
34	0.461
35	0.341
36	0.205
37	0.171
38	0.097
39	0.07
40	0.047
41	0.065
42	0.096
43	0.164
44	0.222
45	0.165
46	0.083
47	0.078
48	0.035
49	0.058
50	0.021
51	0.009
52	0.024
53	0.061
54	0.123
55	0.189
56	0.302
57	0.374
58	0.302
59	0.295
60	0.176
61	0.096
62	0.05
63	0.013
64	0.015
65	0.028
66	0.063
67	0.087
68	0.05
69	0.113
70	0.11
71	0.111
72	0.084
73	0.114
74	0.128
75	0.068
76	0.056
77	0.088
78	0.125
79	0.197
80	0.204
81	0.301
82	0.249
83	0.171
84	0.235
85	0.331
86	0.45
87	0.531
88	0.432
89	0.303
90	0.22
91	0.143
92	0.112
93	0.088
94	0.077
95	0.087
96	0.074
97	0.101
98	0.069
99	0.041
100	0.04
101	0.031
102	0.049
103	0.065
104	0.114
105	0.164
106	0.144
107	0.108
108	0.04
109	0.032
110	0.023
111	0.011
112	0.012
113	0.027
114	0.061
115	0.091
116	0.135
117	0.218
118	0.196
119	0.199
120	0.167
121	0.251
122	0.201
123	0.144
124	0.148
125	0.169
126	0.177
127	0.238
128	0.326
129	0.421
130	0.36
131	0.363
132	0.382
133	0.484
134	0.495
135	0.485
136	0.388
137	0.404
138	0.32
139	0.303
140	0.263
141	0.22
142	0.23
143	0.146
144	0.1
145	0.108
146	0.051
147	0.043
148	0.043
149	0.045
150	0.072
151	0.139
152	0.122
153	0.139
154	0.147
155	0.086
156	0.126
157	0.101
158	0.066
159	0.069
160	0.059
161	0.106
162	0.17
163	0.18
164	0.276
165	0.281
166	0.25
167	0.151
168	0.198
169	0.193
170	0.142
171	0.1
172	0.051
173	0.025
174	0.008
175	0.013
176	0.046
177	0.115
178	0.225
179	0.283
180	0.298
181	0.414
182	0.54
183	0.626
184	0.399
185	0.331
186	0.218
187	0.116
188	0.046
189	0.012
190	0.017
191	0.048
192	0.092
193	0.196
194	0.262
195	0.286
196	0.155
197	0.184
198	0.115
199	0.162
200	0.107
201	0.076
202	0.084
203	0.122
204	0.183
205	0.307
206	0.434
207	0.579
208	0.587
209	0.549
210	0.433
211	0.28
212	0.247
213	0.205
214	0.211
215	0.204
216	0.225
217	0.262
218	0.18
219	0.216
220	0.29
221	0.301
222	0.281
223	0.399
224	0.494
225	0.401
226	0.417
227	0.428
228	0.479
229	0.539
230	0.407
231	0.507
232	0.389
233	0.22
234	0.178
235	0.214
236	0.282
237	0.297
238	0.172
239	0.116
240	0.04
241	0.018
242	0.013
243	0.031
244	0.068
245	0.119
246	0.173
247	0.239
248	0.268
249	0.206
250	0.12
251	0.102
252	0.062
253	0.064
254	0.067
255	0.089
256	0.148
257	0.186
258	0.17
259	0.12
260	0.149
261	0.178
262	0.184
263	0.268
264	0.266
265	0.367
266	0.355
267	0.432
268	0.346
269	0.268
270	0.158
271	0.181
272	0.095
273	0.031
274	0.011
275	0.016
276	0.035
277	0.109
278	0.205
279	0.297
280	0.21
281	0.239
282	0.185
283	0.218
284	0.192
285	0.159
286	0.09
287	0.084
288	0.046
289	0.045
290	0.062
291	0.077
292	0.136
293	0.124
294	0.094
295	0.104
296	0.125
297	0.125
298	0.177
299	0.235
300	0.218
301	0.05
302	0.078
303	0.115
304	0.157
305	0.177
306	0.233
307	0.261
308	0.302
309	0.271
310	0.211
311	0.17
312	0.153
313	0.102
314	0.091
315	0.055
316	0.05
317	0.044
318	0.027
319	0.02
320	0.01
321	0.014
322	0.018
323	0.037
324	0.038
325	0.071
326	0.075
327	0.115
328	0.123
329	0.154
330	0.174
331	0.237
332	0.251
333	0.322
334	0.297
335	0.325
336	0.299
337	0.243
338	0.221
339	0.175
340	0.176
341	0.135
342	0.162
343	0.143
344	0.153
345	0.204
346	0.233
347	0.228
348	0.215
349	0.16
350	0.155
351	0.195
352	0.178
353	0.23
354	0.213
355	0.282
356	0.271
357	0.361
358	0.381
359	0.3
360	0.266
361	0.211
362	0.234
363	0.202
364	0.236
365	0.241
366	0.299
367	0.31
368	0.339
369	0.45
370	0.447
371	0.471
372	0.393
373	0.369
374	0.354
375	0.297
376	0.24
377	0.247
378	0.202
379	0.222
380	0.188
381	0.182
382	0.162
383	0.139
384	0.117
385	0.089
386	0.105
387	0.104
388	0.081
389	0.089
390	0.072
391	0.076
392	0.048
393	0.051
394	0.034
395	0.038
396	0.043
397	0.046
398	0.083
399	0.09
400	0.074
401	0.065
402	0.077
403	0.069
404	0.084
405	0.068
406	0.09
407	0.117
408	0.107
409	0.091
410	0.112
411	0.106
412	0.126
413	0.145
414	0.131
415	0.186
416	0.161
417	0.113
418	0.098
419	0.07
420	0.093
421	0.106
422	0.137
423	0.142
424	0.196
425	0.213
426	0.275
427	0.303
428	0.392
429	0.343
430	0.268
431	0.227
432	0.193
433	0.199
434	0.231
435	0.2
436	0.144
437	0.101
438	0.075
439	0.043
440	0.032
441	0.013
442	0.007
443	0.001
444	0.002
445	0.001
446	0.001
447	0.002
448	0.003
449	0.009
450	0.016
451	0.038
452	0.033
453	0.043
454	0.046
455	0.067
456	0.088
457	0.113
458	0.154
459	0.135
460	0.116
461	0.095
462	0.118
463	0.104
464	0.11
465	0.114
466	0.123
467	0.102
468	0.104
469	0.096
470	0.073
471	0.068
472	0.046
473	0.046
474	0.029
475	0.038
476	0.033
477	0.049
478	0.05
479	0.076
480	0.096
481	0.131
482	0.154
483	0.193
484	0.175
485	0.192
486	0.178
487	0.135
488	0.13
489	0.096
490	0.118
491	0.115
492	0.133
493	0.146
494	0.16
495	0.17
496	0.16
497	0.156
498	0.142
499	0.128
500	0.118
501	0.124
502	0.105
503	0.136
504	0.117
505	0.163
506	0.161
507	0.22
508	0.21
509	0.159
510	0.14
511	0.113
512	0.134
513	0.125
514	0.145
515	0.144
516	0.154
517	0.148
518	0.156
519	0.132
520	0.141
521	0.153
522	0.162
523	0.171
524	0.191
525	0.173
526	0.139
527	0.128
528	0.099
529	0.105
530	0.104
531	0.1
532	0.077
533	0.063
534	0.065
535	0.06
536	0.076
537	0.073
538	0.048
539	0.051
540	0.037
541	0.043
542	0.034
543	0.054
544	0.056
545	0.079
546	0.08
547	0.099
548	0.104
549	0.09
550	0.078
551	0.058
552	0.053
553	0.032
554	0.038
555	0.031
556	0.032
557	0.031
558	0.023
559	0.032
560	0.056
561	0.072
562	0.089
563	0.104
564	0.11
565	0.124
566	0.122
567	0.115
568	0.11
569	0.127
570	0.118
571	0.133
572	0.119
573	0.1
574	0.118
575	0.108
576	0.15
577	0.17
578	0.212
579	0.19
580	0.139
581	0.124
582	0.093
583	0.081
584	0.08
585	0.064
586	0.05
587	0.034
588	0.037
589	0.03
590	0.045
591	0.045
592	0.067
593	0.056
594	0.034
595	0.021
596	0.02
597	0.013
598	0.014
599	0.032
600	0.02
