index	displacement
1	0.075
2	0.115
3	0.127
4	0.19
5	0.185
6	0.265
7	0.288
8	0.309
9	0.259
10	0.174
11	0.127
12	0.088
13	0.054
14	0.053
15	0.035
16	0.037
17	0.037
18	0.039
19	0.029
20	0.024
21	0.026
22	0.035
23	0.047
24	0.074
25	0.104
26	0.16
27	0.225
28	0.299
29	0.327
30	0.309
31	0.365
32	0.346
33	0.416
34	0.37
35	0.349
36	0.28
37	0.232
38	0.184
39	0.113
40	0.099
41	0.059
42	0.074
43	0.063
44	0.046
45	0.057
46	0.077
47	0.113
48	0.114
49	0.09
50	0.076
51	0.11
52	0.097
53	0.16
54	0.162
55	0.213
56	0.225
57	0.273
58	0.233
59	0.178
60	0.148
61	0.12
62	0.132
63	0.094
64	0.144
65	0.159
66	0.178
67	0.135
68	0.1
69	0.12
70	0.146
71	0.206
72	0.262
73	0.292
74	0.286
75	0.201
76	0.113
77	0.098
78	0.074
79	0.094
80	0.123
81	0.122
82	0.108
83	0.105
84	0.152
85	0.185
86	0.263
87	0.305
88	0.242
89	0.186
90	0.128
91	0.09
92	0.061
93	0.044
94	0.034
95	0.033
96	0.033
97	0.04
98	0.057
99	0.05
100	0.043
101	0.035
102	0.051
103	0.06
104	0.086
105	0.107
106	0.085
107	0.056
108	0.059
109	0.044
110	0.057
111	0.043
112	0.077
113	0.087
114	0.093
115	0.163
116	0.122
117	0.101
118	0.072
119	0.055
120	0.046
121	0.045
122	0.06
123	0.073
124	0.138
125	0.181
126	0.26
127	0.327
128	0.441
129	0.434
130	0.333
131	0.29
132	0.277
133	0.316
134	0.314
135	0.27
136	0.208
137	0.176
138	0.108
139	0.086
140	0.048
141	0.042
142	0.034
143	0.035
144	0.035
145	0.049
146	0.045
147	0.061
148	0.073
149	0.075
150	0.079
151	0.076
152	0.072
153	0.07
154	0.064
155	0.065
156	0.06
157	0.054
158	0.056
159	0.063
160	0.067
161	0.076
162	0.077
163	0.079
164	0.089
165	0.085
166	0.076
167	0.061
168	0.061
169	0.061
170	0.062
171	0.057
172	0.059
173	0.055
174	0.057
175	0.052
176	0.049
177	0.044
178	0.041
179	0.036
180	0.035
181	0.035
182	0.033
183	0.035
184	0.035
185	0.035
186	0.037
187	0.041
188	0.045
189	0.051
190	0.05
191	0.055
192	0.059
193	0.067
194	0.075
195	0.079
196	0.07
197	0.068
198	0.054
199	0.054
200	0.046
201	0.042
202	0.042
203	0.038
204	0.037
205	0.034
206	0.032
207	0.032
208	0.032
209	0.031
210	0.032
211	0.035
212	0.034
213	0.036
214	0.036
215	0.046
216	0.059
217	0.081
218	0.086
219	0.123
220	0.101
221	0.082
222	0.059
223	0.052
224	0.039
225	0.033
226	0.033
227	0.033
228	0.035
229	0.032
230	0.032
231	0.03
232	0.028
233	0.028
234	0.031
235	0.035
236	0.033
237	0.034
238	0.039
239	0.039
240	0.043
241	0.04
242	0.045
243	0.04
244	0.044
245	0.041
246	0.042
247	0.043
248	0.046
249	0.037
250	0.035
251	0.032
252	0.03
253	0.034
254	0.034
255	0.037
256	0.032
257	0.032
258	0.03
259	0.029
260	0.022
261	0.025
262	0.029
263	0.035
264	0.043
265	0.051
266	0.061
267	0.069
268	0.071
269	0.067
270	0.064
271	0.07
272	0.066
273	0.064
274	0.059
275	0.055
276	0.05
277	0.045
278	0.044
279	0.04
280	0.041
281	0.038
282	0.042
283	0.044
284	0.049
285	0.054
286	0.052
287	0.055
288	0.062
289	0.067
290	0.065
291	0.071
292	0.072
293	0.072
294	0.066
295	0.076
296	0.085
297	0.073
298	0.085
299	0.086
300	0.076
301	0.312
302	0.339
303	0.32
304	0.343
305	0.227
306	0.262
307	0.226
308	0.137
309	0.113
310	0.093
311	0.15
312	0.159
313	0.189
314	0.301
315	0.254
316	0.173
317	0.094
318	0.089
319	0.058
320	0.059
321	0.079
322	0.076
323	0.101
324	0.14
325	0.167
326	0.302
327	0.423
328	0.662
329	0.713
330	0.687
331	0.79
332	0.895
333	0.95
334	0.665
335	0.547
336	0.379
337	0.255
338	0.121
339	0.059
340	0.013
341	0.006
342	0.015
343	0.064
344	0.123
345	0.116
346	0.038
347	0.054
348	0.023
349	0.028
350	0.012
351	0.036
352	0.075
353	0.159
354	0.248
355	0.409
356	0.562
357	0.747
358	0.669
359	0.572
360	0.384
361	0.236
362	0.196
363	0.109
364	0.101
365	0.079
366	0.134
367	0.156
368	0.095
369	0.236
370	0.309
371	0.364
372	0.276
373	0.289
374	0.316
375	0.264
376	0.211
377	0.251
378	0.243
379	0.338
380	0.347
381	0.461
382	0.471
383	0.297
384	0.362
385	0.521
386	0.708
387	0.803
388	0.596
389	0.397
390	0.232
391	0.114
392	0.073
393	0.034
394	0.027
395	0.025
396	0.021
397	0.039
398	0.037
399	0.013
400	0.004
401	0.006
402	0.022
403	0.046
404	0.122
405	0.205
406	0.197
407	0.12
408	0.021
409	0.029
410	0.025
411	0.009
412	0.015
413	0.026
414	0.042
415	0.121
416	0.131
417	0.181
418	0.124
419	0.099
420	0.057
421	0.103
422	0.068
423	0.048
424	0.043
425	0.099
426	0.13
427	0.25
428	0.383
429	0.508
430	0.419
431	0.498
432	0.461
433	0.524
434	0.418
435	0.379
436	0.319
437	0.342
438	0.224
439	0.223
440	0.174
441	0.138
442	0.134
443	0.067
444	0.045
445	0.038
446	0.014
447	0.01
448	0.009
449	0.019
450	0.036
451	0.101
452	0.099
453	0.087
454	0.106
455	0.058
456	0.099
457	0.131
458	0.106
459	0.037
460	0.011
461	0.017
462	0.046
463	0.063
464	0.113
465	0.126
466	0.115
467	0.065
468	0.081
469	0.056
470	0.037
471	0.029
472	0.012
473	0.005
474	0.015
475	0.031
476	0.123
477	0.249
478	0.43
479	0.539
480	0.58
481	0.719
482	0.893
483	1.004
484	0.721
485	0.669
486	0.525
487	0.32
488	0.188
489	0.075
490	0.068
491	0.059
492	0.096
493	0.152
494	0.193
495	0.268
496	0.199
497	0.233
498	0.18
499	0.172
500	0.139
501	0.165
502	0.179
503	0.301
504	0.351
505	0.588
506	0.726
507	0.991
508	0.952
509	0.813
510	0.643
511	0.423
512	0.412
513	0.32
514	0.328
515	0.295
516	0.333
517	0.364
518	0.318
519	0.41
520	0.45
521	0.464
522	0.427
523	0.548
524	0.674
525	0.568
526	0.555
527	0.557
528	0.557
529	0.641
530	0.565
531	0.663
532	0.549
533	0.344
534	0.354
535	0.443
536	0.588
537	0.631
538	0.404
539	0.284
540	0.104
541	0.048
542	0.008
543	0.009
544	0.014
545	0.037
546	0.042
547	0.066
548	0.08
549	0.066
550	0.046
551	0.033
552	0.028
553	0.03
554	0.088
555	0.142
556	0.169
557	0.143
558	0.071
559	0.056
560	0.068
561	0.078
562	0.086
563	0.125
564	0.135
565	0.238
566	0.225
567	0.205
568	0.185
569	0.149
570	0.091
571	0.09
572	0.036
573	0.013
574	0.024
575	0.067
576	0.153
577	0.301
578	0.451
579	0.558
580	0.405
581	0.478
582	0.372
583	0.359
584	0.234
585	0.172
586	0.134
587	0.121
588	0.042
589	0.045
590	0.029
591	0.03
592	0.054
593	0.044
594	0.029
595	0.051
596	0.069
597	0.068
598	0.112
599	0.155
600	0.139
