index	fluctuation
1	0.118
2	0.131
3	0.151
4	0.169
5	0.138
6	0.194
7	0.183
8	0.203
9	0.186
10	0.127
11	0.13
12	0.138
13	0.113
14	0.302
15	0.218
16	0.079
17	0.044
18	0.043
19	0.031
20	0.022
21	0.021
22	0.016
23	0.022
24	0.026
25	0.046
26	0.075
27	0.115
28	0.212
29	0.242
30	0.245
31	0.329
32	0.446
33	0.626
34	0.287
35	0.225
36	0.141
37	0.103
38	0.083
39	0.049
40	0.04
41	0.032
42	0.044
43	0.056
44	0.115
45	0.123
46	0.078
47	0.047
48	0.034
49	0.027
50	0.022
51	0.028
52	0.031
53	0.052
54	0.073
55	0.125
56	0.19
57	0.34
58	0.262
59	0.176
60	0.101
61	0.06
62	0.046
63	0.027
64	0.032
65	0.028
66	0.053
67	0.039
68	0.083
69	0.032
70	0.029
71	0.036
72	0.05
73	0.059
74	0.149
75	0.084
76	0.059
77	0.093
78	0.091
79	0.131
80	0.115
81	0.179
82	0.186
83	0.079
84	0.109
85	0.164
86	0.217
87	0.249
88	0.154
89	0.097
90	0.062
91	0.032
92	0.016
93	0.014
94	0.012
95	0.016
96	0.018
97	0.032
98	0.052
99	0.027
100	0.015
101	0.011
102	0.014
103	0.02
104	0.041
105	0.057
106	0.072
107	0.066
108	0.034
109	0.016
110	0.022
111	0.024
112	0.033
113	0.039
114	0.048
115	0.061
116	0.063
117	0.119
118	0.084
119	0.056
120	0.042
121	0.067
122	0.067
123	0.054
124	0.073
125	0.091
126	0.128
127	0.167
128	0.443
129	0.327
130	0.202
131	0.178
132	0.173
133	0.222
134	0.237
135	0.198
136	0.122
137	0.104
138	0.067
139	0.055
140	0.04
141	0.034
142	0.044
143	0.032
144	0.029
145	0.051
146	0.049
147	0.051
148	0.093
149	0.087
150	0.091
151	0.085
152	0.086
153	0.099
154	0.107
155	0.094
156	0.151
157	0.176
158	0.256
159	0.211
160	0.139
161	0.124
162	0.166
163	0.125
164	0.351
165	0.223
166	0.119
167	0.049
168	0.054
169	0.035
170	0.02
171	0.015
172	0.008
173	0.009
174	0.01
175	0.022
176	0.045
177	0.083
178	0.179
179	0.236
180	0.275
181	0.418
182	0.779
183	1.041
184	0.457
185	0.453
186	0.335
187	0.185
188	0.152
189	0.075
190	0.084
191	0.062
192	0.125
193	0.185
194	0.336
195	0.568
196	0.395
197	0.33
198	0.194
199	0.126
200	0.08
201	0.113
202	0.092
203	0.167
204	0.185
205	0.381
206	0.519
207	1.009
208	1.0
209	0.618
210	0.399
211	0.22
212	0.236
213	0.154
214	0.238
215	0.24
216	0.532
217	0.684
218	1.059
219	3.823
220	1.758
221	2.503
222	1.032
223	0.921
224	1.282
225	0.605
226	0.38
227	0.421
228	0.403
229	0.472
230	0.333
231	0.458
232	0.447
233	0.181
234	0.169
235	0.242
236	0.297
237	0.309
238	0.158
239	0.095
240	0.046
241	0.023
242	0.009
243	0.009
244	0.009
245	0.016
246	0.022
247	0.048
248	0.102
249	0.06
250	0.026
251	0.016
252	0.018
253	0.023
254	0.052
255	0.085
256	0.152
257	0.161
258	0.098
259	0.033
260	0.048
261	0.06
262	0.092
263	0.125
264	0.146
265	0.29
266	0.302
267	0.402
268	0.253
269	0.126
270	0.085
271	0.122
272	0.101
273	0.063
274	0.098
275	0.107
276	0.196
277	0.265
278	0.686
279	0.47
280	0.254
281	0.229
282	0.172
283	0.184
284	0.18
285	0.133
286	0.072
287	0.057
288	0.032
289	0.026
290	0.021
291	0.021
292	0.035
293	0.027
294	0.025
295	0.048
296	0.061
297	0.066
298	0.109
299	0.121
300	0.115
301	0.114
302	0.123
303	0.137
304	0.147
305	0.121
306	0.174
307	0.174
308	0.213
309	0.192
310	0.134
311	0.135
312	0.162
313	0.134
314	0.363
315	0.222
316	0.112
317	0.051
318	0.05
319	0.03
320	0.021
321	0.019
322	0.013
323	0.016
324	0.021
325	0.038
326	0.073
327	0.119
328	0.236
329	0.284
330	0.309
331	0.432
332	0.652
333	0.861
334	0.383
335	0.313
336	0.201
337	0.129
338	0.1
339	0.056
340	0.053
341	0.043
342	0.081
343	0.123
344	0.251
345	0.367
346	0.238
347	0.168
348	0.091
349	0.059
350	0.036
351	0.048
352	0.042
353	0.078
354	0.101
355	0.194
356	0.29
357	0.54
358	0.462
359	0.307
360	0.169
361	0.093
362	0.083
363	0.051
364	0.08
365	0.087
366	0.237
367	0.317
368	0.595
369	2.091
370	0.826
371	1.195
372	0.455
373	0.36
374	0.498
375	0.202
376	0.119
377	0.148
378	0.134
379	0.195
380	0.169
381	0.271
382	0.285
383	0.117
384	0.149
385	0.241
386	0.319
387	0.356
388	0.201
389	0.121
390	0.068
391	0.029
392	0.013
393	0.009
394	0.008
395	0.012
396	0.015
397	0.031
398	0.057
399	0.027
400	0.012
401	0.008
402	0.011
403	0.019
404	0.046
405	0.075
406	0.102
407	0.084
408	0.03
409	0.015
410	0.019
411	0.021
412	0.034
413	0.047
414	0.067
415	0.124
416	0.148
417	0.251
418	0.162
419	0.094
420	0.066
421	0.103
422	0.089
423	0.06
424	0.082
425	0.095
426	0.146
427	0.198
428	0.546
429	0.385
430	0.226
431	0.218
432	0.19
433	0.224
434	0.22
435	0.174
436	0.108
437	0.092
438	0.055
439	0.048
440	0.036
441	0.034
442	0.045
443	0.031
444	0.029
445	0.055
446	0.063
447	0.066
448	0.113
449	0.12
450	0.122
451	0.106
452	0.11
453	0.116
454	0.118
455	0.089
456	0.123
457	0.114
458	0.142
459	0.13
460	0.091
461	0.096
462	0.117
463	0.096
464	0.283
465	0.161
466	0.061
467	0.027
468	0.022
469	0.013
470	0.012
471	0.012
472	0.009
473	0.012
474	0.015
475	0.026
476	0.047
477	0.073
478	0.149
479	0.169
480	0.18
481	0.252
482	0.413
483	0.582
484	0.247
485	0.209
486	0.137
487	0.083
488	0.065
489	0.033
490	0.03
491	0.022
492	0.038
493	0.049
494	0.104
495	0.144
496	0.101
497	0.068
498	0.041
499	0.024
500	0.017
501	0.026
502	0.026
503	0.052
504	0.068
505	0.14
506	0.207
507	0.423
508	0.353
509	0.236
510	0.138
511	0.071
512	0.061
513	0.035
514	0.049
515	0.043
516	0.115
517	0.132
518	0.271
519	1.007
520	0.386
521	0.809
522	0.292
523	0.257
524	0.452
525	0.174
526	0.109
527	0.131
528	0.135
529	0.181
530	0.139
531	0.209
532	0.211
533	0.083
534	0.099
535	0.157
536	0.19
537	0.211
538	0.121
539	0.073
540	0.044
541	0.018
542	0.008
543	0.006
544	0.005
545	0.006
546	0.005
547	0.011
548	0.016
549	0.012
550	0.007
551	0.005
552	0.007
553	0.013
554	0.032
555	0.052
556	0.081
557	0.083
558	0.038
559	0.012
560	0.016
561	0.019
562	0.023
563	0.023
564	0.028
565	0.043
566	0.039
567	0.039
568	0.038
569	0.034
570	0.027
571	0.055
572	0.051
573	0.035
574	0.051
575	0.059
576	0.093
577	0.128
578	0.381
579	0.261
580	0.145
581	0.134
582	0.116
583	0.137
584	0.143
585	0.121
586	0.073
587	0.067
588	0.042
589	0.04
590	0.029
591	0.028
592	0.034
593	0.026
594	0.026
595	0.059
596	0.071
597	0.071
598	0.121
599	0.116
600	0.125
