index	1ugy_A	1uld_A
1	0.519	nan
2	nan	0.029
3	nan	0.013
4	nan	0.011
5	nan	0.007
6	nan	0.007
7	nan	0.005
8	nan	0.006
9	0.821	0.006
10	0.494	0.006
11	0.616	0.005
12	0.421	0.008
13	0.492	0.007
14	0.721	0.011
15	nan	0.042
16	0.296	0.032
17	0.382	nan
18	0.256	nan
19	nan	0.008
20	nan	0.006
21	nan	0.009
22	nan	0.005
23	nan	0.008
24	nan	0.004
25	nan	0.005
26	nan	0.005
27	nan	0.005
28	nan	0.006
29	nan	0.006
30	nan	0.004
31	nan	0.009
32	nan	0.007
33	nan	0.009
34	nan	0.01
35	nan	0.035
36	0.16	0.04
37	0.192	0.009
38	nan	0.008
39	0.144	0.006
40	0.297	0.005
41	0.255	0.008
42	0.24	0.004
43	0.257	0.004
44	0.127	0.002
45	0.083	0.002
46	0.177	0.002
47	0.216	0.019
48	0.485	0.028
49	0.292	0.009
50	0.063	0.004
51	0.068	0.003
52	0.077	nan
53	0.141	0.002
54	0.179	0.003
55	0.318	0.003
56	0.212	0.004
57	0.14	0.004
58	0.113	0.004
59	0.137	0.006
60	nan	0.011
61	0.405	0.039
62	2.28	0.022
63	2.515	0.008
64	1.672	0.005
65	0.64	0.005
66	0.547	0.005
67	0.448	0.004
68	0.409	0.009
69	0.825	0.004
70	0.42	0.013
71	0.303	0.012
72	0.317	0.045
73	0.156	0.466
74	nan	0.09
75	0.413	0.261
76	1.32	nan
77	2.557	nan
78	3.722	0.047
79	0.316	0.06
80	0.452	0.129
81	0.523	0.026
82	0.653	0.014
83	0.459	0.017
84	0.43	0.02
85	0.377	0.015
86	0.426	nan
87	0.678	nan
88	0.52	0.008
89	1.061	0.026
90	1.259	0.027
91	0.373	0.009
92	0.414	0.01
93	nan	0.015
94	0.245	0.015
95	nan	0.011
96	nan	0.008
97	nan	0.008
98	0.327	0.013
99	0.401	0.006
100	0.318	0.007
101	0.552	0.006
102	0.418	0.006
103	0.134	0.004
104	0.152	0.007
105	0.445	0.015
106	0.487	nan
107	1.145	0.017
108	5.436	nan
109	4.085	nan
110	1.404	nan
111	0.385	nan
112	0.141	nan
113	0.086	nan
114	0.055	nan
115	0.086	nan
116	0.155	nan
117	nan	0.007
118	nan	0.005
119	0.286	0.005
120	0.238	0.006
121	0.228	0.009
122	0.216	0.009
123	0.672	0.009
124	1.247	0.017
125	2.065	0.045
126	0.543	0.094
127	0.445	0.018
128	0.519	0.014
129	0.28	0.01
130	0.264	0.01
131	0.11	0.009
132	nan	0.014
133	0.187	0.015
134	0.395	0.014
135	0.941	0.025
136	0.561	0.016
137	0.686	0.009
138	nan	0.002
139	0.925	0.003
140	1.555	0.005
141	1.342	0.004
142	1.096	0.005
143	0.759	0.004
144	0.92	0.005
145	6.446	0.006
146	11.471	0.035
147	nan	0.013
148	1.404	0.005
149	0.431	0.004
150	0.227	0.007
151	nan	0.007
152	nan	0.008
153	nan	0.005
154	0.165	0.007
155	0.18	0.006
156	0.28	0.007
157	0.436	0.006
158	0.542	0.006
159	0.185	0.009
160	0.1	0.012
161	0.217	nan
162	0.146	nan
163	0.077	nan
164	0.082	nan
165	0.099	nan
166	0.331	nan
167	0.833	0.015
168	0.82	0.051
169	0.735	0.218
170	0.356	1.385
171	0.632	2.852
172	1.228	9.716
173	3.36	34.103
174	nan	49.069
