index	1ugy_A	1uld_A
1	108205.132	nan
2	nan	72995.331
3	nan	85341.131
4	nan	90393.468
5	nan	98667.947
6	nan	136700.199
7	nan	106575.656
8	nan	134951.888
9	78229.099	98041.225
10	101269.947	94750.43
11	86882.904	111423.024
12	90920.34	122631.285
13	102238.168	93210.166
14	108476.342	116147.599
15	nan	64139.911
16	115096.117	75425.261
17	104724.149	nan
18	106778.248	nan
19	nan	112376.774
20	nan	131610.016
21	nan	117983.174
22	nan	117412.252
23	nan	103221.826
24	nan	147084.456
25	nan	147702.153
26	nan	165784.904
27	nan	151286.909
28	nan	136376.385
29	nan	117926.443
30	nan	157667.031
31	nan	109116.918
32	nan	130440.988
33	nan	109607.797
34	nan	103252.819
35	nan	90803.545
36	169936.206	62952.728
37	141132.251	132998.747
38	nan	139148.359
39	119415.001	130669.488
40	120913.438	150245.404
41	126885.127	139471.938
42	124599.136	126829.901
43	138426.808	144940.584
44	164821.88	144031.603
45	139095.306	160539.832
46	130048.511	154025.985
47	96830.481	107651.925
48	72216.514	91212.081
49	119402.758	101979.786
50	192065.216	137646.614
51	175542.949	158220.411
52	218402.629	nan
53	144613.914	159932.831
54	126280.565	153452.552
55	122063.236	133384.076
56	145173.973	140275.429
57	141218.238	147967.136
58	133640.64	144245.337
59	135699.543	120984.49
60	nan	126306.721
61	103259.316	91064.634
62	64719.125	72422.108
63	80825.283	101200.898
64	75537.308	127279.564
65	92201.638	137574.984
66	85763.36	134006.355
67	86440.151	121906.759
68	130796.093	131823.389
69	69712.141	160661.816
70	82494.698	113019.007
71	107140.074	107894.248
72	115395.097	87084.709
73	143155.625	55161.215
74	nan	81893.309
75	73449.835	73509.971
76	71331.016	nan
77	71646.034	nan
78	86080.699	72349.913
79	99106.385	97467.443
80	93853.754	59374.706
81	95006.849	78292.052
82	100478.029	81192.88
83	82384.82	80281.242
84	99444.296	95710.614
85	96229.283	102094.902
86	107857.321	nan
87	81544.346	nan
88	92433.082	101723.682
89	86742.362	95197.497
90	68421.919	69900.881
91	101232.144	113783.376
92	108730.74	110004.964
93	nan	89144.22
94	131762.025	100234.403
95	nan	92175.215
96	nan	109978.114
97	nan	141931.79
98	107286.477	143128.101
99	111781.3	130466.236
100	122975.648	134888.0
101	128442.29	149932.506
102	180040.194	143742.59
103	127978.691	148302.891
104	140879.778	94312.404
105	147821.285	107686.254
106	98763.23	nan
107	99258.23	78253.412
108	55977.161	nan
109	60473.309	nan
110	72080.297	nan
111	108020.345	nan
112	152767.158	nan
113	173078.688	nan
114	155592.145	nan
115	193900.523	nan
116	147281.143	nan
117	nan	106226.923
118	nan	131508.808
119	138888.851	125188.556
120	116183.667	135638.438
121	114115.039	111287.059
122	127495.695	120741.077
123	81895.928	110760.932
124	66987.559	76515.789
125	69474.564	92904.315
126	93770.074	64747.746
127	87173.934	94848.594
128	125284.018	100672.04
129	110102.99	83712.1
130	112152.041	98071.425
131	186801.301	96321.382
132	nan	107246.711
133	130657.86	80247.647
134	115150.402	99476.587
135	97925.848	68699.871
136	111795.924	91549.578
137	86253.175	120100.211
138	nan	178811.618
139	96371.86	151124.296
140	76436.188	165222.231
141	82912.553	149485.655
142	84288.304	164316.81
143	88779.042	127384.126
144	89105.147	120972.035
145	50246.35	143008.225
146	55304.284	69715.113
147	nan	96510.404
148	102163.904	153866.756
149	108339.683	145581.291
150	128395.021	136812.987
151	nan	140803.629
152	nan	123189.534
153	nan	124661.548
154	137944.125	153336.577
155	164925.338	129962.522
156	112980.507	142939.153
157	106742.715	117792.334
158	142886.155	138526.963
159	136542.512	108684.12
160	143670.982	124717.877
161	145185.35	nan
162	101115.284	nan
163	139131.961	nan
164	174353.674	nan
165	141364.929	nan
166	102457.018	nan
167	89259.842	87813.187
168	88275.936	79058.625
169	93525.733	63783.494
170	92682.356	42940.68
171	101439.731	45462.886
172	87839.536	42579.744
173	56771.808	33358.539
174	nan	28392.166
