index	1v6x_A_1	7c68_A_1
1	0.652	nan
2	0.208	nan
3	nan	11.271
4	nan	1.227
5	nan	0.426
6	nan	0.218
7	nan	0.105
8	nan	0.082
9	nan	0.076
10	nan	0.091
11	nan	0.097
12	nan	0.144
13	0.371	0.259
14	nan	0.104
15	nan	0.345
16	nan	0.258
17	nan	0.139
18	nan	0.153
19	0.159	0.174
20	0.079	0.154
21	0.053	0.141
22	0.084	0.167
23	0.073	0.202
24	0.057	0.206
25	nan	0.173
26	nan	0.288
27	nan	0.481
28	nan	0.309
29	0.092	0.262
30	0.23	0.69
31	nan	1.052
32	0.3	0.947
33	0.222	0.852
34	0.096	0.467
35	0.06	0.343
36	0.045	0.218
37	0.037	0.185
38	0.041	0.158
39	0.043	0.159
40	0.083	0.105
41	nan	0.159
42	nan	0.197
43	nan	0.211
44	nan	0.331
45	nan	0.19
46	0.151	0.131
47	0.202	0.192
48	0.437	0.249
49	0.302	0.189
50	0.322	0.153
51	0.747	0.182
52	0.418	0.219
53	0.379	0.168
54	0.403	nan
55	0.2	0.2
56	0.175	0.426
57	0.267	0.436
58	0.182	0.422
59	0.119	nan
60	0.176	nan
61	0.22	0.493
62	0.125	0.354
63	0.071	0.134
64	0.067	0.07
65	0.044	0.056
66	0.044	0.059
67	0.039	0.05
68	0.049	0.054
69	0.081	0.04
70	0.098	0.038
71	0.067	nan
72	0.053	nan
73	nan	0.076
74	nan	0.047
75	0.062	0.039
76	0.071	0.032
77	0.107	0.036
78	0.097	0.066
79	0.093	0.064
80	0.118	0.103
81	0.234	0.181
82	0.414	nan
83	nan	0.223
84	0.543	0.145
85	0.677	0.078
86	0.421	0.099
87	0.232	0.082
88	0.239	0.097
89	0.167	0.136
90	nan	0.153
91	nan	0.114
92	nan	0.105
93	nan	0.143
94	nan	0.229
95	nan	0.207
96	0.244	0.21
97	0.15	0.249
98	0.075	0.286
99	nan	0.4
100	nan	0.193
101	nan	0.128
102	0.106	0.224
103	0.14	0.196
104	0.093	0.178
105	0.091	0.09
106	0.155	0.086
107	0.152	0.097
108	0.09	0.058
109	0.128	0.048
110	0.256	0.059
111	0.249	0.055
112	nan	0.223
113	nan	2.337
114	nan	0.603
115	nan	2.688
116	nan	0.332
117	nan	0.069
118	nan	0.041
119	nan	0.037
120	nan	0.039
121	0.22	0.04
122	0.076	0.032
123	0.084	0.028
124	0.057	0.039
125	0.043	0.066
126	0.044	0.052
127	0.046	0.049
128	0.045	nan
129	0.045	0.057
130	0.058	0.048
131	0.109	nan
132	0.215	nan
133	0.362	nan
134	0.349	0.052
135	0.187	0.066
136	nan	0.05
137	0.261	0.08
138	0.585	0.134
139	0.606	0.089
140	0.316	0.093
141	0.452	0.162
142	0.676	0.182
143	0.494	0.143
144	0.421	0.23
145	nan	0.171
146	0.4	0.254
147	0.549	0.189
148	0.499	0.271
149	nan	0.159
150	nan	0.068
151	nan	0.083
152	nan	0.108
153	0.226	0.079
154	0.207	0.143
155	0.252	0.178
156	0.185	0.082
157	0.12	0.071
158	0.132	0.122
159	0.137	0.138
160	0.094	0.088
161	0.068	0.08
162	0.095	0.116
163	0.122	0.104
164	0.101	0.069
165	0.073	0.121
166	0.12	0.232
167	0.196	0.247
168	0.167	0.741
169	0.153	nan
170	nan	0.357
171	nan	0.257
172	nan	0.214
173	0.185	0.726
174	0.17	0.958
175	0.1	0.64
176	nan	0.513
177	0.075	0.509
178	0.045	0.231
179	0.033	0.085
180	0.021	0.066
181	0.027	0.046
182	0.036	0.041
183	0.049	nan
184	0.087	nan
185	0.148	0.053
186	0.126	0.082
187	0.222	0.045
188	0.443	0.045
189	0.831	0.071
190	0.644	0.106
191	0.592	0.083
192	0.159	nan
193	0.257	nan
194	0.223	nan
195	0.244	nan
196	0.407	nan
197	0.296	nan
198	0.3	nan
199	0.188	nan
200	0.189	nan
201	0.3	nan
202	0.281	nan
203	0.338	nan
204	0.351	nan
205	0.335	nan
206	0.155	0.087
207	0.125	0.059
208	0.137	0.048
209	0.12	0.05
210	0.068	0.06
211	0.058	0.075
212	0.094	0.069
213	0.097	0.051
214	0.069	0.047
215	0.104	0.032
216	0.163	0.028
217	0.118	0.036
218	0.16	0.043
219	0.189	0.053
220	nan	0.091
221	nan	0.049
222	0.188	0.108
223	0.11	0.095
224	0.063	0.108
225	0.032	0.348
226	0.029	0.724
227	0.03	2.383
228	nan	9.907
229	nan	4.483
230	nan	1.496
231	nan	0.251
232	nan	0.192
233	0.039	0.117
234	0.079	0.071
235	0.067	0.068
236	0.112	0.096
237	0.08	0.099
238	nan	0.133
239	nan	0.07
240	nan	0.037
241	nan	0.062
242	nan	0.062
243	nan	0.036
244	nan	0.049
245	nan	0.075
246	nan	0.098
247	nan	0.093
248	nan	0.09
249	0.105	0.092
250	0.125	0.099
251	0.149	0.063
252	0.426	nan
253	nan	0.104
254	nan	0.158
255	nan	0.127
256	nan	0.079
257	nan	0.063
258	nan	0.124
259	nan	0.161
260	nan	0.176
261	nan	0.07
262	nan	0.069
263	nan	0.107
264	nan	0.079
265	nan	0.07
266	nan	0.102
267	0.213	0.191
268	0.161	0.115
269	0.093	0.074
270	0.071	0.102
271	0.106	0.109
272	0.117	0.079
273	0.1	0.058
274	0.118	0.097
275	0.168	0.131
276	0.149	0.102
277	nan	0.07
278	nan	0.044
279	nan	0.044
280	nan	0.052
281	nan	0.079
282	nan	0.055
283	nan	0.105
284	0.115	0.08
285	0.157	0.063
286	0.189	0.051
287	0.129	0.093
288	0.183	0.113
289	0.45	0.086
290	0.563	0.08
291	0.409	0.087
292	0.174	nan
293	0.136	nan
294	0.105	nan
295	0.054	nan
296	0.045	nan
297	0.031	nan
298	0.032	nan
299	0.037	nan
300	0.037	nan
301	0.062	nan
302	0.086	nan
303	nan	0.192
304	0.12	0.211
305	0.265	0.28
306	0.704	0.323
307	1.336	1.417
308	0.408	0.672
309	0.349	0.241
310	0.29	0.104
311	0.287	0.102
312	0.292	0.116
313	0.158	0.311
314	0.096	nan
315	0.116	0.15
316	0.126	0.17
317	0.096	0.092
318	0.086	0.106
319	0.108	0.203
320	0.126	0.101
321	0.095	0.127
322	0.078	nan
323	0.175	nan
324	0.189	nan
325	nan	0.083
326	nan	0.07
327	nan	0.089
328	nan	0.072
329	nan	0.096
330	nan	0.106
331	nan	0.082
332	nan	0.08
333	nan	0.26
334	0.184	0.161
335	0.097	0.134
336	0.061	0.086
337	0.046	0.067
338	0.055	0.044
339	0.042	0.048
340	0.035	0.041
341	0.038	0.114
342	0.048	0.057
343	0.09	0.03
344	0.066	0.028
345	nan	0.033
346	0.103	0.055
347	0.126	0.048
348	nan	0.065
349	nan	0.099
350	nan	0.186
351	nan	0.155
352	0.082	0.738
353	nan	0.253
354	0.076	0.192
355	0.06	0.28
356	0.098	0.184
357	0.108	0.089
358	0.078	0.093
359	0.07	0.124
360	0.094	0.095
361	0.096	0.067
362	0.084	0.07
363	0.095	0.078
364	0.09	0.074
365	0.085	0.061
366	0.132	0.079
367	0.163	0.109
368	0.117	nan
369	0.227	nan
370	0.098	nan
371	0.057	nan
372	0.075	nan
373	0.083	nan
374	0.05	nan
375	0.041	nan
376	0.044	nan
377	0.049	nan
378	0.06	nan
379	0.096	nan
380	nan	0.171
381	nan	0.072
382	nan	0.048
383	nan	0.065
384	nan	0.079
385	0.069	0.069
386	0.085	0.048
387	0.147	0.075
388	0.155	0.1
389	0.136	0.074
390	0.516	0.041
391	0.317	0.057
392	0.162	nan
393	0.403	nan
394	0.194	nan
395	0.105	nan
396	0.058	nan
397	0.062	nan
398	0.08	nan
399	0.086	nan
400	0.119	nan
401	0.242	nan
402	0.373	nan
403	0.184	nan
404	0.173	nan
405	0.11	nan
406	0.079	nan
407	0.046	nan
408	0.049	nan
409	0.057	nan
410	0.058	nan
411	0.059	nan
412	nan	0.046
413	nan	0.038
414	nan	0.039
415	0.061	0.063
416	0.064	0.14
417	0.071	0.225
418	0.067	0.106
419	0.084	0.168
420	0.132	0.372
421	0.228	0.342
422	0.227	nan
423	0.486	nan
424	1.887	nan
425	1.984	nan
426	1.974	nan
427	0.775	nan
428	0.659	nan
429	0.973	nan
430	0.337	nan
431	0.214	nan
432	0.229	nan
433	0.181	nan
434	0.119	nan
435	0.139	nan
436	0.127	nan
437	0.256	nan
438	0.364	nan
439	0.383	nan
440	0.345	nan
441	0.226	nan
442	0.124	nan
443	0.094	nan
444	0.14	nan
445	0.163	nan
446	0.46	nan
447	0.961	nan
448	0.582	nan
449	0.772	nan
450	0.917	nan
451	0.856	nan
452	0.499	nan
453	0.44	nan
454	0.33	nan
455	0.15	nan
456	0.133	nan
457	0.129	nan
458	0.131	nan
459	0.253	nan
460	0.502	nan
461	0.57	nan
462	1.749	nan
463	1.433	nan
464	0.96	0.29
465	0.392	0.378
466	0.269	0.174
467	0.161	nan
468	0.152	nan
469	0.102	nan
470	0.139	nan
471	0.117	nan
472	0.138	nan
473	0.107	nan
474	0.101	nan
475	0.062	nan
476	0.065	nan
477	0.056	nan
478	0.101	nan
479	0.158	nan
480	0.516	nan
481	0.613	nan
482	0.656	nan
483	0.187	nan
484	0.088	nan
485	0.061	nan
486	0.091	nan
487	0.126	nan
488	0.357	nan
489	0.484	0.269
490	0.46	0.446
491	0.638	0.245
492	0.428	0.237
493	0.393	0.172
494	0.251	0.095
495	0.175	nan
496	0.089	nan
497	0.101	nan
498	0.106	nan
499	0.237	nan
500	0.402	nan
501	0.362	nan
502	0.885	nan
503	0.393	nan
504	nan	0.101
505	nan	0.097
506	nan	0.083
507	nan	0.125
508	nan	0.153
509	0.361	0.095
510	0.134	0.095
511	0.115	0.182
512	0.071	0.101
513	0.051	0.06
514	0.042	0.094
515	0.059	0.153
516	0.089	0.216
517	nan	0.208
518	0.141	0.072
519	0.263	0.08
520	nan	0.049
521	0.321	0.072
522	0.141	0.058
523	0.104	nan
524	0.063	nan
525	0.067	nan
526	nan	0.087
527	nan	0.069
528	nan	0.055
529	nan	0.075
530	nan	0.097
531	nan	0.068
532	nan	0.052
533	nan	0.05
534	nan	0.067
535	nan	0.075
536	nan	0.064
537	nan	0.064
538	nan	0.083
539	nan	0.076
540	nan	0.067
541	nan	0.103
542	0.048	0.099
543	0.072	0.098
544	0.129	0.195
545	0.201	0.362
546	0.155	0.44
547	0.132	0.342
548	0.074	0.224
549	0.067	nan
550	0.112	nan
551	0.133	nan
552	0.309	nan
553	0.844	nan
554	0.489	nan
555	0.503	nan
556	0.561	nan
557	0.73	nan
558	0.484	nan
559	0.424	nan
560	0.274	nan
561	0.174	nan
562	0.108	nan
563	0.108	nan
564	0.102	nan
565	0.204	nan
566	0.38	nan
567	0.39	nan
568	0.801	nan
569	0.616	nan
570	0.553	0.325
571	0.304	0.306
572	0.208	0.317
573	0.121	0.202
574	0.114	0.112
575	0.132	0.12
576	0.231	nan
577	0.264	nan
578	0.487	nan
579	nan	0.158
580	nan	0.105
581	nan	0.066
582	nan	0.096
583	nan	0.128
584	nan	0.085
585	nan	0.072
586	nan	0.138
587	nan	0.138
588	nan	0.071
589	nan	0.088
590	nan	0.138
591	nan	0.096
592	nan	0.109
593	nan	0.397
594	nan	0.723
