index	1v6x_A_1	7c68_A_1
1	78674.641	nan
2	97389.773	nan
3	nan	35646.125
4	nan	68221.245
5	nan	99769.861
6	nan	128134.42
7	nan	116415.238
8	nan	150801.811
9	nan	118447.582
10	nan	140073.861
11	nan	119395.316
12	nan	115596.378
13	85535.397	118257.902
14	nan	135204.77
15	nan	125723.121
16	nan	96812.641
17	nan	123137.262
18	nan	126817.132
19	114479.736	86134.639
20	147127.586	116314.824
21	187644.737	121949.587
22	142387.576	105334.364
23	168482.094	102316.402
24	178642.521	111209.844
25	nan	125937.199
26	nan	108720.665
27	nan	88670.016
28	nan	105187.192
29	139141.718	115590.233
30	91580.879	75045.097
31	nan	75007.26
32	101908.544	70565.627
33	99145.392	97495.797
34	112321.872	106930.893
35	131625.549	93497.665
36	146753.79	127264.127
37	217295.551	90781.966
38	167420.138	121354.682
39	178114.503	103181.732
40	151082.551	117361.401
41	nan	106094.6
42	nan	94588.274
43	nan	82491.967
44	nan	105865.92
45	nan	82724.186
46	142531.066	132387.124
47	120672.665	95706.459
48	87009.3	91623.102
49	91198.659	102449.618
50	103582.827	136502.738
51	84166.044	118494.707
52	76304.244	96953.845
53	77378.504	135891.23
54	99397.822	nan
55	109307.305	145400.285
56	119767.922	85397.306
57	92246.114	79223.732
58	111633.272	112004.186
59	157116.565	nan
60	126405.056	nan
61	87171.168	83716.763
62	127038.199	130256.026
63	146601.053	128996.392
64	154547.934	145326.491
65	154847.967	160712.403
66	183431.733	162516.058
67	168824.902	137584.71
68	195164.178	147210.849
69	121081.48	175017.611
70	114249.404	166776.935
71	137717.196	nan
72	155601.673	nan
73	nan	157334.008
74	nan	137481.02
75	140155.47	190473.104
76	158950.596	199301.255
77	124095.731	180081.087
78	144500.898	151553.072
79	154900.513	165909.811
80	135893.673	134286.928
81	114269.343	93671.72
82	83663.933	nan
83	nan	108245.824
84	82123.397	126523.745
85	92741.521	144977.641
86	72981.824	122122.393
87	100993.722	119348.369
88	103490.768	146498.967
89	101389.254	112012.22
90	nan	89089.543
91	nan	141003.249
92	nan	147734.618
93	nan	92013.776
94	nan	101738.749
95	nan	115119.326
96	86472.869	110494.01
97	120757.796	124733.596
98	165784.799	85385.496
99	nan	70587.972
100	nan	129607.609
101	nan	107877.131
102	106763.591	95271.182
103	95793.762	80571.649
104	157391.647	122714.232
105	123045.471	151752.155
106	102833.442	113530.757
107	92359.114	112650.417
108	168828.68	176260.175
109	107076.294	176166.262
110	74167.716	143204.582
111	92402.859	146058.002
112	nan	94504.956
113	nan	73255.945
114	nan	94680.794
115	nan	48210.026
116	nan	88324.052
117	nan	161686.742
118	nan	168511.074
119	nan	207119.692
120	nan	186106.696
121	113378.533	184389.194
122	123295.006	137319.091
123	118578.008	150397.838
124	155086.008	181671.722
125	133035.128	143000.072
126	185355.675	160847.365
127	134549.774	135855.35
128	159536.673	nan
129	156065.011	186444.308
130	183128.838	130261.23
131	105141.456	nan
132	100393.313	nan
133	87786.76	nan
134	82581.103	133002.345
135	116286.677	136435.404
136	nan	137052.054
137	112592.907	126438.929
138	90628.401	105960.579
139	71574.096	170252.237
140	120609.292	146568.29
141	93451.352	94685.14
142	74356.419	111372.103
143	92354.18	136250.626
144	103598.135	107772.426
145	nan	123729.043
146	116439.049	92848.087
147	88117.702	118276.741
148	91554.808	90975.362
149	nan	96612.056
150	nan	134838.577
151	nan	126691.425
152	nan	131595.745
153	131394.2	128886.476
154	119213.26	102402.819
155	96870.26	82491.913
156	137504.601	135324.022
157	133495.259	123699.03
158	132732.123	110092.258
159	114972.351	116095.296
160	137157.598	166292.363
161	162602.806	136122.475
162	124547.947	127343.783
163	137124.069	107778.687
164	146741.193	159600.392
165	140936.979	117241.194
166	121922.427	98421.24
167	82847.502	117119.398
168	103185.191	81990.659
169	103516.679	nan
170	nan	100347.857
171	nan	99352.463
172	nan	124578.781
173	112218.539	81002.878
174	85445.73	68099.616
175	131849.148	87527.317
176	nan	67292.461
177	137388.402	96744.128
178	136072.799	111095.523
179	138701.967	141259.632
180	171112.439	170915.718
181	182020.012	164081.901
182	159592.261	146772.912
183	137714.941	nan
184	113598.496	nan
185	153293.558	163152.584
186	125892.093	157149.579
187	130690.904	167187.571
188	94541.418	206083.669
189	68972.034	125596.508
190	99333.655	109508.833
191	83051.389	140923.325
192	147676.788	nan
193	131101.919	nan
194	102571.444	nan
195	96893.066	nan
196	77867.777	nan
197	105065.748	nan
198	110473.89	nan
199	142184.386	nan
200	120496.9	nan
201	88345.351	nan
202	118331.542	nan
203	109655.55	nan
204	80135.392	nan
205	81875.936	nan
206	105502.154	103776.794
207	133288.208	128826.224
208	108485.369	166697.505
209	113074.191	141255.749
210	169655.441	122744.438
211	137044.369	131111.254
212	105694.778	162218.866
213	131836.742	168891.501
214	180299.972	169963.978
215	107995.863	137260.657
216	105233.763	185131.726
217	140340.645	131995.216
218	125436.366	185014.524
219	98272.451	160951.258
220	nan	140128.485
221	nan	170483.207
222	100571.672	122298.789
223	150860.003	130959.913
224	121098.372	128384.021
225	161283.29	83900.638
226	175268.353	76046.108
227	137768.888	70968.97
228	nan	48444.198
229	nan	54949.667
230	nan	65553.584
231	nan	96559.591
232	nan	119925.134
233	152020.19	154146.599
234	140362.318	154555.65
235	102411.276	158983.465
236	125988.14	139242.864
237	150988.938	123898.94
238	nan	96615.259
239	nan	122086.497
240	nan	177097.855
241	nan	149519.501
242	nan	117860.999
243	nan	187127.49
244	nan	153131.19
245	nan	119755.03
246	nan	107019.899
247	nan	120493.357
248	nan	142768.254
249	144502.568	120251.284
250	127454.305	119488.131
251	94169.203	166607.999
252	78296.6	nan
253	nan	108533.454
254	nan	83119.609
255	nan	124344.855
256	nan	117189.927
257	nan	153928.688
258	nan	124636.847
259	nan	122010.113
260	nan	82763.738
261	nan	154608.479
262	nan	143386.102
263	nan	105063.932
264	nan	118221.993
265	nan	130282.193
266	nan	132580.455
267	86706.243	105998.122
268	136365.008	97680.915
269	137145.848	149596.838
270	156305.468	116883.115
271	109754.078	117798.624
272	147640.459	122816.869
273	141733.658	141317.204
274	111559.981	133685.735
275	95732.541	125749.077
276	98730.466	172091.154
277	nan	126104.931
278	nan	164136.662
279	nan	198424.257
280	nan	152342.437
281	nan	122238.819
282	nan	149275.711
283	nan	131551.081
284	138414.416	171248.977
285	97389.195	159763.827
286	92694.959	117640.727
287	109842.757	132942.749
288	108695.817	136306.115
289	74181.349	125721.765
290	59449.408	124659.443
291	92231.622	155338.693
292	102663.865	nan
293	118265.039	nan
294	136815.386	nan
295	125472.255	nan
296	159485.956	nan
297	166294.481	nan
298	209583.802	nan
299	138773.896	nan
300	131685.695	nan
301	159865.652	nan
302	118454.998	nan
303	nan	93972.692
304	119457.685	117500.99
305	106583.949	105323.788
306	70110.622	89145.581
307	61737.2	68852.463
308	91795.781	78016.369
309	100239.556	122121.684
310	98784.904	157454.241
311	90745.469	120521.85
312	90804.972	134430.44
313	94405.136	81574.354
314	125241.754	nan
315	116022.724	100369.411
316	106720.623	111985.789
317	140691.772	161332.761
318	154662.513	142763.181
319	116188.636	77082.004
320	110198.86	106328.895
321	127020.599	120734.272
322	148214.14	nan
323	96557.475	nan
324	96086.35	nan
325	nan	151924.364
326	nan	135050.435
327	nan	155855.06
328	nan	148593.058
329	nan	126342.786
330	nan	144507.509
331	nan	147470.34
332	nan	170698.984
333	nan	97216.454
334	117159.164	87671.27
335	128304.174	126293.021
336	128226.667	106959.703
337	168585.315	124702.188
338	194653.645	162589.408
339	158968.333	135574.209
340	169015.517	131792.958
341	137507.557	185323.37
342	147844.157	194270.597
343	155162.418	159704.483
344	150588.184	167947.365
345	nan	161218.119
346	122263.593	201907.906
347	146315.641	161127.396
348	nan	136865.671
349	nan	114700.968
350	nan	86574.423
351	nan	128011.657
352	175243.496	68597.915
353	nan	97928.328
354	149413.967	101585.342
355	163313.331	82890.633
356	124298.242	100163.521
357	134799.32	155694.727
358	136467.19	121875.589
359	159644.893	103716.0
360	130064.486	131000.39
361	148049.042	149988.395
362	157268.421	132864.618
363	127134.258	110729.257
364	134518.226	136726.916
365	159167.534	191515.942
366	125172.446	161981.878
367	107575.438	115442.295
368	122158.137	nan
369	95561.515	nan
370	104180.109	nan
371	160642.949	nan
372	127915.15	nan
373	206250.8	nan
374	153647.035	nan
375	172607.797	nan
376	165839.643	nan
377	120858.4	nan
378	193561.948	nan
379	160390.898	nan
380	nan	83917.819
381	nan	144403.067
382	nan	150321.067
383	nan	150162.491
384	nan	107764.438
385	137020.824	124402.317
386	151050.048	172172.724
387	111109.017	112435.077
388	120261.014	119790.126
389	142208.304	145445.94
390	68231.871	174563.369
391	87360.112	141294.977
392	118645.822	nan
393	88897.763	nan
394	101904.554	nan
395	138294.58	nan
396	170656.008	nan
397	163093.42	nan
398	153519.246	nan
399	131315.826	nan
400	122024.948	nan
401	122534.652	nan
402	69450.838	nan
403	126754.46	nan
404	116129.289	nan
405	117141.104	nan
406	143764.832	nan
407	194652.134	nan
408	190156.16	nan
409	120576.351	nan
410	147359.93	nan
411	176462.159	nan
412	nan	151512.358
413	nan	170046.151
414	nan	192376.07
415	165568.109	153709.654
416	152032.498	101709.284
417	140488.251	96319.442
418	162493.912	145791.91
419	152648.338	94969.039
420	120667.549	87432.269
421	112775.63	89260.699
422	129807.316	nan
423	94709.283	nan
424	61911.0	nan
425	57938.298	nan
426	58907.349	nan
427	85566.089	nan
428	93249.558	nan
429	70895.395	nan
430	110465.412	nan
431	126996.554	nan
432	143314.548	nan
433	120433.371	nan
434	131898.96	nan
435	129093.589	nan
436	195942.436	nan
437	114558.385	nan
438	131502.025	nan
439	127499.785	nan
440	131016.61	nan
441	120493.831	nan
442	161873.114	nan
443	157402.095	nan
444	153042.939	nan
445	154983.97	nan
446	112087.397	nan
447	63603.719	nan
448	104081.069	nan
449	94710.248	nan
450	93044.259	nan
451	78934.738	nan
452	92825.8	nan
453	114837.823	nan
454	114007.258	nan
455	121360.777	nan
456	157965.866	nan
457	146795.25	nan
458	170407.192	nan
459	116949.709	nan
460	92320.919	nan
461	104875.245	nan
462	68014.796	nan
463	71149.113	nan
464	95204.344	77951.358
465	101542.068	105742.291
466	133739.51	113514.282
467	142317.219	nan
468	131342.23	nan
469	121900.556	nan
470	141634.437	nan
471	115171.597	nan
472	123486.484	nan
473	117369.717	nan
474	147941.642	nan
475	188321.68	nan
476	139532.722	nan
477	149969.818	nan
478	131270.616	nan
479	154478.478	nan
480	85961.284	nan
481	100536.859	nan
482	81096.263	nan
483	127751.382	nan
484	166856.978	nan
485	157193.465	nan
486	153561.146	nan
487	178695.51	nan
488	114772.957	nan
489	113375.628	92019.868
490	102455.015	70758.97
491	112480.46	92148.632
492	95002.098	84706.128
493	120289.763	113092.291
494	127844.945	139165.447
495	124188.412	nan
496	165671.663	nan
497	144001.948	nan
498	159624.525	nan
499	114381.115	nan
500	108802.444	nan
501	110731.443	nan
502	57851.093	nan
503	115706.352	nan
504	nan	98502.781
505	nan	129083.051
506	nan	139827.715
507	nan	119550.317
508	nan	84521.062
509	105680.669	145335.071
510	115997.521	134669.366
511	145820.873	73470.34
512	155598.047	95426.023
513	157799.418	158984.903
514	137466.395	94592.634
515	138611.931	116656.023
516	139357.067	91468.026
517	nan	106744.975
518	123109.908	157492.307
519	119912.556	138407.777
520	nan	153857.366
521	82288.928	169127.27
522	145192.23	123602.204
523	145636.088	nan
524	137265.704	nan
525	154676.721	nan
526	nan	159486.201
527	nan	137839.478
528	nan	155039.884
529	nan	131276.065
530	nan	119340.757
531	nan	131151.723
532	nan	172520.779
533	nan	151310.649
534	nan	112546.109
535	nan	128128.644
536	nan	146919.554
537	nan	168029.954
538	nan	100902.337
539	nan	165258.795
540	nan	129851.335
541	nan	122466.461
542	197960.516	125377.16
543	155901.774	144526.187
544	117587.699	125938.573
545	138721.875	66166.973
546	148119.221	92965.423
547	138018.019	74518.164
548	161915.058	119563.868
549	156730.415	nan
550	158543.713	nan
551	191878.058	nan
552	123002.055	nan
553	86951.475	nan
554	121725.861	nan
555	134517.718	nan
556	117016.732	nan
557	104377.445	nan
558	94770.895	nan
559	120025.891	nan
560	131217.799	nan
561	130370.352	nan
562	147349.47	nan
563	145717.058	nan
564	168945.654	nan
565	120068.871	nan
566	106967.141	nan
567	106786.49	nan
568	83830.334	nan
569	82849.135	nan
570	113939.866	88840.252
571	115846.59	79867.458
572	155032.748	71151.787
573	160034.014	109350.135
574	128596.918	134292.215
575	116022.14	112434.184
576	118752.951	nan
577	102632.818	nan
578	92276.582	nan
579	nan	93552.478
580	nan	122589.803
581	nan	138017.629
582	nan	114423.757
583	nan	96108.327
584	nan	163708.949
585	nan	147805.364
586	nan	110421.622
587	nan	124675.962
588	nan	150858.824
589	nan	129585.324
590	nan	87808.609
591	nan	136311.463
592	nan	124025.162
593	nan	73271.736
594	nan	65358.192
