index	6jys_A	6orh_A
1	2.511	nan
2	0.55	nan
3	0.595	nan
4	0.152	nan
5	nan	16.791
6	0.206	2.041
7	0.141	1.486
8	0.172	0.315
9	0.121	nan
10	0.156	nan
11	0.059	nan
12	0.06	nan
13	0.077	0.169
14	0.071	0.199
15	0.047	0.132
16	0.025	0.103
17	0.018	0.114
18	0.017	0.177
19	0.022	0.161
20	nan	0.111
21	0.031	0.073
22	0.042	0.076
23	0.056	nan
24	0.035	nan
25	0.027	nan
26	0.039	nan
27	0.066	nan
28	0.039	nan
29	nan	0.092
30	nan	0.074
31	nan	0.065
32	0.045	0.094
33	0.052	0.086
34	0.095	0.055
35	0.101	0.047
36	0.248	0.037
37	1.328	nan
38	1.159	nan
39	0.184	0.031
40	0.126	0.031
41	0.055	0.036
42	0.057	0.042
43	0.037	0.059
44	0.022	0.069
45	0.017	0.052
46	nan	0.053
47	nan	0.044
48	nan	0.086
49	nan	0.133
50	nan	0.136
51	nan	0.179
52	0.02	0.186
53	0.018	0.252
54	0.022	0.121
55	0.024	0.137
56	0.035	0.087
57	nan	0.289
58	nan	0.238
59	nan	0.266
60	nan	0.135
61	nan	0.147
62	nan	0.18
63	nan	0.105
64	nan	0.112
65	nan	0.114
66	0.043	0.253
67	0.03	0.155
68	0.046	0.098
69	0.038	0.12
70	0.035	0.081
71	0.018	0.069
72	0.02	nan
73	nan	0.077
74	nan	0.072
75	nan	0.051
76	nan	0.071
77	nan	0.079
78	nan	0.057
79	nan	0.066
80	0.02	0.126
81	0.057	0.106
82	0.072	0.12
83	0.069	0.06
84	0.046	0.055
85	0.059	0.042
86	0.034	nan
87	0.02	nan
88	0.022	0.031
89	0.028	0.026
90	0.036	0.03
91	0.037	0.029
92	0.025	0.039
93	0.029	0.035
94	0.033	nan
95	0.056	nan
96	0.109	nan
97	0.129	nan
98	0.767	nan
99	0.361	nan
100	0.564	0.042
101	0.146	0.042
102	0.032	0.043
103	0.045	0.037
104	0.029	0.048
105	0.026	nan
106	0.022	nan
107	0.023	nan
108	0.033	nan
109	0.036	nan
110	0.037	0.039
111	0.05	0.041
112	0.201	0.058
113	0.129	0.094
114	0.243	0.177
115	0.184	0.4
116	nan	0.3
117	nan	0.34
118	0.1	0.27
119	nan	0.119
120	0.194	0.059
121	0.143	0.057
122	0.283	0.099
123	0.23	0.136
124	0.317	0.095
125	nan	0.134
126	0.061	0.142
127	0.035	0.192
128	0.027	nan
129	0.031	0.224
130	nan	0.134
131	nan	0.224
132	nan	0.179
133	nan	0.079
134	nan	0.062
135	nan	0.059
136	nan	0.053
137	nan	0.059
138	nan	0.042
139	nan	0.04
140	nan	0.066
141	nan	0.053
142	nan	0.039
143	nan	0.06
144	nan	0.119
145	0.019	0.122
146	0.022	0.113
147	0.027	0.057
148	0.035	0.042
149	0.034	0.03
150	0.032	0.023
151	0.028	0.028
152	0.029	0.032
153	0.024	0.038
154	0.024	0.052
155	0.025	0.078
156	0.034	0.074
157	0.029	0.059
158	0.033	0.081
159	0.058	nan
160	0.103	nan
161	0.527	nan
162	0.93	nan
163	nan	0.091
164	nan	0.15
165	nan	0.421
166	nan	0.171
167	2.343	0.154
168	8.295	0.249
169	9.374	0.357
170	10.73	0.807
171	4.076	0.271
172	nan	0.185
173	3.093	0.283
174	5.08	0.213
175	1.038	0.108
176	0.341	0.119
177	0.207	0.139
178	0.078	0.12
179	0.049	0.1
180	0.032	nan
181	0.029	nan
182	0.024	nan
183	0.026	nan
184	nan	0.094
185	nan	0.098
186	nan	0.08
187	nan	0.074
188	nan	0.084
189	nan	0.102
190	0.03	0.088
191	0.03	0.081
192	0.076	0.127
193	0.053	0.139
194	0.069	0.123
195	0.037	0.161
196	0.018	0.055
197	0.019	0.036
198	0.016	nan
199	nan	0.051
200	nan	0.14
201	nan	0.074
202	0.02	0.078
203	nan	0.055
204	0.031	0.045
205	0.031	0.045
206	0.025	0.039
207	nan	0.048
208	nan	0.055
209	0.022	0.107
210	0.019	0.234
211	0.018	0.294
212	0.025	0.42
213	0.049	0.668
214	0.107	3.26
215	0.115	3.495
216	0.112	0.599
217	nan	0.511
218	nan	0.662
219	nan	0.311
220	0.247	0.545
221	0.134	0.316
222	0.174	0.239
223	0.099	0.217
224	0.071	0.271
225	0.081	0.207
226	0.049	nan
227	0.054	nan
228	0.035	nan
229	0.036	nan
230	nan	0.126
231	nan	0.132
232	nan	0.16
233	nan	0.123
234	nan	0.089
235	nan	0.109
236	nan	0.168
237	nan	0.135
238	nan	0.118
239	0.037	0.129
240	0.042	nan
241	0.047	0.225
242	0.045	0.078
243	0.027	0.054
244	0.045	0.043
245	0.07	0.036
246	0.251	0.066
247	1.261	0.095
248	0.863	0.1
249	0.133	0.142
250	0.124	0.076
251	0.052	0.043
252	0.051	nan
253	0.044	nan
254	0.057	nan
255	0.048	0.037
256	0.042	0.043
257	0.049	nan
258	0.043	0.054
259	0.027	0.03
260	0.028	0.062
261	0.048	0.155
262	0.391	0.095
263	0.456	0.089
264	0.324	0.04
265	0.323	0.057
266	nan	0.051
267	nan	0.051
268	nan	0.111
269	nan	0.06
270	nan	0.039
271	nan	0.036
272	nan	0.042
273	nan	0.038
274	nan	0.051
275	nan	0.1
276	nan	0.118
277	nan	0.278
278	nan	0.227
279	nan	0.13
280	0.127	0.135
281	0.104	0.364
282	0.063	0.464
283	0.069	0.229
284	0.048	0.146
285	0.12	0.13
286	0.069	0.123
287	0.139	nan
288	0.149	nan
289	0.134	nan
290	nan	0.073
291	nan	0.038
292	nan	0.041
293	nan	0.041
294	0.557	0.045
295	0.241	0.075
296	0.651	0.205
297	0.219	0.263
298	0.052	0.071
299	0.035	0.11
300	0.024	0.085
301	0.021	0.053
302	0.027	0.041
303	nan	0.031
304	0.02	0.029
305	0.026	0.036
306	0.034	0.03
307	0.045	0.04
308	0.071	0.059
309	0.056	0.038
310	0.059	0.068
311	0.106	0.095
312	nan	0.202
313	nan	0.135
314	nan	0.073
315	0.124	0.045
316	0.186	0.057
317	0.344	0.161
318	2.501	0.563
319	10.429	nan
320	1.233	nan
321	0.493	0.929
322	0.087	0.359
323	0.062	0.415
324	0.042	0.098
325	0.027	0.188
326	0.023	0.169
327	0.021	0.151
328	0.025	nan
329	nan	0.173
330	nan	0.127
331	nan	0.085
332	nan	0.091
333	nan	0.091
334	nan	0.067
335	nan	0.057
336	nan	0.05
337	0.017	0.038
338	nan	0.027
339	nan	0.026
340	nan	0.029
341	nan	0.029
342	nan	0.033
343	nan	0.031
344	nan	0.033
345	nan	0.033
346	nan	0.03
347	nan	0.035
348	nan	0.031
349	nan	0.044
350	nan	0.032
351	nan	0.049
352	nan	0.063
353	nan	0.102
354	nan	0.076
355	nan	0.049
356	nan	0.075
357	nan	0.071
358	nan	0.132
359	nan	0.201
360	nan	0.167
361	nan	0.087
362	nan	0.099
363	nan	0.137
364	nan	0.104
365	0.02	0.089
366	0.036	0.096
367	0.029	0.115
368	0.027	0.107
369	0.038	0.112
370	0.035	0.144
371	0.026	0.151
372	0.041	0.161
373	0.095	0.215
374	0.097	0.185
375	0.055	0.138
376	0.089	nan
377	0.115	nan
378	nan	0.215
379	nan	0.533
380	nan	0.374
381	nan	0.127
382	nan	0.118
383	nan	0.081
384	nan	0.14
385	nan	0.167
386	nan	0.141
387	nan	0.148
388	nan	0.133
389	nan	0.173
390	nan	0.201
391	nan	0.264
392	nan	0.17
393	nan	0.253
394	nan	0.532
395	nan	0.594
396	nan	0.724
397	nan	0.15
398	nan	0.154
399	nan	0.107
400	nan	0.12
401	nan	0.088
402	0.184	0.06
403	0.224	0.088
404	0.117	0.198
405	nan	0.469
406	nan	0.498
407	nan	0.623
408	nan	0.832
409	nan	0.268
410	nan	0.091
411	nan	0.065
412	nan	0.116
413	nan	0.139
414	nan	0.259
415	nan	0.404
416	nan	0.856
417	nan	0.341
418	0.076	0.193
419	0.036	0.154
420	0.032	0.12
421	nan	0.102
422	nan	0.104
423	nan	0.107
424	nan	0.137
425	nan	0.156
426	nan	0.546
427	nan	0.779
428	nan	0.277
429	nan	0.347
430	nan	0.223
431	nan	0.118
432	nan	0.122
433	nan	0.074
434	0.032	0.054
435	0.039	0.056
436	0.047	0.045
437	0.04	0.042
438	0.074	0.04
439	0.123	0.091
440	0.429	0.057
441	1.377	0.129
442	1.278	0.128
443	nan	0.065
444	nan	0.061
445	nan	0.086
446	nan	0.054
447	nan	0.052
448	nan	0.065
449	nan	0.108
450	nan	0.124
451	nan	0.096
452	nan	0.106
453	nan	0.121
454	nan	0.283
455	nan	0.819
456	nan	4.525
457	0.607	2.806
458	0.426	1.452
459	0.134	0.513
460	0.14	0.586
461	0.125	0.276
462	0.05	0.151
463	0.043	0.166
464	nan	0.153
465	0.023	0.184
466	0.021	0.051
467	nan	0.045
468	0.027	0.039
469	0.035	0.037
470	0.04	0.036
471	0.032	0.032
472	0.031	0.028
473	0.026	0.038
474	0.022	nan
475	0.035	0.084
476	0.05	nan
477	0.11	nan
478	0.215	nan
479	0.221	nan
480	0.17	nan
481	0.199	nan
482	nan	0.114
483	0.108	0.169
484	0.158	0.43
485	0.628	0.223
486	0.405	0.368
487	0.245	0.236
488	0.299	0.267
489	0.171	0.233
490	0.087	nan
491	0.093	0.148
492	0.067	0.118
493	0.084	0.101
494	0.075	0.074
495	0.104	0.09
496	0.17	0.066
497	0.073	0.098
498	nan	0.093
499	0.129	0.089
500	0.2	0.143
501	0.377	0.171
502	0.482	0.226
503	0.387	0.111
504	0.347	0.073
505	0.143	0.045
506	0.209	0.053
507	0.17	0.061
508	0.215	0.055
509	nan	0.082
510	nan	0.058
511	nan	0.08
512	nan	0.124
513	nan	0.257
514	nan	0.708
