index	6jys_A	6orh_A
1	44041.658	nan
2	59375.822	nan
3	81908.963	nan
4	101278.709	nan
5	nan	27963.242
6	97342.571	63720.264
7	100533.829	52871.813
8	87056.614	92457.933
9	74886.307	nan
10	95128.313	nan
11	121253.4	nan
12	127170.55	nan
13	110182.015	95322.484
14	85799.096	139406.406
15	120246.827	120122.436
16	152608.598	114185.764
17	172290.889	130764.915
18	204327.515	102765.805
19	148841.87	76638.741
20	nan	111484.559
21	141547.735	129685.228
22	141004.424	120401.214
23	115741.89	nan
24	124998.705	nan
25	147998.571	nan
26	102605.385	nan
27	110216.636	nan
28	130056.191	nan
29	nan	109675.788
30	nan	113834.627
31	nan	138780.831
32	110493.734	108146.745
33	143726.75	98786.949
34	147013.529	124630.078
35	117563.611	139948.425
36	99646.994	179790.402
37	59969.704	nan
38	52727.025	nan
39	81590.016	180747.296
40	95668.644	135340.952
41	124893.268	150335.385
42	117993.953	130967.634
43	153117.966	133466.152
44	158101.951	196431.321
45	173563.38	157189.011
46	nan	143669.465
47	nan	155668.454
48	nan	111088.886
49	nan	90413.715
50	nan	98906.853
51	nan	91252.038
52	236330.087	87086.465
53	148531.554	80283.759
54	167464.084	141315.941
55	147777.911	96270.721
56	155018.444	136659.304
57	nan	69907.292
58	nan	100060.193
59	nan	86443.114
60	nan	130190.008
61	nan	89472.542
62	nan	88306.429
63	nan	128239.565
64	nan	119898.25
65	nan	131710.398
66	134793.977	92010.424
67	160593.013	77136.37
68	99368.582	109147.418
69	123311.148	95199.157
70	121654.391	148074.785
71	182939.776	101017.195
72	165032.348	nan
73	nan	102165.958
74	nan	119041.879
75	nan	165058.459
76	nan	100043.481
77	nan	124423.226
78	nan	147046.357
79	nan	122707.926
80	175237.063	89810.917
81	122143.789	121312.622
82	108622.34	132987.042
83	99028.771	122451.804
84	140514.278	124140.462
85	102338.441	152747.031
86	154182.567	nan
87	155582.26	nan
88	152165.457	168071.322
89	157656.353	157838.106
90	129542.295	157876.864
91	122945.882	155786.714
92	178885.357	159162.522
93	111470.86	150493.598
94	151793.404	nan
95	112529.183	nan
96	120728.792	nan
97	97400.75	nan
98	59900.564	nan
99	75441.927	nan
100	66162.603	141671.608
101	75625.826	138315.413
102	140257.424	147696.552
103	119682.628	184217.817
104	146129.974	139914.735
105	153581.975	nan
106	161614.568	nan
107	130974.185	nan
108	153838.187	nan
109	158242.678	nan
110	118283.26	157677.09
111	138276.895	150949.629
112	76464.981	125108.926
113	101209.94	127004.464
114	77704.086	114560.957
115	83704.963	82591.45
116	nan	79132.201
117	nan	97894.799
118	98994.969	84870.45
119	nan	104864.086
120	84660.091	165020.127
121	104185.529	169371.692
122	63925.823	121668.797
123	76396.402	116410.379
124	70091.567	148464.859
125	nan	112753.37
126	129013.268	113090.17
127	155863.825	88750.287
128	189639.776	nan
129	165472.247	69409.289
130	nan	129370.745
131	nan	76155.141
132	nan	145768.014
133	nan	114715.223
134	nan	132127.026
135	nan	144369.673
136	nan	123248.142
137	nan	114554.22
138	nan	159940.73
139	nan	177384.198
140	nan	118898.244
141	nan	154583.751
142	nan	184856.015
143	nan	137884.28
144	nan	86512.4
145	145580.576	100218.34
146	206134.741	101902.915
147	157943.387	138925.939
148	138443.026	148992.258
149	147736.445	159764.366
150	124646.182	201339.597
151	142659.109	162147.485
152	177727.451	123725.677
153	149321.239	139578.888
154	158381.302	151688.722
155	132388.983	141790.982
156	180048.08	115447.384
157	134531.861	146327.598
158	150925.356	156243.778
159	128961.03	nan
160	111225.399	nan
161	76417.803	nan
162	66735.13	nan
163	nan	107179.677
164	nan	123629.485
165	nan	75926.015
166	nan	109621.465
167	76512.561	119936.854
168	62586.463	106080.209
169	55828.885	97275.761
170	63242.137	68763.895
171	68085.81	90700.973
172	nan	117397.178
173	82270.645	104578.351
174	53967.747	98404.617
175	90543.965	122511.319
176	100318.642	128382.888
177	115386.447	112374.555
178	138026.981	103226.613
179	126572.638	121417.272
180	158296.725	nan
181	148785.944	nan
182	127317.816	nan
183	157244.796	nan
184	nan	120844.715
185	nan	115601.348
186	nan	116650.071
187	nan	136134.722
188	nan	111569.489
189	nan	105213.919
190	161633.736	136596.175
191	155115.888	142329.624
192	113120.235	113840.837
193	119635.403	94577.744
194	114501.104	94453.093
195	122356.454	101495.01
196	147973.87	124890.957
197	163879.754	204835.972
198	174485.285	nan
199	nan	146068.568
200	nan	122591.111
201	nan	141078.759
202	145402.87	117171.555
203	nan	140287.226
204	113660.713	169329.129
205	165520.659	145414.232
206	150510.173	157411.761
207	nan	115271.339
208	nan	120540.019
209	155223.596	104782.761
210	195519.128	127306.42
211	159820.868	89290.646
212	127376.999	80543.835
213	143164.368	88700.616
214	87995.882	42537.09
215	85616.074	57310.194
216	125248.855	98107.702
217	nan	87476.918
218	nan	77170.539
219	nan	115078.665
220	84518.582	80033.44
221	132026.953	85024.068
222	89845.194	83927.297
223	83333.771	86745.773
224	83317.388	73060.783
225	94229.848	85922.489
226	95693.929	nan
227	148626.987	nan
228	108802.874	nan
229	125342.744	nan
230	nan	105552.529
231	nan	111447.194
232	nan	89353.672
233	nan	120212.374
234	nan	139730.35
235	nan	97231.442
236	nan	82427.095
237	nan	106191.418
238	nan	116114.164
239	122504.734	106734.626
240	146301.925	nan
241	110884.779	94688.616
242	173331.482	140302.789
243	145879.75	143716.46
244	165460.546	146507.183
245	129476.707	129478.651
246	88145.282	151728.171
247	51080.853	134291.689
248	57269.478	110825.401
249	107651.397	154340.302
250	109260.477	129567.905
251	115228.989	153225.321
252	103509.324	nan
253	114398.204	nan
254	97992.379	nan
255	108575.187	157478.677
256	122500.438	149314.817
257	145391.183	nan
258	122134.562	134269.488
259	140275.366	167421.109
260	147256.201	163330.594
261	151198.204	94696.994
262	79443.712	97409.983
263	65117.606	91368.891
264	86112.185	186826.088
265	75405.842	118912.442
266	nan	190721.6
267	nan	161195.438
268	nan	112061.583
269	nan	135283.729
270	nan	168139.962
271	nan	139165.994
272	nan	168768.156
273	nan	163508.799
274	nan	169833.992
275	nan	119336.687
276	nan	120512.497
277	nan	73430.519
278	nan	91314.278
279	nan	122852.75
280	102709.724	124761.681
281	96912.329	88820.362
282	92104.681	65080.46
283	110988.021	128526.449
284	143704.164	79426.532
285	87085.784	98979.92
286	104198.062	99566.022
287	101276.168	nan
288	115022.471	nan
289	110725.894	nan
290	nan	113244.039
291	nan	168172.328
292	nan	154888.911
293	nan	138219.5
294	69996.074	195252.038
295	74319.226	125281.126
296	69916.313	107729.371
297	117130.189	88806.116
298	128630.961	153950.541
299	146224.353	104886.84
300	153404.66	127777.653
301	150806.762	134726.931
302	129167.102	185488.205
303	nan	158611.998
304	139699.918	221340.295
305	131749.538	152401.735
306	156265.312	205254.95
307	94574.869	142527.147
308	127155.887	145605.707
309	110511.373	149855.918
310	131321.879	139571.455
311	101774.84	111147.75
312	nan	85923.937
313	nan	128595.579
314	nan	104270.694
315	86693.136	143735.775
316	113735.269	139067.428
317	90665.923	109794.428
318	55086.391	75396.765
319	51889.845	nan
320	57315.791	nan
321	74575.163	52999.346
322	127535.978	77169.567
323	94978.373	83458.972
324	131129.525	125348.761
325	136937.591	99776.23
326	163130.35	94181.46
327	146423.023	102960.941
328	149950.703	nan
329	nan	74186.65
330	nan	89722.878
331	nan	126609.924
332	nan	117062.698
333	nan	93003.818
334	nan	139696.841
335	nan	125307.409
336	nan	123583.335
337	174652.03	133290.799
338	nan	195902.365
339	nan	161778.538
340	nan	178395.993
341	nan	148847.343
342	nan	225910.196
343	nan	181168.823
344	nan	173780.998
345	nan	166867.652
346	nan	157662.92
347	nan	151049.173
348	nan	152030.072
349	nan	149830.808
350	nan	165266.273
351	nan	158060.01
352	nan	135778.996
353	nan	114097.277
354	nan	120033.705
355	nan	165606.392
356	nan	120653.004
357	nan	118768.351
358	nan	107322.37
359	nan	88005.711
360	nan	85200.946
361	nan	132037.644
362	nan	119065.521
363	nan	94035.663
364	nan	112355.607
365	154003.03	141065.2
366	120634.168	99279.127
367	119967.281	105033.068
368	175133.872	115651.58
369	124526.802	130187.224
370	112084.129	100161.359
371	143721.946	99665.871
372	110191.261	101206.939
373	82892.48	93566.779
374	94068.894	89622.594
375	128108.797	119464.416
376	127202.395	nan
377	98571.676	nan
378	nan	85849.538
379	nan	72997.569
380	nan	75524.88
381	nan	114565.224
382	nan	121714.403
383	nan	168539.685
384	nan	110681.652
385	nan	122786.555
386	nan	149886.376
387	nan	100355.461
388	nan	133422.165
389	nan	104731.713
390	nan	131577.692
391	nan	108723.082
392	nan	151480.124
393	nan	101157.977
394	nan	89227.459
395	nan	81840.669
396	nan	78314.139
397	nan	119525.986
398	nan	154186.246
399	nan	154255.459
400	nan	119262.278
401	nan	142253.0
402	123099.339	168067.894
403	76229.821	160131.442
404	97475.009	107597.117
405	nan	109689.772
406	nan	75483.746
407	nan	72362.395
408	nan	62586.314
409	nan	114927.761
410	nan	156556.232
411	nan	131088.287
412	nan	173284.843
413	nan	141489.83
414	nan	89460.223
415	nan	101137.399
416	nan	66810.374
417	nan	93419.947
418	100253.157	103505.489
419	143458.375	129745.922
420	175693.761	113347.189
421	nan	142622.703
422	nan	121898.713
423	nan	150261.861
424	nan	124971.225
425	nan	127718.241
426	nan	98735.278
427	nan	79508.469
428	nan	97766.194
429	nan	100497.204
430	nan	109263.172
431	nan	121442.462
432	nan	134009.472
433	nan	153239.162
434	144482.614	148343.07
435	137645.442	135549.654
436	113896.036	147583.311
437	122456.637	128506.187
438	139594.833	145126.453
439	115750.548	132901.01
440	94621.918	135023.032
441	60345.792	95154.953
442	59629.866	116175.552
443	nan	177270.135
444	nan	145602.448
445	nan	132269.324
446	nan	154558.518
447	nan	151846.374
448	nan	144663.321
449	nan	125823.745
450	nan	118488.188
451	nan	148705.799
452	nan	124355.092
453	nan	151528.434
454	nan	117643.084
455	nan	99803.902
456	nan	53374.272
457	86712.055	67532.584
458	70512.424	66638.365
459	104298.353	75899.788
460	102843.233	88735.317
461	104055.348	92816.24
462	123009.278	110322.37
463	181812.134	134661.05
464	nan	108121.511
465	148480.448	144385.844
466	153498.396	111609.134
467	nan	162598.925
468	131926.924	169387.317
469	112798.847	210085.335
470	124632.113	126305.159
471	179898.087	142167.408
472	124272.992	141378.584
473	142762.287	142744.286
474	163894.65	nan
475	166857.821	137380.089
476	149163.792	nan
477	110716.671	nan
478	91360.519	nan
479	100039.669	nan
480	77275.774	nan
481	78476.459	nan
482	nan	101146.714
483	91004.46	135066.612
484	91308.597	91324.973
485	63038.123	97266.78
486	86781.385	110672.005
487	84876.43	90942.713
488	85042.684	147621.243
489	87628.326	120664.495
490	163411.028	nan
491	114132.417	128565.932
492	110054.566	151073.647
493	96771.519	118327.947
494	97429.982	147015.942
495	86768.386	139736.125
496	98375.904	148872.633
497	91009.153	121405.527
498	nan	103025.806
499	109771.163	139114.888
500	81762.74	86756.83
501	70264.578	116131.15
502	54777.168	116895.973
503	73774.307	161617.402
504	84580.73	149073.965
505	107046.75	150187.852
506	94931.152	153922.743
507	85362.079	144634.003
508	80680.285	149649.773
509	nan	155650.093
510	nan	149293.223
511	nan	122347.299
512	nan	115216.819
513	nan	105034.367
514	nan	72925.206
