index	4k79_A_1	6jys_A
1	nan	2.511
2	nan	0.55
3	nan	0.595
4	nan	0.152
5	nan	0.206
6	nan	0.141
7	nan	0.172
8	2.003	0.121
9	0.608	0.156
10	0.583	0.059
11	1.284	0.06
12	0.97	0.077
13	0.429	0.071
14	0.556	0.047
15	0.509	0.025
16	2.233	0.018
17	3.395	0.017
18	0.452	0.022
19	0.245	0.031
20	0.192	0.042
21	0.196	0.056
22	nan	0.035
23	nan	0.027
24	nan	0.039
25	nan	0.066
26	nan	0.039
27	nan	0.045
28	nan	0.052
29	nan	0.095
30	nan	0.101
31	nan	0.248
32	nan	1.328
33	nan	1.159
34	nan	0.184
35	nan	0.126
36	nan	0.055
37	nan	0.057
38	nan	0.037
39	nan	0.022
40	nan	0.017
41	nan	0.02
42	nan	0.018
43	nan	0.022
44	nan	0.024
45	nan	0.035
46	nan	0.043
47	nan	0.03
48	nan	0.046
49	nan	0.038
50	nan	0.035
51	0.184	0.018
52	0.18	0.02
53	0.22	0.02
54	0.346	0.057
55	0.333	0.072
56	0.32	0.069
57	0.261	0.046
58	0.389	0.059
59	0.591	0.034
60	nan	0.02
61	nan	0.022
62	nan	0.028
63	nan	0.036
64	0.958	0.037
65	1.118	0.025
66	0.505	0.029
67	0.456	0.033
68	0.45	0.056
69	0.37	0.109
70	0.331	0.129
71	0.162	nan
72	0.108	0.767
73	0.136	0.361
74	0.156	0.564
75	0.117	0.146
76	0.094	nan
77	0.109	0.032
78	0.098	0.045
79	0.171	0.029
80	0.133	0.026
81	0.153	0.022
82	0.132	0.023
83	0.365	0.033
84	0.584	0.036
85	0.505	0.037
86	0.328	0.05
87	0.344	0.201
88	0.468	0.129
89	0.252	nan
90	0.228	nan
91	0.449	nan
92	0.202	nan
93	nan	0.243
94	nan	0.184
95	nan	0.1
96	nan	0.194
97	nan	0.143
98	nan	0.283
99	0.179	0.23
100	0.131	0.317
101	0.09	0.061
102	nan	0.035
103	nan	0.027
104	nan	0.031
105	0.072	0.019
106	0.118	0.022
107	0.129	0.027
108	0.109	0.035
109	0.086	0.034
110	0.1	0.032
111	0.071	0.028
112	0.146	0.029
113	0.086	0.024
114	0.13	0.024
115	0.142	nan
116	0.383	nan
117	nan	0.025
118	nan	0.034
119	nan	0.029
120	nan	0.033
121	nan	0.058
122	nan	0.103
123	nan	0.527
124	nan	0.93
125	nan	2.343
126	nan	8.295
127	nan	9.374
128	nan	10.73
129	nan	4.076
130	nan	3.093
131	nan	5.08
132	nan	1.038
133	nan	0.341
134	nan	0.207
135	nan	0.078
136	nan	0.049
137	nan	0.032
138	nan	0.029
139	nan	0.024
140	nan	0.026
141	nan	0.03
142	nan	0.03
143	0.547	0.076
144	0.348	0.053
145	0.253	0.069
146	0.256	0.037
147	0.235	0.018
148	0.183	0.019
149	0.181	nan
150	0.164	nan
151	0.114	nan
152	0.136	0.016
153	0.12	0.02
154	0.078	nan
155	0.069	0.031
156	0.127	0.031
157	0.136	0.025
158	0.122	0.022
159	0.097	0.019
160	0.107	0.018
161	0.07	0.025
162	0.136	nan
163	0.089	nan
164	nan	0.049
165	0.165	0.107
166	nan	0.115
167	0.117	0.112
168	0.317	0.247
169	0.511	0.134
170	0.338	0.174
171	0.253	0.099
172	0.248	0.071
173	0.223	0.081
174	0.179	0.049
175	0.181	nan
176	0.148	nan
177	0.108	nan
178	0.125	nan
179	nan	0.054
180	0.106	0.035
181	0.081	0.036
182	0.074	0.037
183	0.133	0.042
184	0.151	0.047
185	0.13	0.045
186	0.107	0.027
187	0.119	nan
188	0.063	nan
189	0.168	nan
190	0.077	nan
191	0.105	nan
192	0.119	nan
193	0.327	0.045
194	0.449	0.07
195	0.304	0.251
196	0.275	1.261
197	0.283	0.863
198	0.219	0.133
199	nan	0.124
200	nan	0.052
201	0.191	0.051
202	0.204	0.044
203	0.153	0.057
204	0.115	0.048
205	0.148	0.042
206	0.111	0.049
207	nan	0.043
208	nan	0.027
209	nan	0.028
210	nan	0.048
211	0.08	0.391
212	0.089	0.456
213	0.135	0.324
214	0.148	0.323
215	0.116	nan
216	0.096	0.127
217	0.097	0.104
218	0.06	0.063
219	0.136	0.069
220	0.08	0.048
221	0.132	0.12
222	0.088	0.069
223	nan	0.139
224	nan	0.149
225	0.27	0.134
226	0.273	0.557
227	0.294	0.241
228	0.275	0.651
229	0.522	0.219
230	0.277	0.052
231	0.34	0.035
232	0.5	nan
233	0.239	nan
234	0.188	nan
235	0.401	0.024
236	0.161	0.021
237	0.169	0.027
238	0.223	0.02
239	0.129	0.026
240	0.149	0.034
241	0.098	0.045
242	0.094	nan
243	nan	0.071
244	nan	0.056
245	0.101	0.059
246	0.085	0.106
247	0.129	0.124
248	0.106	0.186
249	0.073	0.344
250	0.133	2.501
251	0.134	10.429
252	0.311	nan
253	0.22	1.233
254	0.288	0.493
255	0.268	0.087
256	0.107	nan
257	0.135	nan
258	nan	0.062
259	nan	0.042
260	nan	0.027
261	nan	0.023
262	nan	0.021
263	nan	0.025
264	0.196	0.017
265	0.128	0.02
266	0.098	0.036
267	0.185	0.029
268	0.201	0.027
269	0.119	0.038
270	0.162	0.035
271	0.324	0.026
272	0.298	0.041
273	0.18	0.095
274	0.275	0.097
275	0.218	0.055
276	nan	0.089
277	0.091	0.115
278	0.121	0.184
279	0.336	0.224
280	1.652	0.117
281	3.625	0.076
282	3.636	0.036
283	0.704	0.032
284	0.737	0.032
285	0.36	0.039
286	0.249	0.047
287	0.198	0.04
288	nan	0.074
289	nan	0.123
290	nan	0.429
291	nan	1.377
292	nan	1.278
293	nan	0.607
294	nan	0.426
295	nan	0.134
296	nan	0.14
297	nan	0.125
298	nan	0.05
299	nan	0.043
300	nan	0.023
301	nan	0.021
302	nan	0.027
303	nan	0.035
304	0.173	0.04
305	0.175	0.032
306	0.09	0.031
307	0.099	0.026
308	0.081	0.022
309	0.262	0.035
310	1.917	0.05
311	0.775	0.11
312	0.434	0.215
313	0.34	0.221
314	0.101	0.17
315	0.086	0.199
316	nan	0.108
317	0.109	0.158
318	0.26	0.628
319	0.365	0.405
320	1.132	0.245
321	1.114	0.299
322	2.177	0.171
323	1.297	0.087
324	0.554	0.093
325	nan	0.067
326	nan	0.084
327	nan	0.075
328	nan	0.104
329	nan	0.17
330	nan	0.073
331	nan	0.129
332	1.167	0.2
333	1.482	0.377
334	2.998	0.482
335	1.54	0.387
336	1.674	0.347
337	18.93	nan
338	nan	0.143
339	nan	0.209
340	nan	0.17
341	nan	0.215
