index	4k79_A_1	6jys_A
1	nan	44041.658
2	nan	59375.822
3	nan	81908.963
4	nan	101278.709
5	nan	97342.571
6	nan	100533.829
7	nan	87056.614
8	81826.894	74886.307
9	111154.124	95128.313
10	109111.623	121253.4
11	75461.17	127170.55
12	78543.578	110182.015
13	115573.174	85799.096
14	101626.131	120246.827
15	109878.678	152608.598
16	77809.71	172290.889
17	80200.003	204327.515
18	102972.121	148841.87
19	114107.983	141547.735
20	153007.558	141004.424
21	124686.597	115741.89
22	nan	124998.705
23	nan	147998.571
24	nan	102605.385
25	nan	110216.636
26	nan	130056.191
27	nan	110493.734
28	nan	143726.75
29	nan	147013.529
30	nan	117563.611
31	nan	99646.994
32	nan	59969.704
33	nan	52727.025
34	nan	81590.016
35	nan	95668.644
36	nan	124893.268
37	nan	117993.953
38	nan	153117.966
39	nan	158101.951
40	nan	173563.38
41	nan	236330.087
42	nan	148531.554
43	nan	167464.084
44	nan	147777.911
45	nan	155018.444
46	nan	134793.977
47	nan	160593.013
48	nan	99368.582
49	nan	123311.148
50	nan	121654.391
51	143936.373	182939.776
52	142849.701	165032.348
53	119193.402	175237.063
54	90851.904	122143.789
55	96123.33	108622.34
56	113233.052	99028.771
57	106078.974	140514.278
58	102132.534	102338.441
59	104032.402	154182.567
60	nan	155582.26
61	nan	152165.457
62	nan	157656.353
63	nan	129542.295
64	95558.954	122945.882
65	81525.035	178885.357
66	106090.94	111470.86
67	122457.929	151793.404
68	113705.096	112529.183
69	95705.459	120728.792
70	96627.685	97400.75
71	143918.377	nan
72	116747.823	59900.564
73	142449.016	75441.927
74	146595.493	66162.603
75	120292.997	75625.826
76	152996.205	nan
77	148547.693	140257.424
78	133621.217	119682.628
79	141987.987	146129.974
80	114128.862	153581.975
81	137208.427	161614.568
82	115679.417	130974.185
83	98391.808	153838.187
84	106151.366	158242.678
85	80452.053	118283.26
86	87855.036	138276.895
87	105720.871	76464.981
88	100940.289	101209.94
89	106234.594	nan
90	101748.486	nan
91	80111.153	nan
92	125861.313	nan
93	nan	77704.086
94	nan	83704.963
95	nan	98994.969
96	nan	84660.091
97	nan	104185.529
98	nan	63925.823
99	140169.933	76396.402
100	114526.129	70091.567
101	156158.636	129013.268
102	nan	155863.825
103	nan	189639.776
104	nan	165472.247
105	115725.031	145580.576
106	129165.864	206134.741
107	136697.645	157943.387
108	125970.552	138443.026
109	146992.528	147736.445
110	119681.196	124646.182
111	157519.753	142659.109
112	144885.838	177727.451
113	117730.322	149321.239
114	133208.492	158381.302
115	106819.747	nan
116	108456.907	nan
117	nan	132388.983
118	nan	180048.08
119	nan	134531.861
120	nan	150925.356
121	nan	128961.03
122	nan	111225.399
123	nan	76417.803
124	nan	66735.13
125	nan	76512.561
126	nan	62586.463
127	nan	55828.885
128	nan	63242.137
129	nan	68085.81
130	nan	82270.645
131	nan	53967.747
132	nan	90543.965
133	nan	100318.642
134	nan	115386.447
135	nan	138026.981
136	nan	126572.638
137	nan	158296.725
138	nan	148785.944
139	nan	127317.816
140	nan	157244.796
141	nan	161633.736
142	nan	155115.888
143	107927.99	113120.235
144	105674.838	119635.403
145	101044.21	114501.104
146	129626.828	122356.454
147	129763.686	147973.87
148	121357.521	163879.754
149	115815.562	nan
150	112167.678	nan
151	137432.811	nan
152	130594.627	174485.285
153	108570.322	145402.87
154	156360.951	nan
155	127642.165	113660.713
156	129959.741	165520.659
157	138914.958	150510.173
158	109120.746	155223.596
159	142442.085	195519.128
160	143085.659	159820.868
161	142652.784	127376.999
162	149828.562	nan
163	119388.074	nan
164	nan	143164.368
165	135562.138	87995.882
166	nan	85616.074
167	115123.64	125248.855
168	117222.586	84518.582
169	112320.657	132026.953
170	105967.056	89845.194
171	109158.345	83333.771
172	131449.16	83317.388
173	125139.801	94229.848
174	123401.639	95693.929
175	120339.539	nan
176	100058.347	nan
177	145364.285	nan
178	120969.709	nan
179	nan	148626.987
180	111896.788	108802.874
181	153261.994	125342.744
182	125824.025	122504.734
183	121390.173	146301.925
184	134565.396	110884.779
185	160216.017	173331.482
186	140497.216	145879.75
187	156185.455	nan
188	131686.696	nan
189	137255.77	nan
190	120563.75	nan
191	140394.003	nan
192	112040.453	nan
193	101295.525	165460.546
194	115503.427	129476.707
195	113710.49	88145.282
196	101620.923	51080.853
197	129416.537	57269.478
198	143104.366	107651.397
199	nan	109260.477
200	nan	115228.989
201	120593.089	103509.324
202	117754.818	114398.204
203	105590.614	97992.379
204	143276.145	108575.187
205	116830.055	122500.438
206	100755.713	145391.183
207	nan	122134.562
208	nan	140275.366
209	nan	147256.201
210	nan	151198.204
211	152275.441	79443.712
212	119060.026	65117.606
213	127320.664	86112.185
214	133440.259	75405.842
215	169601.311	nan
216	141101.987	102709.724
217	147748.689	96912.329
218	119688.931	92104.681
219	146930.481	110988.021
220	117039.413	143704.164
221	139091.87	87085.784
222	125168.8	104198.062
223	nan	101276.168
224	nan	115022.471
225	147371.537	110725.894
226	124285.858	69996.074
227	112759.84	74319.226
228	87189.976	69916.313
229	110296.349	117130.189
230	131700.854	128630.961
231	98259.422	146224.353
232	100502.213	nan
233	85738.263	nan
234	122828.887	nan
235	87635.074	153404.66
236	107797.976	150806.762
237	121873.671	129167.102
238	103174.138	139699.918
239	123912.629	131749.538
240	158872.165	156265.312
241	128878.861	94574.869
242	155185.413	nan
243	nan	127155.887
244	nan	110511.373
245	130184.39	131321.879
246	117008.748	101774.84
247	140567.575	86693.136
248	131521.46	113735.269
249	131351.983	90665.923
250	135089.708	55086.391
251	161783.4	51889.845
252	116998.788	nan
253	142255.235	57315.791
254	131804.103	74575.163
255	115648.715	127535.978
256	155962.485	nan
257	136690.005	nan
258	nan	94978.373
259	nan	131129.525
260	nan	136937.591
261	nan	163130.35
262	nan	146423.023
263	nan	149950.703
264	105825.395	174652.03
265	143938.979	154003.03
266	160817.032	120634.168
267	126970.884	119967.281
268	96860.741	175133.872
269	147113.637	124526.802
270	121061.673	112084.129
271	71482.699	143721.946
272	95449.684	110191.261
273	125060.152	82892.48
274	94194.605	94068.894
275	119271.122	128108.797
276	nan	127202.395
277	156517.89	98571.676
278	175484.395	123099.339
279	106100.159	76229.821
280	88765.817	97475.009
281	46139.539	100253.157
282	56579.472	143458.375
283	83002.137	175693.761
284	76712.576	144482.614
285	90442.39	137645.442
286	117046.869	113896.036
287	137210.0	122456.637
288	nan	139594.833
289	nan	115750.548
290	nan	94621.918
291	nan	60345.792
292	nan	59629.866
293	nan	86712.055
294	nan	70512.424
295	nan	104298.353
296	nan	102843.233
297	nan	104055.348
298	nan	123009.278
299	nan	181812.134
300	nan	148480.448
301	nan	153498.396
302	nan	131926.924
303	nan	112798.847
304	112274.37	124632.113
305	132358.659	179898.087
306	181283.088	124272.992
307	132987.935	142762.287
308	151565.891	163894.65
309	114056.696	166857.821
310	74556.868	149163.792
311	74416.566	110716.671
312	89382.177	91360.519
313	103908.298	100039.669
314	137411.599	77275.774
315	172864.431	78476.459
316	nan	91004.46
317	122758.631	91308.597
318	120770.124	63038.123
319	129686.348	86781.385
320	91555.97	84876.43
321	80005.942	85042.684
322	66980.117	87628.326
323	84617.734	163411.028
324	118757.513	114132.417
325	nan	110054.566
326	nan	96771.519
327	nan	97429.982
328	nan	86768.386
329	nan	98375.904
330	nan	91009.153
331	nan	109771.163
332	105339.737	81762.74
333	84843.223	70264.578
334	68194.663	54777.168
335	79968.765	73774.307
336	89060.611	84580.73
337	42737.82	nan
338	nan	107046.75
339	nan	94931.152
340	nan	85362.079
341	nan	80680.285
