index	1uld_A_1	6jys_A
1	nan	2.511
2	nan	0.55
3	0.029	0.595
4	nan	0.152
5	0.013	0.206
6	nan	0.141
7	0.011	0.172
8	0.007	0.121
9	0.007	0.156
10	nan	0.059
11	nan	0.06
12	nan	0.077
13	nan	0.071
14	nan	0.047
15	nan	0.025
16	nan	0.018
17	nan	0.017
18	nan	0.022
19	nan	0.031
20	nan	0.042
21	nan	0.056
22	nan	0.035
23	nan	0.027
24	nan	0.039
25	nan	0.066
26	nan	0.039
27	nan	0.045
28	nan	0.052
29	nan	0.095
30	nan	0.101
31	0.005	0.248
32	0.006	1.328
33	0.006	1.159
34	0.006	0.184
35	0.005	0.126
36	0.008	0.055
37	0.007	0.057
38	0.011	0.037
39	0.042	0.022
40	0.032	0.017
41	0.008	0.02
42	0.006	nan
43	0.009	nan
44	0.005	nan
45	nan	0.018
46	nan	0.022
47	nan	0.024
48	nan	0.035
49	nan	0.043
50	nan	0.03
51	nan	0.046
52	nan	0.038
53	nan	0.035
54	nan	0.018
55	nan	0.02
56	nan	0.02
57	nan	0.057
58	nan	0.072
59	nan	0.069
60	nan	0.046
61	nan	0.059
62	nan	0.034
63	nan	0.02
64	nan	0.022
65	nan	0.028
66	nan	0.036
67	nan	0.037
68	nan	0.025
69	nan	0.029
70	nan	0.033
71	nan	0.056
72	nan	0.109
73	nan	0.129
74	nan	0.767
75	nan	0.361
76	nan	0.564
77	nan	0.146
78	nan	0.032
79	0.008	0.045
80	0.004	0.029
81	0.005	0.026
82	0.005	0.022
83	0.005	0.023
84	0.006	0.033
85	0.006	0.036
86	nan	0.037
87	nan	0.05
88	nan	0.201
89	nan	0.129
90	nan	0.243
91	nan	0.184
92	nan	0.1
93	nan	0.194
94	nan	0.143
95	nan	0.283
96	nan	0.23
97	nan	0.317
98	nan	0.061
99	nan	0.035
100	nan	0.027
101	0.004	0.031
102	0.009	0.019
103	0.007	0.022
104	0.009	0.027
105	0.01	0.035
106	0.035	0.034
107	0.04	0.032
108	0.009	0.028
109	0.008	0.029
110	0.006	0.024
111	0.005	0.024
112	0.008	0.025
113	0.004	0.034
114	0.004	0.029
115	0.002	0.033
116	0.002	0.058
117	0.002	0.103
118	0.019	0.527
119	0.028	0.93
120	nan	2.343
121	nan	8.295
122	nan	9.374
123	nan	10.73
124	nan	4.076
125	nan	3.093
126	nan	5.08
127	nan	1.038
128	nan	0.341
129	nan	0.207
130	nan	0.078
131	nan	0.049
132	nan	0.032
133	nan	0.029
134	nan	0.024
135	nan	0.026
136	nan	0.03
137	nan	0.03
138	nan	0.076
139	nan	0.053
140	nan	0.069
141	nan	0.037
142	nan	0.018
143	nan	0.019
144	nan	0.016
145	nan	0.02
146	nan	0.031
147	nan	0.031
148	nan	0.025
149	nan	0.022
150	nan	0.019
151	0.009	0.018
152	0.004	0.025
153	0.003	0.049
154	0.002	0.107
155	0.003	nan
156	nan	0.115
157	nan	0.112
158	nan	0.247
159	nan	0.134
160	nan	0.174
161	nan	0.099
162	nan	0.071
163	nan	0.081
164	nan	0.049
165	nan	0.054
166	nan	0.035
167	nan	0.036
168	nan	0.037
169	nan	0.042
170	nan	0.047
171	0.003	0.045
172	0.004	0.027
173	0.004	0.045
174	0.004	0.07
175	0.006	0.251
176	0.011	1.261
177	0.039	nan
178	0.022	0.863
179	0.008	0.133
180	0.005	0.124
181	0.005	0.052
182	0.005	0.051
183	0.004	0.044
184	0.009	0.057
185	nan	0.048
186	0.004	0.042
187	0.013	0.049
188	0.012	0.043
189	nan	0.027
190	nan	0.028
191	nan	0.048
192	nan	0.391
193	nan	0.456
194	nan	0.324
195	nan	0.323
196	nan	0.127
197	0.045	0.104
198	nan	0.063
199	0.466	0.069
200	0.09	0.048
201	0.261	0.12
202	0.047	0.069
203	0.06	0.139
204	0.129	0.149
205	nan	0.134
206	0.026	0.557
207	0.014	0.241
208	nan	0.651
209	nan	0.219
210	nan	0.052
211	nan	0.035
212	nan	0.024
213	nan	0.021
214	nan	0.027
215	0.017	0.02
216	0.02	0.026
217	0.015	0.034
218	0.008	0.045
219	0.026	0.071
220	0.027	nan
221	nan	0.056
222	nan	0.059
223	nan	0.106
224	nan	0.124
225	nan	0.186
226	nan	0.344
227	nan	2.501
228	nan	10.429
229	nan	1.233
230	nan	0.493
231	nan	0.087
232	nan	0.062
233	nan	0.042
234	nan	0.027
235	nan	0.023
236	0.009	0.021
237	0.01	0.025
238	0.015	0.017
239	0.015	0.02
240	0.011	0.036
241	0.008	0.029
242	0.008	0.027
243	0.013	nan
244	nan	0.038
245	nan	0.035
246	nan	0.026
247	nan	0.041
248	nan	0.095
249	0.006	0.097
250	0.007	0.055
251	0.006	0.089
252	0.006	0.115
253	0.004	0.184
254	0.007	0.224
255	0.015	0.117
256	0.017	nan
257	0.007	0.076
258	0.005	0.036
259	0.005	0.032
260	0.006	0.032
261	0.009	0.039
262	0.009	0.047
263	0.009	0.04
264	0.017	0.074
265	0.045	nan
266	nan	0.123
267	nan	0.429
268	nan	1.377
269	nan	1.278
270	0.094	0.607
271	nan	0.426
272	nan	0.134
273	0.018	0.14
274	0.014	0.125
275	0.01	0.05
276	0.01	0.043
277	0.009	0.023
278	0.014	0.021
279	0.015	0.027
280	0.014	0.035
281	0.025	0.04
282	0.016	0.032
283	0.009	nan
284	0.002	nan
285	0.003	nan
286	0.005	nan
287	0.004	0.031
288	0.005	0.026
289	0.004	0.022
290	0.005	0.035
291	0.006	0.05
292	nan	0.11
293	0.035	0.215
294	0.013	0.221
295	0.005	0.17
296	0.004	0.199
297	0.007	0.108
298	nan	0.158
299	nan	0.628
300	nan	0.405
301	0.007	0.245
302	0.008	0.299
303	0.005	0.171
304	0.007	0.087
305	0.006	0.093
306	0.007	0.067
307	0.006	0.084
308	0.006	0.075
309	0.009	0.104
310	0.012	0.17
311	0.015	0.073
312	0.051	0.129
313	nan	0.2
314	nan	0.377
315	0.218	0.482
316	1.385	0.387
317	2.852	0.347
318	9.716	0.143
319	34.103	0.209
320	49.069	0.17
321	nan	0.215
