index	1uld_A_1	6jys_A
1	nan	44041.658
2	nan	59375.822
3	72995.331	81908.963
4	nan	101278.709
5	85341.131	97342.571
6	nan	100533.829
7	90393.468	87056.614
8	98667.947	74886.307
9	136700.199	95128.313
10	nan	121253.4
11	nan	127170.55
12	nan	110182.015
13	nan	85799.096
14	nan	120246.827
15	nan	152608.598
16	nan	172290.889
17	nan	204327.515
18	nan	148841.87
19	nan	141547.735
20	nan	141004.424
21	nan	115741.89
22	nan	124998.705
23	nan	147998.571
24	nan	102605.385
25	nan	110216.636
26	nan	130056.191
27	nan	110493.734
28	nan	143726.75
29	nan	147013.529
30	nan	117563.611
31	106575.656	99646.994
32	134951.888	59969.704
33	98041.225	52727.025
34	94750.43	81590.016
35	111423.024	95668.644
36	122631.285	124893.268
37	93210.166	117993.953
38	116147.599	153117.966
39	64139.911	158101.951
40	75425.261	173563.38
41	112376.774	236330.087
42	131610.016	nan
43	117983.174	nan
44	117412.252	nan
45	nan	148531.554
46	nan	167464.084
47	nan	147777.911
48	nan	155018.444
49	nan	134793.977
50	nan	160593.013
51	nan	99368.582
52	nan	123311.148
53	nan	121654.391
54	nan	182939.776
55	nan	165032.348
56	nan	175237.063
57	nan	122143.789
58	nan	108622.34
59	nan	99028.771
60	nan	140514.278
61	nan	102338.441
62	nan	154182.567
63	nan	155582.26
64	nan	152165.457
65	nan	157656.353
66	nan	129542.295
67	nan	122945.882
68	nan	178885.357
69	nan	111470.86
70	nan	151793.404
71	nan	112529.183
72	nan	120728.792
73	nan	97400.75
74	nan	59900.564
75	nan	75441.927
76	nan	66162.603
77	nan	75625.826
78	nan	140257.424
79	103221.826	119682.628
80	147084.456	146129.974
81	147702.153	153581.975
82	165784.904	161614.568
83	151286.909	130974.185
84	136376.385	153838.187
85	117926.443	158242.678
86	nan	118283.26
87	nan	138276.895
88	nan	76464.981
89	nan	101209.94
90	nan	77704.086
91	nan	83704.963
92	nan	98994.969
93	nan	84660.091
94	nan	104185.529
95	nan	63925.823
96	nan	76396.402
97	nan	70091.567
98	nan	129013.268
99	nan	155863.825
100	nan	189639.776
101	157667.031	165472.247
102	109116.918	145580.576
103	130440.988	206134.741
104	109607.797	157943.387
105	103252.819	138443.026
106	90803.545	147736.445
107	62952.728	124646.182
108	132998.747	142659.109
109	139148.359	177727.451
110	130669.488	149321.239
111	150245.404	158381.302
112	139471.938	132388.983
113	126829.901	180048.08
114	144940.584	134531.861
115	144031.603	150925.356
116	160539.832	128961.03
117	154025.985	111225.399
118	107651.925	76417.803
119	91212.081	66735.13
120	nan	76512.561
121	nan	62586.463
122	nan	55828.885
123	nan	63242.137
124	nan	68085.81
125	nan	82270.645
126	nan	53967.747
127	nan	90543.965
128	nan	100318.642
129	nan	115386.447
130	nan	138026.981
131	nan	126572.638
132	nan	158296.725
133	nan	148785.944
134	nan	127317.816
135	nan	157244.796
136	nan	161633.736
137	nan	155115.888
138	nan	113120.235
139	nan	119635.403
140	nan	114501.104
141	nan	122356.454
142	nan	147973.87
143	nan	163879.754
144	nan	174485.285
145	nan	145402.87
146	nan	113660.713
147	nan	165520.659
148	nan	150510.173
149	nan	155223.596
150	nan	195519.128
151	101979.786	159820.868
152	137646.614	127376.999
153	158220.411	143164.368
154	159932.831	87995.882
155	153452.552	nan
156	nan	85616.074
157	nan	125248.855
158	nan	84518.582
159	nan	132026.953
160	nan	89845.194
161	nan	83333.771
162	nan	83317.388
163	nan	94229.848
164	nan	95693.929
165	nan	148626.987
166	nan	108802.874
167	nan	125342.744
168	nan	122504.734
169	nan	146301.925
170	nan	110884.779
171	133384.076	173331.482
172	140275.429	145879.75
173	147967.136	165460.546
174	144245.337	129476.707
175	120984.49	88145.282
176	126306.721	51080.853
177	91064.634	nan
178	72422.108	57269.478
179	101200.898	107651.397
180	127279.564	109260.477
181	137574.984	115228.989
182	134006.355	103509.324
183	121906.759	114398.204
184	131823.389	97992.379
185	nan	108575.187
186	160661.816	122500.438
187	113019.007	145391.183
188	107894.248	122134.562
189	nan	140275.366
190	nan	147256.201
191	nan	151198.204
192	nan	79443.712
193	nan	65117.606
194	nan	86112.185
195	nan	75405.842
196	nan	102709.724
197	87084.709	96912.329
198	nan	92104.681
199	55161.215	110988.021
200	81893.309	143704.164
201	73509.971	87085.784
202	72349.913	104198.062
203	97467.443	101276.168
204	59374.706	115022.471
205	nan	110725.894
206	78292.052	69996.074
207	81192.88	74319.226
208	nan	69916.313
209	nan	117130.189
210	nan	128630.961
211	nan	146224.353
212	nan	153404.66
213	nan	150806.762
214	nan	129167.102
215	80281.242	139699.918
216	95710.614	131749.538
217	102094.902	156265.312
218	101723.682	94574.869
219	95197.497	127155.887
220	69900.881	nan
221	nan	110511.373
222	nan	131321.879
223	nan	101774.84
224	nan	86693.136
225	nan	113735.269
226	nan	90665.923
227	nan	55086.391
228	nan	51889.845
229	nan	57315.791
230	nan	74575.163
231	nan	127535.978
232	nan	94978.373
233	nan	131129.525
234	nan	136937.591
235	nan	163130.35
236	113783.376	146423.023
237	110004.964	149950.703
238	89144.22	174652.03
239	100234.403	154003.03
240	92175.215	120634.168
241	109978.114	119967.281
242	141931.79	175133.872
243	143128.101	nan
244	nan	124526.802
245	nan	112084.129
246	nan	143721.946
247	nan	110191.261
248	nan	82892.48
249	130466.236	94068.894
250	134888.0	128108.797
251	149932.506	127202.395
252	143742.59	98571.676
253	148302.891	123099.339
254	94312.404	76229.821
255	107686.254	97475.009
256	78253.412	nan
257	106226.923	100253.157
258	131508.808	143458.375
259	125188.556	175693.761
260	135638.438	144482.614
261	111287.059	137645.442
262	120741.077	113896.036
263	110760.932	122456.637
264	76515.789	139594.833
265	92904.315	nan
266	nan	115750.548
267	nan	94621.918
268	nan	60345.792
269	nan	59629.866
270	64747.746	86712.055
271	nan	70512.424
272	nan	104298.353
273	94848.594	102843.233
274	100672.04	104055.348
275	83712.1	123009.278
276	98071.425	181812.134
277	96321.382	148480.448
278	107246.711	153498.396
279	80247.647	131926.924
280	99476.587	112798.847
281	68699.871	124632.113
282	91549.578	179898.087
283	120100.211	nan
284	178811.618	nan
285	151124.296	nan
286	165222.231	nan
287	149485.655	124272.992
288	164316.81	142762.287
289	127384.126	163894.65
290	120972.035	166857.821
291	143008.225	149163.792
292	nan	110716.671
293	69715.113	91360.519
294	96510.404	100039.669
295	153866.756	77275.774
296	145581.291	78476.459
297	136812.987	91004.46
298	nan	91308.597
299	nan	63038.123
300	nan	86781.385
301	140803.629	84876.43
302	123189.534	85042.684
303	124661.548	87628.326
304	153336.577	163411.028
305	129962.522	114132.417
306	142939.153	110054.566
307	117792.334	96771.519
308	138526.963	97429.982
309	108684.12	86768.386
310	124717.877	98375.904
311	87813.187	91009.153
312	79058.625	109771.163
313	nan	81762.74
314	nan	70264.578
315	63783.494	54777.168
316	42940.68	73774.307
317	45462.886	84580.73
318	42579.744	107046.75
319	33358.539	94931.152
320	28392.166	85362.079
321	nan	80680.285
