index	mode7	mode8	mode9	mode10	mode11	mode12
1	0.014	0.284	0.097	0.162	0.066	0.029
2	0.008	0.195	0.176	0.055	0.068	0.02
3	0.05	0.179	0.123	0.039	0.071	0.043
4	0.081	0.094	0.179	0.047	0.028	0.131
5	0.091	0.151	0.195	0.032	0.104	0.171
6	0.081	0.148	0.185	0.024	0.123	0.188
7	0.173	0.309	0.189	0.014	0.365	0.427
8	0.173	0.247	0.144	0.016	0.323	0.416
9	0.33	0.476	0.159	0.016	0.602	0.717
10	0.463	0.663	0.116	0.017	0.961	0.83
11	0.507	0.712	0.046	0.017	1.086	0.74
12	0.349	0.5	0.041	0.014	0.674	0.54
13	0.243	0.407	0.009	0.007	0.551	0.283
14	0.132	0.2	0.001	0.003	0.259	0.143
15	0.071	0.131	0.02	0.001	0.247	0.075
16	0.054	0.083	0.027	0.003	0.183	0.047
17	0.03	0.078	0.062	0.001	0.174	0.04
18	0.055	0.072	0.079	0.001	0.119	0.053
19	0.061	0.113	0.086	0.002	0.255	0.063
20	0.137	0.158	0.157	0.002	0.345	0.106
21	0.195	0.235	0.147	0.003	0.394	0.127
22	0.311	0.282	0.304	0.004	0.653	0.2
23	0.47	0.426	0.57	0.011	1.198	0.272
24	0.464	0.264	0.722	0.01	1.056	0.377
25	0.399	0.23	0.729	0.008	0.966	0.336
26	0.301	0.106	0.506	0.003	0.605	0.256
27	0.326	0.082	0.491	0.002	0.445	0.243
28	0.237	0.057	0.272	0.001	0.227	0.181
29	0.292	0.091	0.237	0.003	0.101	0.199
30	0.248	0.114	0.093	0.009	0.192	0.175
31	0.342	0.206	0.127	0.014	0.325	0.387
32	0.375	0.318	0.076	0.017	0.567	0.483
33	0.527	0.523	0.159	0.019	0.885	0.754
34	0.569	0.468	0.287	0.019	0.845	0.752
35	0.618	0.478	0.254	0.021	0.909	0.669
36	0.484	0.317	0.23	0.013	0.587	0.38
37	0.395	0.361	0.109	0.013	0.707	0.262
38	0.294	0.28	0.186	0.006	0.594	0.115
39	0.29	0.213	0.286	0.001	0.351	0.14
40	0.214	0.203	0.348	0.0	0.472	0.122
41	0.27	0.231	0.538	0.002	0.679	0.183
42	0.24	0.298	0.569	0.003	0.764	0.188
43	0.276	0.342	0.581	0.007	1.052	0.225
44	0.232	0.386	0.361	0.007	0.772	0.129
45	0.266	0.434	0.229	0.008	0.694	0.112
46	0.189	0.434	0.164	0.01	0.56	0.05
47	0.1	0.251	0.096	0.006	0.358	0.046
48	0.076	0.304	0.212	0.006	0.51	0.04
49	0.045	0.233	0.215	0.003	0.379	0.036
50	0.095	0.25	0.315	0.001	0.412	0.068
51	0.076	0.24	0.264	0.0	0.286	0.04
52	0.049	0.217	0.197	0.001	0.409	0.03
53	0.09	0.282	0.154	0.003	0.55	0.039
54	0.127	0.314	0.068	0.004	0.577	0.057
55	0.224	0.357	0.038	0.008	0.662	0.143
56	0.294	0.452	0.003	0.011	0.779	0.29
57	0.314	0.395	0.033	0.014	0.652	0.461
58	0.498	0.633	0.059	0.016	1.096	0.684
59	0.669	0.899	0.123	0.017	1.486	1.032
60	0.544	0.752	0.187	0.016	1.187	0.929
61	0.343	0.477	0.127	0.016	0.707	0.636
62	0.302	0.349	0.153	0.017	0.51	0.548
63	0.204	0.154	0.084	0.017	0.249	0.34
64	0.197	0.096	0.113	0.02	0.097	0.289
65	0.179	0.027	0.078	0.016	0.022	0.186
66	0.258	0.024	0.253	0.01	0.021	0.234
67	0.257	0.001	0.34	0.007	0.155	0.274
68	0.397	0.004	0.597	0.01	0.393	0.342
69	0.499	0.047	0.795	0.011	0.771	0.396
70	0.77	0.09	1.28	0.027	1.451	0.517
71	0.788	0.024	1.237	0.033	0.946	0.545
72	0.68	0.004	1.144	0.029	0.885	0.577
73	0.45	0.016	0.793	0.024	0.434	0.495
74	0.306	0.036	0.407	0.009	0.295	0.232
75	0.179	0.12	0.394	0.011	0.258	0.226
76	0.088	0.113	0.172	0.013	0.083	0.104
77	0.028	0.173	0.145	0.02	0.054	0.099
78	0.018	0.152	0.107	0.019	0.025	0.043
79	0.004	0.203	0.138	0.017	0.016	0.037
80	0.004	0.198	0.127	0.002	0.025	0.015
81	0.001	0.214	0.128	0.005	0.008	0.002
82	0.004	0.205	0.125	0.032	0.007	0.009
83	0.008	0.191	0.121	0.042	0.01	0.019
84	0.003	0.217	0.138	0.097	0.022	0.024
85	0.01	0.244	0.169	0.099	0.029	0.041
86	0.05	0.131	0.164	0.075	0.037	0.082
87	0.058	0.134	0.089	0.053	0.01	0.086
88	0.032	0.101	0.094	0.009	0.007	0.055
89	0.007	0.074	0.069	0.005	0.009	0.028
90	0.014	0.076	0.07	0.003	0.013	0.025
91	0.012	0.07	0.056	0.008	0.006	0.041
92	0.041	0.043	0.063	0.015	0.009	0.048
93	0.06	0.061	0.072	0.01	0.047	0.121
94	0.133	0.054	0.16	0.006	0.131	0.153
95	0.213	0.113	0.288	0.003	0.323	0.211
96	0.362	0.095	0.465	0.004	0.616	0.252
97	0.455	0.255	0.568	0.003	1.071	0.321
98	0.441	0.444	0.512	0.002	1.323	0.326
99	0.408	0.456	0.266	0.002	1.022	0.228
100	0.245	0.279	0.231	0.004	0.443	0.219
101	0.181	0.182	0.094	0.005	0.169	0.125
102	0.136	0.128	0.128	0.005	0.151	0.146
103	0.125	0.099	0.066	0.002	0.145	0.138
104	0.194	0.098	0.166	0.001	0.295	0.158
105	0.134	0.034	0.125	0.001	0.179	0.123
106	0.06	0.022	0.033	0.002	0.088	0.095
107	0.043	0.002	0.021	0.005	0.034	0.052
108	0.013	0.0	0.005	0.002	0.038	0.043
109	0.029	0.019	0.011	0.002	0.054	0.046
110	0.039	0.028	0.009	0.002	0.036	0.086
111	0.132	0.112	0.008	0.002	0.024	0.196
112	0.181	0.225	0.018	0.002	0.029	0.171
113	0.173	0.239	0.021	0.002	0.084	0.128
114	0.254	0.4	0.098	0.002	0.409	0.093
115	0.017	0.282	0.098	0.141	0.068	0.048
116	0.006	0.199	0.161	0.049	0.064	0.032
117	0.052	0.169	0.12	0.039	0.072	0.036
118	0.08	0.087	0.182	0.054	0.032	0.113
119	0.09	0.141	0.196	0.041	0.087	0.17
120	0.079	0.14	0.19	0.034	0.094	0.204
121	0.166	0.283	0.194	0.036	0.312	0.446
122	0.168	0.235	0.154	0.04	0.302	0.435
123	0.314	0.449	0.179	0.047	0.608	0.741
124	0.45	0.633	0.141	0.055	0.966	0.882
125	0.48	0.665	0.066	0.05	1.072	0.761
126	0.332	0.467	0.054	0.038	0.713	0.473
127	0.242	0.387	0.011	0.022	0.622	0.216
128	0.135	0.197	0.001	0.01	0.313	0.094
129	0.075	0.127	0.015	0.005	0.282	0.036
130	0.058	0.081	0.022	0.006	0.197	0.035
131	0.033	0.074	0.056	0.002	0.171	0.04
132	0.055	0.07	0.076	0.002	0.11	0.059
133	0.059	0.103	0.082	0.001	0.22	0.084
134	0.132	0.156	0.159	0.001	0.34	0.098
135	0.188	0.225	0.147	0.001	0.387	0.106
136	0.304	0.277	0.304	0.004	0.708	0.116
137	0.455	0.423	0.565	0.014	1.31	0.108
138	0.463	0.273	0.712	0.018	1.245	0.18
139	0.401	0.239	0.725	0.017	1.138	0.188
140	0.299	0.113	0.495	0.01	0.666	0.181
141	0.314	0.089	0.463	0.01	0.467	0.206
142	0.232	0.058	0.254	0.008	0.208	0.189
143	0.282	0.086	0.21	0.01	0.066	0.224
144	0.237	0.1	0.074	0.016	0.139	0.215
145	0.323	0.181	0.109	0.035	0.24	0.427
146	0.362	0.289	0.071	0.045	0.502	0.52
147	0.499	0.46	0.168	0.063	0.779	0.802
148	0.529	0.381	0.274	0.058	0.627	0.825
149	0.574	0.396	0.215	0.054	0.679	0.709
150	0.452	0.269	0.188	0.029	0.414	0.449
151	0.377	0.325	0.082	0.025	0.601	0.297
152	0.278	0.252	0.147	0.009	0.505	0.167
153	0.277	0.206	0.254	0.004	0.283	0.19
154	0.204	0.198	0.32	0.002	0.446	0.13
155	0.247	0.219	0.481	0.005	0.676	0.15
156	0.234	0.297	0.545	0.006	0.871	0.112
157	0.278	0.35	0.584	0.011	1.169	0.131
158	0.225	0.383	0.365	0.006	0.824	0.072
159	0.254	0.414	0.225	0.005	0.67	0.071
160	0.175	0.416	0.169	0.005	0.522	0.051
161	0.093	0.241	0.1	0.002	0.32	0.067
162	0.073	0.288	0.22	0.003	0.501	0.05
163	0.036	0.215	0.19	0.001	0.366	0.045
164	0.08	0.247	0.293	0.001	0.421	0.056
165	0.069	0.235	0.244	0.001	0.281	0.04
166	0.053	0.205	0.184	0.002	0.418	0.029
167	0.097	0.268	0.133	0.006	0.558	0.025
168	0.136	0.3	0.056	0.007	0.608	0.03
169	0.227	0.341	0.027	0.02	0.649	0.165
170	0.291	0.434	0.005	0.026	0.781	0.302
171	0.311	0.38	0.041	0.039	0.653	0.477
172	0.486	0.621	0.062	0.05	1.07	0.787
173	0.64	0.838	0.137	0.062	1.386	1.191
174	0.531	0.682	0.191	0.057	1.067	1.006
175	0.332	0.444	0.14	0.049	0.674	0.667
176	0.294	0.322	0.158	0.048	0.462	0.565
177	0.195	0.14	0.09	0.036	0.201	0.355
178	0.186	0.085	0.114	0.038	0.07	0.284
179	0.172	0.023	0.072	0.027	0.004	0.192
180	0.254	0.02	0.235	0.022	0.023	0.206
181	0.252	0.002	0.321	0.022	0.176	0.222
182	0.389	0.006	0.569	0.029	0.454	0.229
183	0.489	0.05	0.765	0.029	0.892	0.218
184	0.747	0.102	1.228	0.053	1.665	0.258
185	0.754	0.039	1.147	0.064	1.084	0.297
186	0.67	0.002	1.098	0.064	1.068	0.279
187	0.44	0.01	0.758	0.055	0.561	0.274
188	0.313	0.029	0.396	0.024	0.36	0.13
189	0.187	0.109	0.38	0.025	0.328	0.116
190	0.091	0.107	0.171	0.022	0.103	0.062
191	0.031	0.166	0.142	0.028	0.074	0.062
192	0.02	0.146	0.106	0.023	0.029	0.033
193	0.004	0.201	0.14	0.021	0.019	0.031
194	0.005	0.195	0.128	0.003	0.03	0.012
195	0.001	0.22	0.129	0.006	0.005	0.002
196	0.003	0.212	0.124	0.03	0.005	0.012
197	0.006	0.196	0.12	0.035	0.01	0.026
198	0.002	0.216	0.136	0.082	0.015	0.041
199	0.011	0.249	0.167	0.081	0.019	0.065
200	0.048	0.136	0.155	0.054	0.013	0.123
201	0.054	0.131	0.087	0.035	0.005	0.105
202	0.031	0.103	0.092	0.007	0.01	0.056
203	0.007	0.073	0.071	0.007	0.01	0.023
204	0.015	0.077	0.074	0.005	0.009	0.024
205	0.013	0.069	0.057	0.012	0.001	0.04
206	0.043	0.042	0.064	0.019	0.008	0.042
207	0.063	0.058	0.072	0.017	0.054	0.099
208	0.137	0.05	0.16	0.015	0.16	0.107
209	0.219	0.106	0.283	0.013	0.39	0.119
210	0.364	0.09	0.457	0.014	0.724	0.118
211	0.455	0.244	0.567	0.013	1.224	0.127
212	0.455	0.428	0.51	0.01	1.534	0.134
213	0.43	0.448	0.279	0.006	1.213	0.122
214	0.266	0.28	0.236	0.011	0.569	0.126
215	0.192	0.18	0.096	0.011	0.187	0.102
216	0.143	0.12	0.128	0.012	0.18	0.104
217	0.127	0.094	0.066	0.005	0.149	0.122
218	0.194	0.092	0.167	0.004	0.314	0.121
219	0.135	0.033	0.126	0.004	0.186	0.105
220	0.061	0.019	0.034	0.005	0.074	0.101
221	0.045	0.002	0.021	0.008	0.029	0.051
222	0.015	0.0	0.006	0.004	0.031	0.046
223	0.031	0.022	0.013	0.005	0.06	0.039
224	0.04	0.031	0.011	0.004	0.055	0.066
225	0.132	0.114	0.01	0.006	0.048	0.176
226	0.184	0.235	0.022	0.007	0.026	0.186
227	0.182	0.25	0.019	0.007	0.108	0.109
228	0.259	0.415	0.095	0.007	0.426	0.118
229	0.01	0.281	0.095	0.063	0.136	0.049
230	0.009	0.178	0.191	0.075	0.043	0.033
231	0.052	0.171	0.121	0.077	0.035	0.039
232	0.082	0.091	0.165	0.036	0.053	0.119
233	0.094	0.149	0.182	0.098	0.045	0.178
234	0.084	0.145	0.171	0.115	0.037	0.206
235	0.175	0.296	0.169	0.338	0.051	0.448
236	0.17	0.243	0.133	0.317	0.055	0.417
237	0.324	0.458	0.154	0.616	0.071	0.723
238	0.453	0.645	0.112	0.983	0.081	0.828
239	0.475	0.675	0.049	1.085	0.074	0.694
240	0.325	0.465	0.047	0.702	0.044	0.448
241	0.229	0.387	0.017	0.603	0.02	0.196
242	0.13	0.198	0.002	0.307	0.009	0.095
243	0.07	0.128	0.02	0.286	0.004	0.036
244	0.052	0.083	0.024	0.192	0.005	0.029
245	0.028	0.077	0.056	0.169	0.004	0.035
246	0.055	0.075	0.077	0.113	0.006	0.053
247	0.062	0.112	0.088	0.243	0.004	0.073
248	0.137	0.15	0.162	0.352	0.003	0.096
249	0.193	0.217	0.157	0.403	0.002	0.108
250	0.307	0.254	0.321	0.714	0.003	0.134
251	0.465	0.391	0.584	1.323	0.009	0.145
252	0.467	0.241	0.741	1.24	0.013	0.242
253	0.404	0.22	0.736	1.118	0.017	0.23
254	0.304	0.103	0.503	0.673	0.017	0.203
255	0.326	0.092	0.474	0.473	0.024	0.218
256	0.237	0.067	0.26	0.211	0.025	0.193
257	0.291	0.109	0.217	0.067	0.027	0.224
258	0.241	0.12	0.075	0.144	0.028	0.208
259	0.328	0.207	0.097	0.243	0.052	0.407
260	0.369	0.324	0.053	0.533	0.059	0.495
261	0.529	0.536	0.125	0.888	0.086	0.791
262	0.554	0.456	0.235	0.707	0.086	0.808
263	0.593	0.478	0.195	0.756	0.079	0.684
264	0.467	0.338	0.188	0.471	0.052	0.422
265	0.375	0.368	0.087	0.644	0.035	0.264
266	0.283	0.293	0.17	0.54	0.021	0.148
267	0.283	0.232	0.269	0.301	0.023	0.178
268	0.208	0.213	0.328	0.463	0.016	0.125
269	0.266	0.24	0.514	0.7	0.016	0.154
270	0.248	0.307	0.576	0.873	0.01	0.126
271	0.283	0.336	0.595	1.182	0.009	0.152
272	0.233	0.373	0.366	0.833	0.004	0.08
273	0.261	0.407	0.236	0.708	0.003	0.076
274	0.183	0.414	0.163	0.538	0.002	0.044
275	0.096	0.24	0.096	0.33	0.002	0.056
276	0.077	0.3	0.208	0.523	0.002	0.038
277	0.044	0.236	0.205	0.379	0.002	0.032
278	0.092	0.255	0.301	0.397	0.004	0.054
279	0.072	0.243	0.243	0.273	0.005	0.033
280	0.043	0.217	0.184	0.412	0.005	0.02
281	0.082	0.282	0.147	0.58	0.005	0.011
282	0.122	0.31	0.071	0.616	0.005	0.017
283	0.209	0.346	0.036	0.661	0.025	0.115
284	0.266	0.427	0.002	0.762	0.034	0.239
285	0.299	0.38	0.025	0.642	0.054	0.427
286	0.471	0.629	0.033	1.073	0.08	0.676
287	0.644	0.865	0.086	1.42	0.111	1.066
288	0.541	0.72	0.141	1.121	0.094	0.948
289	0.34	0.462	0.104	0.701	0.071	0.633
290	0.305	0.348	0.128	0.5	0.063	0.558
291	0.2	0.15	0.074	0.224	0.046	0.352
292	0.192	0.094	0.099	0.081	0.047	0.293
293	0.177	0.028	0.069	0.005	0.036	0.199
294	0.26	0.032	0.236	0.024	0.036	0.226
295	0.259	0.005	0.326	0.181	0.035	0.243
296	0.399	0.007	0.573	0.465	0.037	0.267
297	0.495	0.036	0.768	0.894	0.028	0.266
298	0.766	0.08	1.274	1.741	0.053	0.327
299	0.764	0.042	1.15	1.101	0.068	0.364
300	0.679	0.001	1.114	1.102	0.054	0.374
301	0.447	0.019	0.759	0.579	0.052	0.348
302	0.308	0.029	0.407	0.37	0.025	0.156
303	0.181	0.112	0.391	0.336	0.023	0.142
304	0.088	0.11	0.173	0.108	0.025	0.077
305	0.031	0.167	0.142	0.071	0.031	0.073
306	0.021	0.147	0.104	0.026	0.026	0.036
307	0.005	0.204	0.131	0.017	0.024	0.033
308	0.005	0.197	0.121	0.027	0.004	0.013
309	0.001	0.216	0.124	0.004	0.009	0.004
310	0.004	0.21	0.118	0.003	0.032	0.018
311	0.006	0.195	0.113	0.007	0.036	0.032
312	0.002	0.22	0.128	0.019	0.075	0.049
313	0.011	0.249	0.164	0.022	0.072	0.072
314	0.055	0.133	0.135	0.018	0.037	0.126
315	0.051	0.124	0.078	0.003	0.029	0.107
316	0.029	0.105	0.081	0.009	0.01	0.058
317	0.007	0.071	0.062	0.009	0.009	0.026
318	0.016	0.076	0.063	0.011	0.006	0.026
319	0.013	0.069	0.051	0.001	0.016	0.04
320	0.042	0.042	0.061	0.007	0.023	0.044
321	0.062	0.057	0.074	0.054	0.022	0.1
322	0.133	0.046	0.161	0.157	0.018	0.112
323	0.209	0.097	0.292	0.382	0.013	0.132
324	0.357	0.073	0.476	0.718	0.009	0.142
325	0.44	0.218	0.576	1.195	0.007	0.153
326	0.433	0.413	0.519	1.447	0.019	0.147
327	0.388	0.412	0.269	0.988	0.022	0.109
328	0.229	0.257	0.231	0.469	0.015	0.123
329	0.172	0.171	0.099	0.178	0.015	0.089
330	0.132	0.117	0.133	0.173	0.015	0.104
331	0.123	0.089	0.072	0.151	0.008	0.118
332	0.192	0.081	0.174	0.316	0.006	0.123
333	0.135	0.027	0.128	0.189	0.008	0.106
334	0.061	0.019	0.037	0.079	0.01	0.096
335	0.044	0.001	0.022	0.03	0.01	0.051
336	0.015	0.0	0.004	0.033	0.007	0.044
337	0.03	0.02	0.01	0.06	0.006	0.037
338	0.037	0.03	0.009	0.056	0.006	0.067
339	0.126	0.114	0.009	0.044	0.01	0.171
340	0.178	0.223	0.023	0.017	0.015	0.184
341	0.173	0.233	0.028	0.087	0.009	0.115
342	0.247	0.361	0.111	0.329	0.021	0.126
343	0.012	0.273	0.098	0.068	0.163	0.017
344	0.01	0.17	0.204	0.078	0.056	0.018
345	0.051	0.174	0.124	0.071	0.037	0.046
346	0.081	0.095	0.165	0.03	0.039	0.139
347	0.096	0.155	0.184	0.107	0.024	0.198
348	0.087	0.151	0.175	0.137	0.014	0.219
349	0.182	0.311	0.174	0.376	0.004	0.481
350	0.181	0.264	0.139	0.355	0.008	0.467
351	0.344	0.507	0.161	0.671	0.011	0.808
352	0.472	0.686	0.113	1.035	0.01	0.906
353	0.493	0.717	0.052	1.135	0.013	0.766
354	0.338	0.5	0.053	0.701	0.009	0.544
355	0.236	0.408	0.019	0.587	0.008	0.271
356	0.128	0.201	0.002	0.28	0.005	0.129
357	0.068	0.125	0.016	0.249	0.005	0.061
358	0.053	0.081	0.02	0.165	0.002	0.042
359	0.029	0.072	0.05	0.154	0.003	0.039
360	0.056	0.067	0.071	0.11	0.003	0.056
361	0.063	0.102	0.082	0.234	0.005	0.071
362	0.139	0.145	0.16	0.329	0.008	0.11
363	0.191	0.209	0.151	0.346	0.013	0.13
364	0.303	0.242	0.304	0.597	0.019	0.191
365	0.469	0.38	0.557	1.143	0.031	0.24
366	0.475	0.239	0.722	1.125	0.024	0.356
367	0.413	0.21	0.714	1.046	0.02	0.319
368	0.307	0.096	0.488	0.649	0.011	0.251
369	0.328	0.083	0.466	0.502	0.009	0.248
370	0.237	0.064	0.255	0.254	0.008	0.191
371	0.281	0.104	0.199	0.106	0.005	0.207
372	0.238	0.12	0.067	0.183	0.005	0.185
373	0.334	0.212	0.087	0.293	0.005	0.411
374	0.372	0.323	0.044	0.561	0.005	0.518
375	0.533	0.526	0.11	0.882	0.006	0.833
376	0.568	0.464	0.217	0.752	0.006	0.831
377	0.594	0.483	0.171	0.807	0.007	0.68
378	0.469	0.335	0.177	0.534	0.007	0.387
379	0.373	0.367	0.085	0.679	0.008	0.247
380	0.276	0.287	0.165	0.586	0.009	0.108
381	0.281	0.228	0.267	0.364	0.009	0.144
382	0.216	0.212	0.34	0.521	0.011	0.123
383	0.282	0.227	0.518	0.742	0.013	0.183
384	0.265	0.291	0.566	0.878	0.018	0.183
385	0.304	0.331	0.581	1.119	0.021	0.22
386	0.247	0.371	0.357	0.747	0.019	0.124
387	0.268	0.406	0.221	0.579	0.021	0.107
388	0.183	0.401	0.157	0.456	0.012	0.052
389	0.096	0.235	0.098	0.309	0.007	0.052
390	0.081	0.289	0.212	0.495	0.008	0.045
391	0.044	0.225	0.195	0.351	0.006	0.035
392	0.092	0.239	0.283	0.363	0.008	0.064
393	0.072	0.225	0.226	0.248	0.006	0.038
394	0.044	0.208	0.17	0.385	0.007	0.026
395	0.084	0.278	0.136	0.531	0.007	0.027
396	0.121	0.307	0.06	0.575	0.007	0.043
397	0.217	0.366	0.028	0.673	0.011	0.141
398	0.286	0.471	0.003	0.823	0.011	0.291
399	0.315	0.415	0.025	0.698	0.009	0.482
400	0.497	0.665	0.034	1.166	0.013	0.73
401	0.67	0.914	0.085	1.541	0.016	1.12
402	0.56	0.752	0.138	1.204	0.01	1.001
403	0.356	0.495	0.107	0.758	0.007	0.703
404	0.31	0.354	0.125	0.523	0.004	0.605
405	0.205	0.156	0.069	0.25	0.004	0.375
406	0.199	0.1	0.096	0.095	0.009	0.32
407	0.177	0.031	0.068	0.017	0.012	0.206
408	0.258	0.034	0.229	0.023	0.008	0.25
409	0.256	0.005	0.319	0.174	0.009	0.281
410	0.392	0.005	0.557	0.436	0.008	0.336
411	0.498	0.034	0.765	0.847	0.01	0.371
412	0.754	0.081	1.191	1.549	0.022	0.462
413	0.788	0.041	1.168	1.12	0.017	0.512
414	0.682	0.001	1.096	1.011	0.01	0.539
415	0.443	0.02	0.743	0.488	0.009	0.476
416	0.299	0.035	0.412	0.33	0.009	0.223
417	0.169	0.118	0.393	0.279	0.012	0.218
418	0.088	0.11	0.17	0.08	0.016	0.107
419	0.03	0.165	0.143	0.054	0.023	0.099
420	0.019	0.148	0.104	0.023	0.023	0.046
421	0.004	0.203	0.13	0.014	0.019	0.043
422	0.005	0.2	0.124	0.025	0.005	0.017
423	0.001	0.225	0.126	0.005	0.006	0.004
424	0.004	0.218	0.122	0.004	0.034	0.01
425	0.008	0.199	0.116	0.007	0.044	0.018
426	0.002	0.224	0.13	0.023	0.089	0.025
427	0.011	0.255	0.168	0.03	0.092	0.041
428	0.051	0.141	0.146	0.035	0.07	0.08
429	0.054	0.133	0.084	0.007	0.05	0.081
430	0.03	0.107	0.088	0.006	0.012	0.051
431	0.007	0.074	0.066	0.009	0.005	0.03
432	0.014	0.081	0.066	0.012	0.003	0.029
433	0.011	0.076	0.052	0.003	0.009	0.047
434	0.04	0.047	0.06	0.006	0.018	0.053
435	0.058	0.061	0.074	0.043	0.014	0.123
436	0.126	0.049	0.161	0.131	0.01	0.146
437	0.199	0.098	0.293	0.322	0.01	0.191
438	0.348	0.081	0.481	0.643	0.009	0.224
439	0.427	0.234	0.586	1.062	0.025	0.268
440	0.409	0.449	0.483	1.3	0.07	0.246
441	0.348	0.389	0.231	0.742	0.053	0.168
442	0.191	0.265	0.227	0.372	0.029	0.176
443	0.148	0.163	0.097	0.124	0.011	0.113
444	0.122	0.116	0.136	0.139	0.011	0.141
445	0.12	0.088	0.071	0.126	0.008	0.138
446	0.189	0.078	0.168	0.275	0.007	0.153
447	0.133	0.025	0.123	0.175	0.004	0.125
448	0.061	0.018	0.035	0.078	0.005	0.104
449	0.043	0.001	0.02	0.031	0.004	0.056
450	0.014	0.0	0.006	0.032	0.002	0.047
451	0.029	0.021	0.012	0.052	0.001	0.045
452	0.038	0.028	0.011	0.036	0.005	0.081
453	0.129	0.113	0.011	0.027	0.005	0.19
454	0.182	0.233	0.025	0.025	0.005	0.177
455	0.179	0.245	0.029	0.094	0.002	0.125
456	0.257	0.396	0.114	0.433	0.003	0.101
