index	displacement
1	0.014
2	0.008
3	0.05
4	0.081
5	0.091
6	0.081
7	0.173
8	0.173
9	0.33
10	0.463
11	0.507
12	0.349
13	0.243
14	0.132
15	0.071
16	0.054
17	0.03
18	0.055
19	0.061
20	0.137
21	0.195
22	0.311
23	0.47
24	0.464
25	0.399
26	0.301
27	0.326
28	0.237
29	0.292
30	0.248
31	0.342
32	0.375
33	0.527
34	0.569
35	0.618
36	0.484
37	0.395
38	0.294
39	0.29
40	0.214
41	0.27
42	0.24
43	0.276
44	0.232
45	0.266
46	0.189
47	0.1
48	0.076
49	0.045
50	0.095
51	0.076
52	0.049
53	0.09
54	0.127
55	0.224
56	0.294
57	0.314
58	0.498
59	0.669
60	0.544
61	0.343
62	0.302
63	0.204
64	0.197
65	0.179
66	0.258
67	0.257
68	0.397
69	0.499
70	0.77
71	0.788
72	0.68
73	0.45
74	0.306
75	0.179
76	0.088
77	0.028
78	0.018
79	0.004
80	0.004
81	0.001
82	0.004
83	0.008
84	0.003
85	0.01
86	0.05
87	0.058
88	0.032
89	0.007
90	0.014
91	0.012
92	0.041
93	0.06
94	0.133
95	0.213
96	0.362
97	0.455
98	0.441
99	0.408
100	0.245
101	0.181
102	0.136
103	0.125
104	0.194
105	0.134
106	0.06
107	0.043
108	0.013
109	0.029
110	0.039
111	0.132
112	0.181
113	0.173
114	0.254
115	0.017
116	0.006
117	0.052
118	0.08
119	0.09
120	0.079
121	0.166
122	0.168
123	0.314
124	0.45
125	0.48
126	0.332
127	0.242
128	0.135
129	0.075
130	0.058
131	0.033
132	0.055
133	0.059
134	0.132
135	0.188
136	0.304
137	0.455
138	0.463
139	0.401
140	0.299
141	0.314
142	0.232
143	0.282
144	0.237
145	0.323
146	0.362
147	0.499
148	0.529
149	0.574
150	0.452
151	0.377
152	0.278
153	0.277
154	0.204
155	0.247
156	0.234
157	0.278
158	0.225
159	0.254
160	0.175
161	0.093
162	0.073
163	0.036
164	0.08
165	0.069
166	0.053
167	0.097
168	0.136
169	0.227
170	0.291
171	0.311
172	0.486
173	0.64
174	0.531
175	0.332
176	0.294
177	0.195
178	0.186
179	0.172
180	0.254
181	0.252
182	0.389
183	0.489
184	0.747
185	0.754
186	0.67
187	0.44
188	0.313
189	0.187
190	0.091
191	0.031
192	0.02
193	0.004
194	0.005
195	0.001
196	0.003
197	0.006
198	0.002
199	0.011
200	0.048
201	0.054
202	0.031
203	0.007
204	0.015
205	0.013
206	0.043
207	0.063
208	0.137
209	0.219
210	0.364
211	0.455
212	0.455
213	0.43
214	0.266
215	0.192
216	0.143
217	0.127
218	0.194
219	0.135
220	0.061
221	0.045
222	0.015
223	0.031
224	0.04
225	0.132
226	0.184
227	0.182
228	0.259
229	0.01
230	0.009
231	0.052
232	0.082
233	0.094
234	0.084
235	0.175
236	0.17
237	0.324
238	0.453
239	0.475
240	0.325
241	0.229
242	0.13
243	0.07
244	0.052
245	0.028
246	0.055
247	0.062
248	0.137
249	0.193
250	0.307
251	0.465
252	0.467
253	0.404
254	0.304
255	0.326
256	0.237
257	0.291
258	0.241
259	0.328
260	0.369
261	0.529
262	0.554
263	0.593
264	0.467
265	0.375
266	0.283
267	0.283
268	0.208
269	0.266
270	0.248
271	0.283
272	0.233
273	0.261
274	0.183
275	0.096
276	0.077
277	0.044
278	0.092
279	0.072
280	0.043
281	0.082
282	0.122
283	0.209
284	0.266
285	0.299
286	0.471
287	0.644
288	0.541
289	0.34
290	0.305
291	0.2
292	0.192
293	0.177
294	0.26
295	0.259
296	0.399
297	0.495
298	0.766
299	0.764
300	0.679
301	0.447
302	0.308
303	0.181
304	0.088
305	0.031
306	0.021
307	0.005
308	0.005
309	0.001
310	0.004
311	0.006
312	0.002
313	0.011
314	0.055
315	0.051
316	0.029
317	0.007
318	0.016
319	0.013
320	0.042
321	0.062
322	0.133
323	0.209
324	0.357
325	0.44
326	0.433
327	0.388
328	0.229
329	0.172
330	0.132
331	0.123
332	0.192
333	0.135
334	0.061
335	0.044
336	0.015
337	0.03
338	0.037
339	0.126
340	0.178
341	0.173
342	0.247
343	0.012
344	0.01
345	0.051
346	0.081
347	0.096
348	0.087
349	0.182
350	0.181
351	0.344
352	0.472
353	0.493
354	0.338
355	0.236
356	0.128
357	0.068
358	0.053
359	0.029
360	0.056
361	0.063
362	0.139
363	0.191
364	0.303
365	0.469
366	0.475
367	0.413
368	0.307
369	0.328
370	0.237
371	0.281
372	0.238
373	0.334
374	0.372
375	0.533
376	0.568
377	0.594
378	0.469
379	0.373
380	0.276
381	0.281
382	0.216
383	0.282
384	0.265
385	0.304
386	0.247
387	0.268
388	0.183
389	0.096
390	0.081
391	0.044
392	0.092
393	0.072
394	0.044
395	0.084
396	0.121
397	0.217
398	0.286
399	0.315
400	0.497
401	0.67
402	0.56
403	0.356
404	0.31
405	0.205
406	0.199
407	0.177
408	0.258
409	0.256
410	0.392
411	0.498
412	0.754
413	0.788
414	0.682
415	0.443
416	0.299
417	0.169
418	0.088
419	0.03
420	0.019
421	0.004
422	0.005
423	0.001
424	0.004
425	0.008
426	0.002
427	0.011
428	0.051
429	0.054
430	0.03
431	0.007
432	0.014
433	0.011
434	0.04
435	0.058
436	0.126
437	0.199
438	0.348
439	0.427
440	0.409
441	0.348
442	0.191
443	0.148
444	0.122
445	0.12
446	0.189
447	0.133
448	0.061
449	0.043
450	0.014
451	0.029
452	0.038
453	0.129
454	0.182
455	0.179
456	0.257
