index	displacement
1	0.066
2	0.068
3	0.071
4	0.028
5	0.104
6	0.123
7	0.365
8	0.323
9	0.602
10	0.961
11	1.086
12	0.674
13	0.551
14	0.259
15	0.247
16	0.183
17	0.174
18	0.119
19	0.255
20	0.345
21	0.394
22	0.653
23	1.198
24	1.056
25	0.966
26	0.605
27	0.445
28	0.227
29	0.101
30	0.192
31	0.325
32	0.567
33	0.885
34	0.845
35	0.909
36	0.587
37	0.707
38	0.594
39	0.351
40	0.472
41	0.679
42	0.764
43	1.052
44	0.772
45	0.694
46	0.56
47	0.358
48	0.51
49	0.379
50	0.412
51	0.286
52	0.409
53	0.55
54	0.577
55	0.662
56	0.779
57	0.652
58	1.096
59	1.486
60	1.187
61	0.707
62	0.51
63	0.249
64	0.097
65	0.022
66	0.021
67	0.155
68	0.393
69	0.771
70	1.451
71	0.946
72	0.885
73	0.434
74	0.295
75	0.258
76	0.083
77	0.054
78	0.025
79	0.016
80	0.025
81	0.008
82	0.007
83	0.01
84	0.022
85	0.029
86	0.037
87	0.01
88	0.007
89	0.009
90	0.013
91	0.006
92	0.009
93	0.047
94	0.131
95	0.323
96	0.616
97	1.071
98	1.323
99	1.022
100	0.443
101	0.169
102	0.151
103	0.145
104	0.295
105	0.179
106	0.088
107	0.034
108	0.038
109	0.054
110	0.036
111	0.024
112	0.029
113	0.084
114	0.409
115	0.068
116	0.064
117	0.072
118	0.032
119	0.087
120	0.094
121	0.312
122	0.302
123	0.608
124	0.966
125	1.072
126	0.713
127	0.622
128	0.313
129	0.282
130	0.197
131	0.171
132	0.11
133	0.22
134	0.34
135	0.387
136	0.708
137	1.31
138	1.245
139	1.138
140	0.666
141	0.467
142	0.208
143	0.066
144	0.139
145	0.24
146	0.502
147	0.779
148	0.627
149	0.679
150	0.414
151	0.601
152	0.505
153	0.283
154	0.446
155	0.676
156	0.871
157	1.169
158	0.824
159	0.67
160	0.522
161	0.32
162	0.501
163	0.366
164	0.421
165	0.281
166	0.418
167	0.558
168	0.608
169	0.649
170	0.781
171	0.653
172	1.07
173	1.386
174	1.067
175	0.674
176	0.462
177	0.201
178	0.07
179	0.004
180	0.023
181	0.176
182	0.454
183	0.892
184	1.665
185	1.084
186	1.068
187	0.561
188	0.36
189	0.328
190	0.103
191	0.074
192	0.029
193	0.019
194	0.03
195	0.005
196	0.005
197	0.01
198	0.015
199	0.019
200	0.013
201	0.005
202	0.01
203	0.01
204	0.009
205	0.001
206	0.008
207	0.054
208	0.16
209	0.39
210	0.724
211	1.224
212	1.534
213	1.213
214	0.569
215	0.187
216	0.18
217	0.149
218	0.314
219	0.186
220	0.074
221	0.029
222	0.031
223	0.06
224	0.055
225	0.048
226	0.026
227	0.108
228	0.426
229	0.136
230	0.043
231	0.035
232	0.053
233	0.045
234	0.037
235	0.051
236	0.055
237	0.071
238	0.081
239	0.074
240	0.044
241	0.02
242	0.009
243	0.004
244	0.005
245	0.004
246	0.006
247	0.004
248	0.003
249	0.002
250	0.003
251	0.009
252	0.013
253	0.017
254	0.017
255	0.024
256	0.025
257	0.027
258	0.028
259	0.052
260	0.059
261	0.086
262	0.086
263	0.079
264	0.052
265	0.035
266	0.021
267	0.023
268	0.016
269	0.016
270	0.01
271	0.009
272	0.004
273	0.003
274	0.002
275	0.002
276	0.002
277	0.002
278	0.004
279	0.005
280	0.005
281	0.005
282	0.005
283	0.025
284	0.034
285	0.054
286	0.08
287	0.111
288	0.094
289	0.071
290	0.063
291	0.046
292	0.047
293	0.036
294	0.036
295	0.035
296	0.037
297	0.028
298	0.053
299	0.068
300	0.054
301	0.052
302	0.025
303	0.023
304	0.025
305	0.031
306	0.026
307	0.024
308	0.004
309	0.009
310	0.032
311	0.036
312	0.075
313	0.072
314	0.037
315	0.029
316	0.01
317	0.009
318	0.006
319	0.016
320	0.023
321	0.022
322	0.018
323	0.013
324	0.009
325	0.007
326	0.019
327	0.022
328	0.015
329	0.015
330	0.015
331	0.008
332	0.006
333	0.008
334	0.01
335	0.01
336	0.007
337	0.006
338	0.006
339	0.01
340	0.015
341	0.009
342	0.021
343	0.163
344	0.056
345	0.037
346	0.039
347	0.024
348	0.014
349	0.004
350	0.008
351	0.011
352	0.01
353	0.013
354	0.009
355	0.008
356	0.005
357	0.005
358	0.002
359	0.003
360	0.003
361	0.005
362	0.008
363	0.013
364	0.019
365	0.031
366	0.024
367	0.02
368	0.011
369	0.009
370	0.008
371	0.005
372	0.005
373	0.005
374	0.005
375	0.006
376	0.006
377	0.007
378	0.007
379	0.008
380	0.009
381	0.009
382	0.011
383	0.013
384	0.018
385	0.021
386	0.019
387	0.021
388	0.012
389	0.007
390	0.008
391	0.006
392	0.008
393	0.006
394	0.007
395	0.007
396	0.007
397	0.011
398	0.011
399	0.009
400	0.013
401	0.016
402	0.01
403	0.007
404	0.004
405	0.004
406	0.009
407	0.012
408	0.008
409	0.009
410	0.008
411	0.01
412	0.022
413	0.017
414	0.01
415	0.009
416	0.009
417	0.012
418	0.016
419	0.023
420	0.023
421	0.019
422	0.005
423	0.006
424	0.034
425	0.044
426	0.089
427	0.092
428	0.07
429	0.05
430	0.012
431	0.005
432	0.003
433	0.009
434	0.018
435	0.014
436	0.01
437	0.01
438	0.009
439	0.025
440	0.07
441	0.053
442	0.029
443	0.011
444	0.011
445	0.008
446	0.007
447	0.004
448	0.005
449	0.004
450	0.002
451	0.001
452	0.005
453	0.005
454	0.005
455	0.002
456	0.003
