index	displacement
1	0.284
2	0.195
3	0.179
4	0.094
5	0.151
6	0.148
7	0.309
8	0.247
9	0.476
10	0.663
11	0.712
12	0.5
13	0.407
14	0.2
15	0.131
16	0.083
17	0.078
18	0.072
19	0.113
20	0.158
21	0.235
22	0.282
23	0.426
24	0.264
25	0.23
26	0.106
27	0.082
28	0.057
29	0.091
30	0.114
31	0.206
32	0.318
33	0.523
34	0.468
35	0.478
36	0.317
37	0.361
38	0.28
39	0.213
40	0.203
41	0.231
42	0.298
43	0.342
44	0.386
45	0.434
46	0.434
47	0.251
48	0.304
49	0.233
50	0.25
51	0.24
52	0.217
53	0.282
54	0.314
55	0.357
56	0.452
57	0.395
58	0.633
59	0.899
60	0.752
61	0.477
62	0.349
63	0.154
64	0.096
65	0.027
66	0.024
67	0.001
68	0.004
69	0.047
70	0.09
71	0.024
72	0.004
73	0.016
74	0.036
75	0.12
76	0.113
77	0.173
78	0.152
79	0.203
80	0.198
81	0.214
82	0.205
83	0.191
84	0.217
85	0.244
86	0.131
87	0.134
88	0.101
89	0.074
90	0.076
91	0.07
92	0.043
93	0.061
94	0.054
95	0.113
96	0.095
97	0.255
98	0.444
99	0.456
100	0.279
101	0.182
102	0.128
103	0.099
104	0.098
105	0.034
106	0.022
107	0.002
108	0.0
109	0.019
110	0.028
111	0.112
112	0.225
113	0.239
114	0.4
115	0.282
116	0.199
117	0.169
118	0.087
119	0.141
120	0.14
121	0.283
122	0.235
123	0.449
124	0.633
125	0.665
126	0.467
127	0.387
128	0.197
129	0.127
130	0.081
131	0.074
132	0.07
133	0.103
134	0.156
135	0.225
136	0.277
137	0.423
138	0.273
139	0.239
140	0.113
141	0.089
142	0.058
143	0.086
144	0.1
145	0.181
146	0.289
147	0.46
148	0.381
149	0.396
150	0.269
151	0.325
152	0.252
153	0.206
154	0.198
155	0.219
156	0.297
157	0.35
158	0.383
159	0.414
160	0.416
161	0.241
162	0.288
163	0.215
164	0.247
165	0.235
166	0.205
167	0.268
168	0.3
169	0.341
170	0.434
171	0.38
172	0.621
173	0.838
174	0.682
175	0.444
176	0.322
177	0.14
178	0.085
179	0.023
180	0.02
181	0.002
182	0.006
183	0.05
184	0.102
185	0.039
186	0.002
187	0.01
188	0.029
189	0.109
190	0.107
191	0.166
192	0.146
193	0.201
194	0.195
195	0.22
196	0.212
197	0.196
198	0.216
199	0.249
200	0.136
201	0.131
202	0.103
203	0.073
204	0.077
205	0.069
206	0.042
207	0.058
208	0.05
209	0.106
210	0.09
211	0.244
212	0.428
213	0.448
214	0.28
215	0.18
216	0.12
217	0.094
218	0.092
219	0.033
220	0.019
221	0.002
222	0.0
223	0.022
224	0.031
225	0.114
226	0.235
227	0.25
228	0.415
229	0.281
230	0.178
231	0.171
232	0.091
233	0.149
234	0.145
235	0.296
236	0.243
237	0.458
238	0.645
239	0.675
240	0.465
241	0.387
242	0.198
243	0.128
244	0.083
245	0.077
246	0.075
247	0.112
248	0.15
249	0.217
250	0.254
251	0.391
252	0.241
253	0.22
254	0.103
255	0.092
256	0.067
257	0.109
258	0.12
259	0.207
260	0.324
261	0.536
262	0.456
263	0.478
264	0.338
265	0.368
266	0.293
267	0.232
268	0.213
269	0.24
270	0.307
271	0.336
272	0.373
273	0.407
274	0.414
275	0.24
276	0.3
277	0.236
278	0.255
279	0.243
280	0.217
281	0.282
282	0.31
283	0.346
284	0.427
285	0.38
286	0.629
287	0.865
288	0.72
289	0.462
290	0.348
291	0.15
292	0.094
293	0.028
294	0.032
295	0.005
296	0.007
297	0.036
298	0.08
299	0.042
300	0.001
301	0.019
302	0.029
303	0.112
304	0.11
305	0.167
306	0.147
307	0.204
308	0.197
309	0.216
310	0.21
311	0.195
312	0.22
313	0.249
314	0.133
315	0.124
316	0.105
317	0.071
318	0.076
319	0.069
320	0.042
321	0.057
322	0.046
323	0.097
324	0.073
325	0.218
326	0.413
327	0.412
328	0.257
329	0.171
330	0.117
331	0.089
332	0.081
333	0.027
334	0.019
335	0.001
336	0.0
337	0.02
338	0.03
339	0.114
340	0.223
341	0.233
342	0.361
343	0.273
344	0.17
345	0.174
346	0.095
347	0.155
348	0.151
349	0.311
350	0.264
351	0.507
352	0.686
353	0.717
354	0.5
355	0.408
356	0.201
357	0.125
358	0.081
359	0.072
360	0.067
361	0.102
362	0.145
363	0.209
364	0.242
365	0.38
366	0.239
367	0.21
368	0.096
369	0.083
370	0.064
371	0.104
372	0.12
373	0.212
374	0.323
375	0.526
376	0.464
377	0.483
378	0.335
379	0.367
380	0.287
381	0.228
382	0.212
383	0.227
384	0.291
385	0.331
386	0.371
387	0.406
388	0.401
389	0.235
390	0.289
391	0.225
392	0.239
393	0.225
394	0.208
395	0.278
396	0.307
397	0.366
398	0.471
399	0.415
400	0.665
401	0.914
402	0.752
403	0.495
404	0.354
405	0.156
406	0.1
407	0.031
408	0.034
409	0.005
410	0.005
411	0.034
412	0.081
413	0.041
414	0.001
415	0.02
416	0.035
417	0.118
418	0.11
419	0.165
420	0.148
421	0.203
422	0.2
423	0.225
424	0.218
425	0.199
426	0.224
427	0.255
428	0.141
429	0.133
430	0.107
431	0.074
432	0.081
433	0.076
434	0.047
435	0.061
436	0.049
437	0.098
438	0.081
439	0.234
440	0.449
441	0.389
442	0.265
443	0.163
444	0.116
445	0.088
446	0.078
447	0.025
448	0.018
449	0.001
450	0.0
451	0.021
452	0.028
453	0.113
454	0.233
455	0.245
456	0.396
