index	displacement
1	0.162
2	0.055
3	0.039
4	0.047
5	0.032
6	0.024
7	0.014
8	0.016
9	0.016
10	0.017
11	0.017
12	0.014
13	0.007
14	0.003
15	0.001
16	0.003
17	0.001
18	0.001
19	0.002
20	0.002
21	0.003
22	0.004
23	0.011
24	0.01
25	0.008
26	0.003
27	0.002
28	0.001
29	0.003
30	0.009
31	0.014
32	0.017
33	0.019
34	0.019
35	0.021
36	0.013
37	0.013
38	0.006
39	0.001
40	0.0
41	0.002
42	0.003
43	0.007
44	0.007
45	0.008
46	0.01
47	0.006
48	0.006
49	0.003
50	0.001
51	0.0
52	0.001
53	0.003
54	0.004
55	0.008
56	0.011
57	0.014
58	0.016
59	0.017
60	0.016
61	0.016
62	0.017
63	0.017
64	0.02
65	0.016
66	0.01
67	0.007
68	0.01
69	0.011
70	0.027
71	0.033
72	0.029
73	0.024
74	0.009
75	0.011
76	0.013
77	0.02
78	0.019
79	0.017
80	0.002
81	0.005
82	0.032
83	0.042
84	0.097
85	0.099
86	0.075
87	0.053
88	0.009
89	0.005
90	0.003
91	0.008
92	0.015
93	0.01
94	0.006
95	0.003
96	0.004
97	0.003
98	0.002
99	0.002
100	0.004
101	0.005
102	0.005
103	0.002
104	0.001
105	0.001
106	0.002
107	0.005
108	0.002
109	0.002
110	0.002
111	0.002
112	0.002
113	0.002
114	0.002
115	0.141
116	0.049
117	0.039
118	0.054
119	0.041
120	0.034
121	0.036
122	0.04
123	0.047
124	0.055
125	0.05
126	0.038
127	0.022
128	0.01
129	0.005
130	0.006
131	0.002
132	0.002
133	0.001
134	0.001
135	0.001
136	0.004
137	0.014
138	0.018
139	0.017
140	0.01
141	0.01
142	0.008
143	0.01
144	0.016
145	0.035
146	0.045
147	0.063
148	0.058
149	0.054
150	0.029
151	0.025
152	0.009
153	0.004
154	0.002
155	0.005
156	0.006
157	0.011
158	0.006
159	0.005
160	0.005
161	0.002
162	0.003
163	0.001
164	0.001
165	0.001
166	0.002
167	0.006
168	0.007
169	0.02
170	0.026
171	0.039
172	0.05
173	0.062
174	0.057
175	0.049
176	0.048
177	0.036
178	0.038
179	0.027
180	0.022
181	0.022
182	0.029
183	0.029
184	0.053
185	0.064
186	0.064
187	0.055
188	0.024
189	0.025
190	0.022
191	0.028
192	0.023
193	0.021
194	0.003
195	0.006
196	0.03
197	0.035
198	0.082
199	0.081
200	0.054
201	0.035
202	0.007
203	0.007
204	0.005
205	0.012
206	0.019
207	0.017
208	0.015
209	0.013
210	0.014
211	0.013
212	0.01
213	0.006
214	0.011
215	0.011
216	0.012
217	0.005
218	0.004
219	0.004
220	0.005
221	0.008
222	0.004
223	0.005
224	0.004
225	0.006
226	0.007
227	0.007
228	0.007
229	0.063
230	0.075
231	0.077
232	0.036
233	0.098
234	0.115
235	0.338
236	0.317
237	0.616
238	0.983
239	1.085
240	0.702
241	0.603
242	0.307
243	0.286
244	0.192
245	0.169
246	0.113
247	0.243
248	0.352
249	0.403
250	0.714
251	1.323
252	1.24
253	1.118
254	0.673
255	0.473
256	0.211
257	0.067
258	0.144
259	0.243
260	0.533
261	0.888
262	0.707
263	0.756
264	0.471
265	0.644
266	0.54
267	0.301
268	0.463
269	0.7
270	0.873
271	1.182
272	0.833
273	0.708
274	0.538
275	0.33
276	0.523
277	0.379
278	0.397
279	0.273
280	0.412
281	0.58
282	0.616
283	0.661
284	0.762
285	0.642
286	1.073
287	1.42
288	1.121
289	0.701
290	0.5
291	0.224
292	0.081
293	0.005
294	0.024
295	0.181
296	0.465
297	0.894
298	1.741
299	1.101
300	1.102
301	0.579
302	0.37
303	0.336
304	0.108
305	0.071
306	0.026
307	0.017
308	0.027
309	0.004
310	0.003
311	0.007
312	0.019
313	0.022
314	0.018
315	0.003
316	0.009
317	0.009
318	0.011
319	0.001
320	0.007
321	0.054
322	0.157
323	0.382
324	0.718
325	1.195
326	1.447
327	0.988
328	0.469
329	0.178
330	0.173
331	0.151
332	0.316
333	0.189
334	0.079
335	0.03
336	0.033
337	0.06
338	0.056
339	0.044
340	0.017
341	0.087
342	0.329
343	0.068
344	0.078
345	0.071
346	0.03
347	0.107
348	0.137
349	0.376
350	0.355
351	0.671
352	1.035
353	1.135
354	0.701
355	0.587
356	0.28
357	0.249
358	0.165
359	0.154
360	0.11
361	0.234
362	0.329
363	0.346
364	0.597
365	1.143
366	1.125
367	1.046
368	0.649
369	0.502
370	0.254
371	0.106
372	0.183
373	0.293
374	0.561
375	0.882
376	0.752
377	0.807
378	0.534
379	0.679
380	0.586
381	0.364
382	0.521
383	0.742
384	0.878
385	1.119
386	0.747
387	0.579
388	0.456
389	0.309
390	0.495
391	0.351
392	0.363
393	0.248
394	0.385
395	0.531
396	0.575
397	0.673
398	0.823
399	0.698
400	1.166
401	1.541
402	1.204
403	0.758
404	0.523
405	0.25
406	0.095
407	0.017
408	0.023
409	0.174
410	0.436
411	0.847
412	1.549
413	1.12
414	1.011
415	0.488
416	0.33
417	0.279
418	0.08
419	0.054
420	0.023
421	0.014
422	0.025
423	0.005
424	0.004
425	0.007
426	0.023
427	0.03
428	0.035
429	0.007
430	0.006
431	0.009
432	0.012
433	0.003
434	0.006
435	0.043
436	0.131
437	0.322
438	0.643
439	1.062
440	1.3
441	0.742
442	0.372
443	0.124
444	0.139
445	0.126
446	0.275
447	0.175
448	0.078
449	0.031
450	0.032
451	0.052
452	0.036
453	0.027
454	0.025
455	0.094
456	0.433
