index	displacement
1	0.097
2	0.176
3	0.123
4	0.179
5	0.195
6	0.185
7	0.189
8	0.144
9	0.159
10	0.116
11	0.046
12	0.041
13	0.009
14	0.001
15	0.02
16	0.027
17	0.062
18	0.079
19	0.086
20	0.157
21	0.147
22	0.304
23	0.57
24	0.722
25	0.729
26	0.506
27	0.491
28	0.272
29	0.237
30	0.093
31	0.127
32	0.076
33	0.159
34	0.287
35	0.254
36	0.23
37	0.109
38	0.186
39	0.286
40	0.348
41	0.538
42	0.569
43	0.581
44	0.361
45	0.229
46	0.164
47	0.096
48	0.212
49	0.215
50	0.315
51	0.264
52	0.197
53	0.154
54	0.068
55	0.038
56	0.003
57	0.033
58	0.059
59	0.123
60	0.187
61	0.127
62	0.153
63	0.084
64	0.113
65	0.078
66	0.253
67	0.34
68	0.597
69	0.795
70	1.28
71	1.237
72	1.144
73	0.793
74	0.407
75	0.394
76	0.172
77	0.145
78	0.107
79	0.138
80	0.127
81	0.128
82	0.125
83	0.121
84	0.138
85	0.169
86	0.164
87	0.089
88	0.094
89	0.069
90	0.07
91	0.056
92	0.063
93	0.072
94	0.16
95	0.288
96	0.465
97	0.568
98	0.512
99	0.266
100	0.231
101	0.094
102	0.128
103	0.066
104	0.166
105	0.125
106	0.033
107	0.021
108	0.005
109	0.011
110	0.009
111	0.008
112	0.018
113	0.021
114	0.098
115	0.098
116	0.161
117	0.12
118	0.182
119	0.196
120	0.19
121	0.194
122	0.154
123	0.179
124	0.141
125	0.066
126	0.054
127	0.011
128	0.001
129	0.015
130	0.022
131	0.056
132	0.076
133	0.082
134	0.159
135	0.147
136	0.304
137	0.565
138	0.712
139	0.725
140	0.495
141	0.463
142	0.254
143	0.21
144	0.074
145	0.109
146	0.071
147	0.168
148	0.274
149	0.215
150	0.188
151	0.082
152	0.147
153	0.254
154	0.32
155	0.481
156	0.545
157	0.584
158	0.365
159	0.225
160	0.169
161	0.1
162	0.22
163	0.19
164	0.293
165	0.244
166	0.184
167	0.133
168	0.056
169	0.027
170	0.005
171	0.041
172	0.062
173	0.137
174	0.191
175	0.14
176	0.158
177	0.09
178	0.114
179	0.072
180	0.235
181	0.321
182	0.569
183	0.765
184	1.228
185	1.147
186	1.098
187	0.758
188	0.396
189	0.38
190	0.171
191	0.142
192	0.106
193	0.14
194	0.128
195	0.129
196	0.124
197	0.12
198	0.136
199	0.167
200	0.155
201	0.087
202	0.092
203	0.071
204	0.074
205	0.057
206	0.064
207	0.072
208	0.16
209	0.283
210	0.457
211	0.567
212	0.51
213	0.279
214	0.236
215	0.096
216	0.128
217	0.066
218	0.167
219	0.126
220	0.034
221	0.021
222	0.006
223	0.013
224	0.011
225	0.01
226	0.022
227	0.019
228	0.095
229	0.095
230	0.191
231	0.121
232	0.165
233	0.182
234	0.171
235	0.169
236	0.133
237	0.154
238	0.112
239	0.049
240	0.047
241	0.017
242	0.002
243	0.02
244	0.024
245	0.056
246	0.077
247	0.088
248	0.162
249	0.157
250	0.321
251	0.584
252	0.741
253	0.736
254	0.503
255	0.474
256	0.26
257	0.217
258	0.075
259	0.097
260	0.053
261	0.125
262	0.235
263	0.195
264	0.188
265	0.087
266	0.17
267	0.269
268	0.328
269	0.514
270	0.576
271	0.595
272	0.366
273	0.236
274	0.163
275	0.096
276	0.208
277	0.205
278	0.301
279	0.243
280	0.184
281	0.147
282	0.071
283	0.036
284	0.002
285	0.025
286	0.033
287	0.086
288	0.141
289	0.104
290	0.128
291	0.074
292	0.099
293	0.069
294	0.236
295	0.326
296	0.573
297	0.768
298	1.274
299	1.15
300	1.114
301	0.759
302	0.407
303	0.391
304	0.173
305	0.142
306	0.104
307	0.131
308	0.121
309	0.124
310	0.118
311	0.113
312	0.128
313	0.164
314	0.135
315	0.078
316	0.081
317	0.062
318	0.063
319	0.051
320	0.061
321	0.074
322	0.161
323	0.292
324	0.476
325	0.576
326	0.519
327	0.269
328	0.231
329	0.099
330	0.133
331	0.072
332	0.174
333	0.128
334	0.037
335	0.022
336	0.004
337	0.01
338	0.009
339	0.009
340	0.023
341	0.028
342	0.111
343	0.098
344	0.204
345	0.124
346	0.165
347	0.184
348	0.175
349	0.174
350	0.139
351	0.161
352	0.113
353	0.052
354	0.053
355	0.019
356	0.002
357	0.016
358	0.02
359	0.05
360	0.071
361	0.082
362	0.16
363	0.151
364	0.304
365	0.557
366	0.722
367	0.714
368	0.488
369	0.466
370	0.255
371	0.199
372	0.067
373	0.087
374	0.044
375	0.11
376	0.217
377	0.171
378	0.177
379	0.085
380	0.165
381	0.267
382	0.34
383	0.518
384	0.566
385	0.581
386	0.357
387	0.221
388	0.157
389	0.098
390	0.212
391	0.195
392	0.283
393	0.226
394	0.17
395	0.136
396	0.06
397	0.028
398	0.003
399	0.025
400	0.034
401	0.085
402	0.138
403	0.107
404	0.125
405	0.069
406	0.096
407	0.068
408	0.229
409	0.319
410	0.557
411	0.765
412	1.191
413	1.168
414	1.096
415	0.743
416	0.412
417	0.393
418	0.17
419	0.143
420	0.104
421	0.13
422	0.124
423	0.126
424	0.122
425	0.116
426	0.13
427	0.168
428	0.146
429	0.084
430	0.088
431	0.066
432	0.066
433	0.052
434	0.06
435	0.074
436	0.161
437	0.293
438	0.481
439	0.586
440	0.483
441	0.231
442	0.227
443	0.097
444	0.136
445	0.071
446	0.168
447	0.123
448	0.035
449	0.02
450	0.006
451	0.012
452	0.011
453	0.011
454	0.025
455	0.029
456	0.114
