index	fluctuation
1	0.223
2	0.21
3	0.045
4	0.033
5	0.071
6	0.112
7	0.203
8	0.318
9	0.501
10	0.283
11	0.311
12	0.274
13	0.145
14	0.067
15	0.02
16	0.024
17	0.036
18	0.025
19	0.035
20	0.025
21	0.038
22	0.08
23	0.283
24	0.173
25	0.142
26	0.068
27	0.076
28	0.061
29	0.094
30	0.09
31	0.106
32	0.102
33	0.318
34	0.7
35	1.03
36	0.372
37	0.315
38	0.214
39	0.202
40	0.16
41	0.115
42	0.079
43	0.113
44	0.084
45	0.094
46	0.131
47	0.059
48	0.063
49	0.054
50	0.054
51	0.053
52	0.075
53	0.24
54	0.07
55	0.288
56	0.13
57	0.093
58	0.217
59	0.537
60	0.383
61	0.135
62	0.139
63	0.092
64	0.127
65	0.107
66	0.17
67	0.074
68	0.114
69	0.188
70	2.209
71	1.545
72	1.018
73	0.26
74	0.076
75	0.086
76	0.036
77	0.018
78	0.015
79	0.013
80	0.019
81	0.021
82	0.033
83	0.026
84	0.055
85	0.077
86	0.137
87	0.04
88	0.064
89	0.037
90	0.014
91	0.017
92	0.014
93	0.013
94	0.021
95	0.058
96	0.134
97	1.405
98	2.163
99	2.3
100	0.324
101	0.124
102	0.033
103	0.024
104	0.028
105	0.017
106	0.014
107	0.017
108	0.02
109	0.032
110	0.041
111	0.094
112	0.042
113	0.07
114	0.097
115	0.15
116	0.176
117	0.042
118	0.032
119	0.074
120	0.124
121	0.205
122	0.314
123	0.545
124	0.328
125	0.346
126	0.283
127	0.144
128	0.077
129	0.02
130	0.024
131	0.038
132	0.023
133	0.033
134	0.024
135	0.035
136	0.077
137	0.228
138	0.188
139	0.16
140	0.07
141	0.078
142	0.062
143	0.095
144	0.083
145	0.1
146	0.115
147	0.48
148	0.732
149	0.78
150	0.3
151	0.295
152	0.18
153	0.193
154	0.159
155	0.103
156	0.076
157	0.118
158	0.083
159	0.088
160	0.119
161	0.053
162	0.056
163	0.05
164	0.046
165	0.052
166	0.088
167	0.22
168	0.077
169	0.285
170	0.144
171	0.104
172	0.283
173	0.632
174	0.4
175	0.142
176	0.143
177	0.091
178	0.109
179	0.097
180	0.163
181	0.073
182	0.112
183	0.179
184	2.045
185	1.453
186	1.015
187	0.245
188	0.083
189	0.084
190	0.04
191	0.018
192	0.015
193	0.013
194	0.02
195	0.022
196	0.033
197	0.026
198	0.055
199	0.071
200	0.108
201	0.035
202	0.051
203	0.038
204	0.014
205	0.015
206	0.014
207	0.013
208	0.022
209	0.057
210	0.145
211	1.456
212	2.197
213	2.565
214	0.399
215	0.137
216	0.035
217	0.024
218	0.027
219	0.017
220	0.015
221	0.016
222	0.019
223	0.034
224	0.045
225	0.102
226	0.045
227	0.084
228	0.099
229	0.29
230	0.226
231	0.042
232	0.031
233	0.07
234	0.118
235	0.196
236	0.305
237	0.527
238	0.313
239	0.335
240	0.277
241	0.142
242	0.069
243	0.02
244	0.024
245	0.035
246	0.024
247	0.036
248	0.025
249	0.037
250	0.078
251	0.258
252	0.184
253	0.153
254	0.071
255	0.08
256	0.063
257	0.094
258	0.087
259	0.107
260	0.115
261	0.543
262	0.788
263	0.919
264	0.361
265	0.315
266	0.213
267	0.195
268	0.153
269	0.118
270	0.085
271	0.129
272	0.084
273	0.089
274	0.119
275	0.056
276	0.06
277	0.053
278	0.055
279	0.051
280	0.074
281	0.242
282	0.073
283	0.283
284	0.141
285	0.099
286	0.249
287	0.602
288	0.372
289	0.139
290	0.149
291	0.098
292	0.127
293	0.102
294	0.166
295	0.075
296	0.116
297	0.181
298	2.138
299	1.403
300	1.085
301	0.258
302	0.083
303	0.085
304	0.036
305	0.017
306	0.015
307	0.013
308	0.018
309	0.02
310	0.035
311	0.026
312	0.052
313	0.067
314	0.083
315	0.03
316	0.048
317	0.036
318	0.014
319	0.016
320	0.014
321	0.013
322	0.021
323	0.055
324	0.154
325	1.463
326	2.441
327	2.151
328	0.291
329	0.115
330	0.031
331	0.023
332	0.027
333	0.016
334	0.014
335	0.015
336	0.018
337	0.031
338	0.042
339	0.094
340	0.044
341	0.077
342	0.079
343	0.367
344	0.233
345	0.041
346	0.032
347	0.079
348	0.143
349	0.228
350	0.342
351	0.556
352	0.315
353	0.33
354	0.277
355	0.143
356	0.076
357	0.02
358	0.023
359	0.034
360	0.023
361	0.033
362	0.024
363	0.034
364	0.067
365	0.251
366	0.182
367	0.149
368	0.069
369	0.077
370	0.061
371	0.105
372	0.088
373	0.106
374	0.114
375	0.496
376	0.816
377	0.875
378	0.366
379	0.314
380	0.205
381	0.205
382	0.149
383	0.118
384	0.089
385	0.132
386	0.085
387	0.089
388	0.109
389	0.054
390	0.055
391	0.051
392	0.05
393	0.051
394	0.07
395	0.22
396	0.069
397	0.29
398	0.147
399	0.103
400	0.255
401	0.606
402	0.391
403	0.151
404	0.155
405	0.103
406	0.127
407	0.107
408	0.167
409	0.071
410	0.117
411	0.192
412	1.988
413	1.703
414	1.121
415	0.262
416	0.086
417	0.089
418	0.036
419	0.017
420	0.015
421	0.014
422	0.022
423	0.022
424	0.034
425	0.027
426	0.054
427	0.067
428	0.104
429	0.035
430	0.051
431	0.037
432	0.014
433	0.015
434	0.014
435	0.013
436	0.02
437	0.056
438	0.174
439	1.795
440	2.972
441	1.789
442	0.303
443	0.104
444	0.03
445	0.023
446	0.026
447	0.016
448	0.014
449	0.017
450	0.019
451	0.033
452	0.042
453	0.103
454	0.044
455	0.078
456	0.095
