index	1uld_A	1ovs_A
1	0.029	nan
2	0.013	nan
3	0.011	nan
4	0.007	nan
5	0.007	nan
6	0.005	nan
7	0.006	nan
8	0.006	nan
9	nan	31.627
10	nan	4.515
11	0.006	0.179
12	0.005	0.088
13	0.008	0.098
14	0.007	0.162
15	0.011	0.12
16	0.042	0.159
17	0.032	0.246
18	0.008	nan
19	0.006	nan
20	0.009	nan
21	0.005	nan
22	0.008	nan
23	0.004	nan
24	0.005	nan
25	0.005	nan
26	0.005	nan
27	0.006	nan
28	0.006	nan
29	0.004	nan
30	0.009	nan
31	0.007	nan
32	0.009	nan
33	0.01	nan
34	0.035	nan
35	0.04	0.108
36	0.009	0.118
37	nan	0.135
38	0.008	0.071
39	0.006	0.069
40	0.005	0.063
41	0.008	0.064
42	0.004	0.08
43	0.004	0.051
44	0.002	0.045
45	0.002	0.03
46	0.002	0.042
47	0.019	0.087
48	0.028	nan
49	0.009	nan
50	0.004	nan
51	0.003	0.203
52	nan	0.18
53	0.002	0.083
54	0.003	0.041
55	0.003	0.046
56	0.004	0.049
57	0.004	0.058
58	0.004	0.052
59	0.006	0.047
60	0.011	0.046
61	0.039	0.128
62	0.022	0.259
63	0.008	0.328
64	0.005	0.128
65	0.005	nan
66	0.005	0.144
67	0.004	0.152
68	0.009	0.1
69	0.004	0.091
70	0.013	0.077
71	0.012	0.078
72	0.045	nan
73	0.466	nan
74	0.09	nan
75	0.261	nan
76	0.047	nan
77	nan	0.085
78	nan	0.087
79	nan	0.106
80	0.06	0.29
81	0.129	nan
82	0.026	0.137
83	0.014	0.183
84	0.017	0.08
85	0.02	0.076
86	0.015	0.089
87	0.008	0.109
88	0.026	0.229
89	0.027	nan
90	0.009	nan
91	0.01	nan
92	nan	0.08
93	nan	0.164
94	nan	0.071
95	0.015	0.047
96	0.015	0.089
97	nan	0.218
98	0.011	0.167
99	0.008	0.051
100	0.008	0.061
101	nan	0.062
102	0.013	0.077
103	0.006	0.077
104	0.007	0.092
105	0.006	0.049
106	0.006	0.062
107	0.004	0.081
108	0.007	0.787
109	0.015	nan
110	nan	0.654
111	nan	0.335
112	nan	0.116
113	0.017	0.063
114	0.007	0.081
115	0.005	0.076
116	0.005	0.068
117	0.006	0.079
118	0.009	0.299
119	0.009	0.166
120	0.009	0.491
121	nan	0.659
122	0.017	2.333
123	nan	10.201
124	nan	6.865
125	nan	3.276
126	nan	0.694
127	nan	0.172
128	0.045	0.094
129	0.094	0.067
130	0.018	0.085
131	0.014	0.056
132	0.01	0.038
133	0.01	0.025
134	0.009	0.04
135	0.014	0.083
136	0.015	nan
137	0.014	0.809
138	0.025	1.625
139	0.016	2.027
140	0.009	nan
141	0.002	nan
142	0.003	nan
143	0.005	nan
144	0.004	nan
145	0.005	nan
146	0.004	nan
147	0.005	nan
148	0.006	nan
149	0.035	nan
150	0.013	nan
151	0.005	0.447
152	0.004	0.469
153	0.007	0.047
154	0.007	0.047
155	0.008	0.029
156	0.005	0.026
157	0.007	0.042
158	0.006	0.065
159	0.007	0.071
160	0.006	0.068
161	0.006	0.095
162	0.009	0.132
163	0.012	0.288
164	0.015	nan
165	0.051	0.614
166	0.218	nan
167	1.385	nan
168	2.852	nan
169	9.716	nan
170	34.103	nan
171	49.069	nan
172	nan	21.83
