index	1uld_A	1ovs_A
1	72995.331	nan
2	85341.131	nan
3	90393.468	nan
4	98667.947	nan
5	136700.199	nan
6	106575.656	nan
7	134951.888	nan
8	98041.225	nan
9	nan	34275.312
10	nan	51844.601
11	94750.43	91261.332
12	111423.024	168995.3
13	122631.285	111450.802
14	93210.166	104832.545
15	116147.599	104631.813
16	64139.911	117746.504
17	75425.261	91686.423
18	112376.774	nan
19	131610.016	nan
20	117983.174	nan
21	117412.252	nan
22	103221.826	nan
23	147084.456	nan
24	147702.153	nan
25	165784.904	nan
26	151286.909	nan
27	136376.385	nan
28	117926.443	nan
29	157667.031	nan
30	109116.918	nan
31	130440.988	nan
32	109607.797	nan
33	103252.819	nan
34	90803.545	nan
35	62952.728	120151.193
36	132998.747	93698.014
37	nan	113420.125
38	139148.359	98827.114
39	130669.488	123114.241
40	150245.404	153409.599
41	139471.938	144127.82
42	126829.901	131598.213
43	144940.584	186485.047
44	144031.603	137592.554
45	160539.832	201022.597
46	154025.985	136338.933
47	107651.925	137793.646
48	91212.081	nan
49	101979.786	nan
50	137646.614	nan
51	158220.411	85079.117
52	nan	127208.803
53	159932.831	119878.242
54	153452.552	157272.045
55	133384.076	146903.213
56	140275.429	167348.206
57	147967.136	130301.601
58	144245.337	154860.843
59	120984.49	133463.918
60	126306.721	151531.781
61	91064.634	108933.87
62	72422.108	80316.913
63	101200.898	75688.617
64	127279.564	98725.242
65	137574.984	nan
66	134006.355	115648.327
67	121906.759	117980.689
68	131823.389	108528.495
69	160661.816	110624.567
70	113019.007	118436.585
71	107894.248	149316.286
72	87084.709	nan
73	55161.215	nan
74	81893.309	nan
75	73509.971	nan
76	72349.913	nan
77	nan	114464.285
78	nan	129020.957
79	nan	101025.384
80	97467.443	73697.164
81	59374.706	nan
82	78292.052	99835.015
83	81192.88	114120.439
84	80281.242	114548.448
85	95710.614	126239.632
86	102094.902	142336.214
87	101723.682	100582.746
88	95197.497	85376.476
89	69900.881	nan
90	113783.376	nan
91	110004.964	nan
92	nan	93328.051
93	nan	109463.738
94	nan	120783.493
95	89144.22	161726.686
96	100234.403	139416.278
97	nan	86595.219
98	92175.215	99558.621
99	109978.114	159066.697
100	141931.79	122293.27
101	nan	162848.667
102	143128.101	128870.577
103	130466.236	158053.777
104	134888.0	127312.32
105	149932.506	161504.052
106	143742.59	148601.814
107	148302.891	130112.727
108	94312.404	68231.114
109	107686.254	nan
110	nan	77516.61
111	nan	67727.441
112	nan	96830.074
113	78253.412	144017.515
114	106226.923	102838.777
115	131508.808	128703.041
116	125188.556	114984.24
117	135638.438	128089.753
118	111287.059	108385.83
119	120741.077	89617.221
120	110760.932	86671.797
121	nan	86071.737
122	76515.789	68768.651
123	nan	50132.137
124	nan	52831.338
125	nan	61037.631
126	nan	85727.982
127	nan	114240.605
128	92904.315	108387.598
129	64747.746	162122.598
130	94848.594	132223.165
131	100672.04	157034.764
132	83712.1	182136.184
133	98071.425	173863.225
134	96321.382	131047.508
135	107246.711	124091.034
136	80247.647	nan
137	99476.587	99914.909
138	68699.871	56175.362
139	91549.578	55815.414
140	120100.211	nan
141	178811.618	nan
142	151124.296	nan
143	165222.231	nan
144	149485.655	nan
145	164316.81	nan
146	127384.126	nan
147	120972.035	nan
148	143008.225	nan
149	69715.113	nan
150	96510.404	nan
151	153866.756	78038.059
152	145581.291	79158.539
153	136812.987	107214.628
154	140803.629	132852.762
155	123189.534	166657.201
156	124661.548	221512.152
157	153336.577	161298.973
158	129962.522	162509.104
159	142939.153	137203.68
160	117792.334	143719.905
161	138526.963	130391.292
162	108684.12	101123.427
163	124717.877	97492.25
164	87813.187	nan
165	79058.625	69622.425
166	63783.494	nan
167	42940.68	nan
168	45462.886	nan
169	42579.744	nan
170	33358.539	nan
171	28392.166	nan
172	nan	38210.971
